#Surfing Trial Path#
#TimeStamp#	#Collision Event#	#Mode Switch Event#	#Reset Event#	#Waypoint Event#	#PositionX#	#PositionY#	#PositionZ#	#OrientationX#	#OrientationY#	#OrientationZ#	#OrientationW#	#HeadOrientationX#	#HeadOrientationY#	#HeadOrientationZ#	#WayPointX#	#WayPointY#	#WayPointZ#	
182.6822	COLLISION_NONE	CORRECT_SWITCH	NOT_RESET	NOT_WAYPOINT	-303.336	1.71468	-331.6995	0	0	0	1	-0.01791143	0.2831726	-0.01706696	-315	0.6118915	-331.6995	
182.7022	COLLISION_NONE	NOT_SWITCH	NOT_RESET	NOT_WAYPOINT	-303.7166	1.782936	-331.5661	0	0	0	1	-0.01791143	0.2831726	-0.01706696	-315	0.612857	-331.5661	
182.7222	COLLISION_NONE	NOT_SWITCH	NOT_RESET	NOT_WAYPOINT	-304.128	1.796587	-331.4218	0	0	0	1	-0.02140665	0.2793884	-0.02050161	-315	0.6139028	-331.4218	
182.7422	COLLISION_NONE	NOT_SWITCH	NOT_RESET	NOT_WAYPOINT	-304.5085	1.799317	-331.242	0	0	0	1	-0.03143167	0.3005981	-0.01125717	-315	0.6152095	-331.242	
182.7622	COLLISION_NONE	NOT_SWITCH	NOT_RESET	NOT_WAYPOINT	-304.8629	1.799863	-331.0388	0	0	0	1	-0.01412773	0.3014832	-0.003770828	-315	0.6166905	-331.0388	
182.7822	COLLISION_NONE	NOT_SWITCH	NOT_RESET	NOT_WAYPOINT	-305.1943	1.800088	-330.8176	0	0	0	1	-0.01412773	0.3014832	-0.003770828	-315	0.6183074	-330.8176	
182.8022	COLLISION_NONE	NOT_SWITCH	NOT_RESET	NOT_WAYPOINT	-305.5258	1.800312	-330.5964	0	0	0	1	-0.006943703	0.29776	-0.01027012	-315	0.6199296	-330.5964	
182.8222	COLLISION_NONE	NOT_SWITCH	NOT_RESET	NOT_WAYPOINT	-305.829	1.80049	-330.3572	0	0	0	1	-0.01073408	0.2944794	-0.00323534	-315	0.6216899	-330.3572	
182.8422	COLLISION_NONE	NOT_SWITCH	NOT_RESET	NOT_WAYPOINT	-306.1075	1.80063	-330.1039	0	0	0	1	-0.01073408	0.2944794	-0.00323534	-315	0.6235604	-330.1039	
182.8622	COLLISION_NONE	NOT_SWITCH	NOT_RESET	NOT_WAYPOINT	-306.3859	1.800769	-329.8507	0	0	0	1	-0.01459742	0.2763367	-0.01304007	-315	0.6254377	-329.8507	
182.8822	COLLISION_NONE	NOT_SWITCH	NOT_RESET	NOT_WAYPOINT	-306.6338	1.800864	-329.5848	0	0	0	1	-0.01459742	0.2763367	-0.01304007	-315	0.627416	-329.5848	
182.9023	COLLISION_NONE	NOT_SWITCH	NOT_RESET	NOT_WAYPOINT	-306.8817	1.800959	-329.3189	0	0	0	1	-0.002970219	0.2969589	-0.03123426	-315	0.6294019	-329.3189	
182.9223	COLLISION_NONE	NOT_SWITCH	NOT_RESET	NOT_WAYPOINT	-307.0962	1.80101	-329.0451	0	0	0	1	-0.01084757	0.2758789	-0.02702713	-315	0.6314559	-329.0451	
182.9423	COLLISION_NONE	NOT_SWITCH	NOT_RESET	NOT_WAYPOINT	-307.2854	1.801028	-328.7681	0	0	0	1	-0.0146451	0.2689896	-0.01971245	-315	0.6335418	-328.7681	
182.9623	COLLISION_NONE	NOT_SWITCH	NOT_RESET	NOT_WAYPOINT	-307.4548	1.801025	-328.492	0	0	0	1	-0.01887417	0.2551956	-0.01221943	-315	0.6356293	-328.492	
182.9823	COLLISION_NONE	NOT_SWITCH	NOT_RESET	NOT_WAYPOINT	-307.6102	1.801008	-328.2206	0	0	0	1	-0.01887417	0.2551956	-0.01221943	-315	0.6376892	-328.2206	
183.0023	COLLISION_NONE	NOT_SWITCH	NOT_RESET	NOT_WAYPOINT	-307.7656	1.800992	-327.9492	0	0	0	1	-0.02615118	0.2442932	-0.01544714	-315	0.6397574	-327.9492	
183.0223	COLLISION_NONE	NOT_SWITCH	NOT_RESET	NOT_WAYPOINT	-307.9105	1.800972	-327.69	0	0	0	1	-0.007829189	0.2620316	-0.02269745	-315	0.6417407	-327.69	
183.0423	COLLISION_NONE	NOT_SWITCH	NOT_RESET	NOT_WAYPOINT	-308.0523	1.800953	-327.4362	0	0	0	1	-0.007829189	0.2620316	-0.02269745	-315	0.6436901	-327.4362	
183.0623	COLLISION_NONE	NOT_SWITCH	NOT_RESET	NOT_WAYPOINT	-308.1941	1.800933	-327.1824	0	0	0	1	-0.01916409	0.2556992	-0.001749039	-315	0.6456468	-327.1824	
183.0823	COLLISION_NONE	NOT_SWITCH	NOT_RESET	NOT_WAYPOINT	-308.3302	1.800915	-326.9388	0	0	0	1	-0.01572704	0.2484665	-0.008322716	-315	0.6475319	-326.9388	
183.1023	COLLISION_NONE	NOT_SWITCH	NOT_RESET	NOT_WAYPOINT	-308.4636	1.800896	-326.7	0	0	0	1	-0.01823997	0.2690506	-0.01632166	-315	0.6493861	-326.7	
183.1223	COLLISION_NONE	NOT_SWITCH	NOT_RESET	NOT_WAYPOINT	-308.5943	1.800879	-326.466	0	0	0	1	-0.01823997	0.2690506	-0.01632166	-315	0.6512094	-326.466	
183.1423	COLLISION_NONE	NOT_SWITCH	NOT_RESET	NOT_WAYPOINT	-308.7251	1.800861	-326.232	0	0	0	1	-0.008081913	0.2662125	-0.008889198	-315	0.6530393	-326.232	
183.1623	COLLISION_NONE	NOT_SWITCH	NOT_RESET	NOT_WAYPOINT	-308.8506	1.800843	-326.0073	0	0	0	1	-0.004146576	0.272995	-0.01607656	-315	0.6548017	-326.0073	
183.1823	COLLISION_NONE	NOT_SWITCH	NOT_RESET	NOT_WAYPOINT	-308.9735	1.800827	-325.7872	0	0	0	1	0.003415108	0.2797241	-0.02664948	-315	0.6565346	-325.7872	
183.2023	COLLISION_NONE	NOT_SWITCH	NOT_RESET	NOT_WAYPOINT	-309.0941	1.80081	-325.5714	0	0	0	1	0.003415108	0.2797241	-0.02664948	-315	0.6582384	-325.5714	
183.2223	COLLISION_NONE	NOT_SWITCH	NOT_RESET	NOT_WAYPOINT	-309.2146	1.800793	-325.3557	0	0	0	1	0.004606247	0.3073578	-0.03847122	-315	0.6599475	-325.3557	
183.2423	COLLISION_NONE	NOT_SWITCH	NOT_RESET	NOT_WAYPOINT	-309.3303	1.800778	-325.1486	0	0	0	1	0.01864481	0.300293	-0.04822922	-315	0.6615936	-325.1486	
183.2623	COLLISION_NONE	NOT_SWITCH	NOT_RESET	NOT_WAYPOINT	-309.4437	1.800762	-324.9456	0	0	0	1	0.003467083	0.2982559	-0.006475449	-315	0.6632114	-324.9456	
183.2823	COLLISION_NONE	NOT_SWITCH	NOT_RESET	NOT_WAYPOINT	-309.5548	1.800747	-324.7467	0	0	0	1	0.003467083	0.2982559	-0.006475449	-315	0.664802	-324.7467	
183.3023	COLLISION_NONE	NOT_SWITCH	NOT_RESET	NOT_WAYPOINT	-309.666	1.800732	-324.5478	0	0	0	1	0.007102489	0.3167267	0.0103116	-315	0.6663969	-324.5478	
183.3223	COLLISION_NONE	NOT_SWITCH	NOT_RESET	NOT_WAYPOINT	-309.7726	1.800717	-324.3568	0	0	0	1	0.003135681	0.3099442	0.01749372	-315	0.6679325	-324.3568	
183.3423	COLLISION_NONE	NOT_SWITCH	NOT_RESET	NOT_WAYPOINT	-309.8772	1.800703	-324.1697	0	0	0	1	0.003721237	0.3313065	0.02355862	-315	0.6694418	-324.1697	
183.3624	COLLISION_NONE	NOT_SWITCH	NOT_RESET	NOT_WAYPOINT	-309.9796	1.800689	-323.9863	0	0	0	1	0.003721237	0.3313065	0.02355862	-315	0.6709248	-323.9863	
183.3824	COLLISION_NONE	NOT_SWITCH	NOT_RESET	NOT_WAYPOINT	-310.0821	1.800674	-323.8029	0	0	0	1	0.003721237	0.3313065	0.02355862	-315	0.672412	-323.8029	
183.4024	COLLISION_NONE	NOT_SWITCH	NOT_RESET	NOT_WAYPOINT	-310.1845	1.80066	-323.6196	0	0	0	1	0.02529764	0.3421402	0.01673603	-315	0.673903	-323.6196	
183.4224	COLLISION_NONE	NOT_SWITCH	NOT_RESET	NOT_WAYPOINT	-310.2809	1.800647	-323.4472	0	0	0	1	0.03666115	0.3484726	-0.004198074	-315	0.6753086	-323.4472	
183.4424	COLLISION_NONE	NOT_SWITCH	NOT_RESET	NOT_WAYPOINT	-310.3752	1.800634	-323.2782	0	0	0	1	0.02568579	0.3414688	0.002775192	-315	0.6766893	-323.2782	
183.4624	COLLISION_NONE	NOT_SWITCH	NOT_RESET	NOT_WAYPOINT	-310.4677	1.800622	-323.1127	0	0	0	1	0.02580547	0.3301239	-0.01421738	-315	0.6780461	-323.1127	
183.4824	COLLISION_NONE	NOT_SWITCH	NOT_RESET	NOT_WAYPOINT	-310.5584	1.800609	-322.9504	0	0	0	1	0.02580547	0.3301239	-0.01421738	-315	0.6793789	-322.9504	
183.5024	COLLISION_NONE	NOT_SWITCH	NOT_RESET	NOT_WAYPOINT	-310.649	1.800597	-322.7881	0	0	0	1	0.0291748	0.3267212	-0.01396275	-315	0.6807148	-322.7881	
183.5224	COLLISION_NONE	NOT_SWITCH	NOT_RESET	NOT_WAYPOINT	-310.736	1.800585	-322.6324	0	0	0	1	0.03227758	0.3274994	9.918213E-05	-315	0.6820004	-322.6324	
183.5424	COLLISION_NONE	NOT_SWITCH	NOT_RESET	NOT_WAYPOINT	-310.8213	1.800573	-322.4797	0	0	0	1	0.03227758	0.3274994	9.918213E-05	-315	0.6832634	-322.4797	
183.5624	COLLISION_NONE	NOT_SWITCH	NOT_RESET	NOT_WAYPOINT	-310.9066	1.800561	-322.3271	0	0	0	1	0.0387969	0.3210449	0.007584572	-315	0.684529	-322.3271	
183.5824	COLLISION_NONE	NOT_SWITCH	NOT_RESET	NOT_WAYPOINT	-310.9884	1.80055	-322.1805	0	0	0	1	0.04527569	0.3220901	0.02523804	-315	0.6857467	-322.1805	
183.6024	COLLISION_NONE	NOT_SWITCH	NOT_RESET	NOT_WAYPOINT	-311.0687	1.800539	-322.0369	0	0	0	1	0.03793383	0.315033	0.02882862	-315	0.6869429	-322.0369	
183.6224	COLLISION_NONE	NOT_SWITCH	NOT_RESET	NOT_WAYPOINT	-311.1473	1.800529	-321.8962	0	0	0	1	0.0373888	0.3160934	0.05338526	-315	0.6881175	-321.8962	
183.6424	COLLISION_NONE	NOT_SWITCH	NOT_RESET	NOT_WAYPOINT	-311.2243	1.800518	-321.7583	0	0	0	1	0.0373888	0.3160934	0.05338526	-315	0.6892709	-321.7583	
183.6624	COLLISION_NONE	NOT_SWITCH	NOT_RESET	NOT_WAYPOINT	-311.3014	1.800507	-321.6204	0	0	0	1	0.04713154	0.3102341	0.07144356	-315	0.6904267	-321.6204	
183.6824	COLLISION_NONE	NOT_SWITCH	NOT_RESET	NOT_WAYPOINT	-311.3754	1.800497	-321.4879	0	0	0	1	0.04713154	0.3102341	0.07144356	-315	0.6915387	-321.4879	
183.7024	COLLISION_NONE	NOT_SWITCH	NOT_RESET	NOT_WAYPOINT	-311.4493	1.800487	-321.3555	0	0	0	1	0.02257347	0.3021469	0.06405592	-315	0.6926527	-321.3555	
183.7224	COLLISION_NONE	NOT_SWITCH	NOT_RESET	NOT_WAYPOINT	-311.5204	1.800477	-321.2284	0	0	0	1	0.04432487	0.3052979	0.04357386	-315	0.6937245	-321.2284	
183.7424	COLLISION_NONE	NOT_SWITCH	NOT_RESET	NOT_WAYPOINT	-311.5899	1.800468	-321.1039	0	0	0	1	0.01613951	0.2860031	0.02245903	-315	0.6947765	-321.1039	
183.7624	COLLISION_NONE	NOT_SWITCH	NOT_RESET	NOT_WAYPOINT	-311.6581	1.800458	-320.9818	0	0	0	1	0.005685806	0.2781677	0.0119915	-315	0.6958096	-320.9818	
183.7824	COLLISION_NONE	NOT_SWITCH	NOT_RESET	NOT_WAYPOINT	-311.725	1.800449	-320.8622	0	0	0	1	0.005685806	0.2781677	0.0119915	-315	0.6968237	-320.8622	
183.8024	COLLISION_NONE	NOT_SWITCH	NOT_RESET	NOT_WAYPOINT	-311.7918	1.80044	-320.7425	0	0	0	1	0.01284075	0.2855606	0.01537752	-315	0.6978397	-320.7425	
183.8224	COLLISION_NONE	NOT_SWITCH	NOT_RESET	NOT_WAYPOINT	-311.856	1.800431	-320.6277	0	0	0	1	0.02321863	0.2972412	0.03267336	-315	0.6988167	-320.6277	
183.8425	COLLISION_NONE	NOT_SWITCH	NOT_RESET	NOT_WAYPOINT	-311.9189	1.800423	-320.5151	0	0	0	1	0.02321863	0.2972412	0.03267336	-315	0.699776	-320.5151	
183.8625	COLLISION_NONE	NOT_SWITCH	NOT_RESET	NOT_WAYPOINT	-311.9817	1.800414	-320.4026	0	0	0	1	0.01321125	0.3072662	0.02842188	-315	0.7007366	-320.4026	
183.8825	COLLISION_NONE	NOT_SWITCH	NOT_RESET	NOT_WAYPOINT	-312.0421	1.800406	-320.2945	0	0	0	1	0.02441549	0.3100891	0.007633209	-315	0.7016606	-320.2945	
183.9025	COLLISION_NONE	NOT_SWITCH	NOT_RESET	NOT_WAYPOINT	-312.1013	1.800398	-320.1886	0	0	0	1	0.0237751	0.3037491	0.02189922	-315	0.7025676	-320.1886	
183.9225	COLLISION_NONE	NOT_SWITCH	NOT_RESET	NOT_WAYPOINT	-312.1592	1.80039	-320.0849	0	0	0	1	0.0237751	0.3037491	0.02189922	-315	0.7034577	-320.0849	
183.9425	COLLISION_NONE	NOT_SWITCH	NOT_RESET	NOT_WAYPOINT	-312.2172	1.800382	-319.9811	0	0	0	1	0.02770615	0.3068619	0.01137877	-315	0.704349	-319.9811	
183.9625	COLLISION_NONE	NOT_SWITCH	NOT_RESET	NOT_WAYPOINT	-312.2729	1.800374	-319.8815	0	0	0	1	0.01017857	0.3026428	0.00753355	-315	0.7052062	-319.8815	
183.9825	COLLISION_NONE	NOT_SWITCH	NOT_RESET	NOT_WAYPOINT	-312.3274	1.800367	-319.7839	0	0	0	1	0.01021528	0.2951355	-0.002632141	-315	0.7060476	-319.7839	
184.0025	COLLISION_NONE	NOT_SWITCH	NOT_RESET	NOT_WAYPOINT	-312.3809	1.800359	-319.6882	0	0	0	1	0.01021528	0.2951355	-0.002632141	-315	0.7068733	-319.6882	
184.0225	COLLISION_NONE	NOT_SWITCH	NOT_RESET	NOT_WAYPOINT	-312.4343	1.800352	-319.5925	0	0	0	1	0.01021528	0.2951355	-0.002632141	-315	0.7076999	-319.5925	
184.0425	COLLISION_NONE	NOT_SWITCH	NOT_RESET	NOT_WAYPOINT	-312.4878	1.800344	-319.4969	0	0	0	1	0.02418423	0.2919006	-0.00556469	-315	0.708528	-319.4969	
184.0625	COLLISION_NONE	NOT_SWITCH	NOT_RESET	NOT_WAYPOINT	-312.538	1.800338	-319.4069	0	0	0	1	0.0187602	0.3225555	-0.02109623	-315	0.7093075	-319.4069	
184.0825	COLLISION_NONE	WAIT_SWITCH	NOT_RESET	NOT_WAYPOINT	-315	1.8	-315	0	0	0	1	0.01872349	0.3188858	-0.02443457	-315	0.74883	-315	
184.1025	COLLISION_NONE	NOT_SWITCH	NOT_RESET	NOT_WAYPOINT	-315.0482	1.8	-314.9137	0	0	0	1	0.01830101	0.3270645	-0.00030756	-315	0.749631	-314.9137	
184.1225	COLLISION_NONE	NOT_SWITCH	NOT_RESET	NOT_WAYPOINT	-315.0855	1.8	-314.8469	0	0	0	1	0.007771492	0.3379211	0.01288605	-315	0.7502513	-314.8469	
184.1425	COLLISION_NONE	NOT_SWITCH	NOT_RESET	NOT_WAYPOINT	-315.1119	1.8	-314.7997	0	0	0	1	-0.002933502	0.3452148	0.02261353	-315	0.75069	-314.7997	
184.1625	COLLISION_NONE	NOT_SWITCH	NOT_RESET	NOT_WAYPOINT	-315.1274	1.8	-314.772	0	0	0	1	0.01756859	0.3430939	0.04095936	-315	0.7509476	-314.772	
184.1825	COLLISION_NONE	NOT_SWITCH	NOT_RESET	NOT_WAYPOINT	-315.132	1.8	-314.7639	0	0	0	1	0.01064539	0.3353653	0.03059053	-315	0.7510231	-314.7639	
184.2025	COLLISION_NONE	NOT_SWITCH	NOT_RESET	NOT_WAYPOINT	-315.132	1.8	-314.7639	0	0	0	1	0.02437353	0.3176041	0.01780033	-315	0.7510231	-314.7639	
184.2225	COLLISION_NONE	NOT_SWITCH	NOT_RESET	NOT_WAYPOINT	-315.132	1.8	-314.7639	0	0	0	1	0.02799177	0.3287277	0.02791691	-315	0.7510231	-314.7639	
184.2425	COLLISION_NONE	NOT_SWITCH	NOT_RESET	NOT_WAYPOINT	-315.132	1.8	-314.7639	0	0	0	1	0.03184938	0.3393478	0.0275631	-315	0.7510231	-314.7639	
184.2625	COLLISION_NONE	NOT_SWITCH	NOT_RESET	NOT_WAYPOINT	-315.132	1.8	-314.7639	0	0	0	1	0.04620743	0.3317719	0.007336617	-315	0.7510231	-314.7639	
184.2825	COLLISION_NONE	NOT_SWITCH	NOT_RESET	NOT_WAYPOINT	-315.132	1.8	-314.7639	0	0	0	1	0.04542065	0.3255997	0.02508688	-315	0.7510231	-314.7639	
184.3026	COLLISION_NONE	NOT_SWITCH	NOT_RESET	NOT_WAYPOINT	-315.132	1.8	-314.7639	0	0	0	1	0.04541731	0.3219223	0.02174997	-315	0.7510231	-314.7639	
184.3226	COLLISION_NONE	NOT_SWITCH	NOT_RESET	NOT_WAYPOINT	-315.132	1.8	-314.7639	0	0	0	1	0.05878019	0.3160782	0.04003572	-315	0.7510231	-314.7639	
184.3426	COLLISION_NONE	NOT_SWITCH	NOT_RESET	NOT_WAYPOINT	-315.132	1.8	-314.7639	0	0	0	1	0.06237745	0.3160172	0.03664732	-315	0.7510231	-314.7639	
184.3626	COLLISION_NONE	NOT_SWITCH	NOT_RESET	NOT_WAYPOINT	-315.132	1.8	-314.7639	0	0	0	1	0.06207275	0.3128433	0.04378176	-315	0.7510231	-314.7639	
184.3826	COLLISION_NONE	NOT_SWITCH	NOT_RESET	NOT_WAYPOINT	-315.132	1.8	-314.7639	0	0	0	1	0.06269884	0.330368	0.04302549	-315	0.7510231	-314.7639	
184.4026	COLLISION_NONE	NOT_SWITCH	NOT_RESET	NOT_WAYPOINT	-315.132	1.8	-314.7639	0	0	0	1	0.06698179	0.3512802	0.0351119	-315	0.7510231	-314.7639	
184.4226	COLLISION_NONE	NOT_SWITCH	NOT_RESET	NOT_WAYPOINT	-315.132	1.8	-314.7639	0	0	0	1	0.07015228	0.337265	0.03594732	-315	0.7510231	-314.7639	
184.4426	COLLISION_NONE	NOT_SWITCH	NOT_RESET	NOT_WAYPOINT	-315.132	1.8	-314.7639	0	0	0	1	0.05613041	0.3552933	0.05210519	-315	0.7510231	-314.7639	
184.4626	COLLISION_NONE	NOT_SWITCH	NOT_RESET	NOT_WAYPOINT	-315.132	1.8	-314.7639	0	0	0	1	0.05613041	0.3552933	0.05210519	-315	0.7510231	-314.7639	
184.4826	COLLISION_NONE	NOT_SWITCH	NOT_RESET	NOT_WAYPOINT	-315.132	1.8	-314.7639	0	0	0	1	0.04510117	0.3372726	0.04906273	-315	0.7510231	-314.7639	
184.5026	COLLISION_NONE	NOT_SWITCH	NOT_RESET	NOT_WAYPOINT	-315.132	1.8	-314.7639	0	0	0	1	0.04546928	0.3441162	0.04527044	-315	0.7510231	-314.7639	
184.5226	COLLISION_NONE	NOT_SWITCH	NOT_RESET	NOT_WAYPOINT	-315.132	1.8	-314.7639	0	0	0	1	0.0496006	0.3469009	0.0277729	-315	0.7510231	-314.7639	
184.5426	COLLISION_NONE	NOT_SWITCH	NOT_RESET	NOT_WAYPOINT	-315.132	1.8	-314.7639	0	0	0	1	0.03936958	0.3572617	0.0304985	-315	0.7510231	-314.7639	
184.5626	COLLISION_NONE	NOT_SWITCH	NOT_RESET	NOT_WAYPOINT	-315.132	1.8	-314.7639	0	0	0	1	0.06180143	0.3741074	0.002440453	-315	0.7510231	-314.7639	
184.5826	COLLISION_NONE	NOT_SWITCH	NOT_RESET	NOT_WAYPOINT	-315.132	1.8	-314.7639	0	0	0	1	0.06520224	0.3707047	0.002696991	-315	0.7510231	-314.7639	
184.6026	COLLISION_NONE	NOT_SWITCH	NOT_RESET	NOT_WAYPOINT	-315.132	1.8	-314.7639	0	0	0	1	0.06515026	0.3818893	0.01620245	-315	0.7510231	-314.7639	
184.6226	COLLISION_NONE	NOT_SWITCH	NOT_RESET	NOT_WAYPOINT	-315.132	1.8	-314.7639	0	0	0	1	0.0549736	0.377388	0.002085686	-315	0.7510231	-314.7639	
184.6426	COLLISION_NONE	NOT_SWITCH	NOT_RESET	NOT_WAYPOINT	-315.132	1.8	-314.7639	0	0	0	1	0.05783415	0.3748245	0.01979017	-315	0.7510231	-314.7639	
184.6626	COLLISION_NONE	NOT_SWITCH	NOT_RESET	NOT_WAYPOINT	-315.132	1.8	-314.7639	0	0	0	1	0.0610652	0.3864441	0.04037714	-315	0.7510231	-314.7639	
184.6826	COLLISION_NONE	NOT_SWITCH	NOT_RESET	NOT_WAYPOINT	-315.132	1.8	-314.7639	0	0	0	1	0.05080414	0.3894577	0.03642416	-315	0.7510231	-314.7639	
184.7026	COLLISION_NONE	NOT_SWITCH	NOT_RESET	NOT_WAYPOINT	-315.132	1.8	-314.7639	0	0	0	1	0.03968763	0.3716125	0.03687143	-315	0.7510231	-314.7639	
184.7226	COLLISION_NONE	NOT_SWITCH	NOT_RESET	NOT_WAYPOINT	-315.132	1.8	-314.7639	0	0	0	1	0.04360342	0.3859024	0.03985882	-315	0.7510231	-314.7639	
184.7426	COLLISION_NONE	NOT_SWITCH	NOT_RESET	NOT_WAYPOINT	-315.132	1.8	-314.7639	0	0	0	1	0.02970743	0.3704529	0.01911306	-315	0.7510231	-314.7639	
184.7626	COLLISION_NONE	NOT_SWITCH	NOT_RESET	NOT_WAYPOINT	-315.132	1.8	-314.7639	0	0	0	1	0.0330801	0.3670578	0.01936722	-315	0.7510231	-314.7639	
184.7827	COLLISION_NONE	CORRECT_SWITCH	NOT_RESET	NOT_WAYPOINT	-315.132	1.8	-314.7639	0.00142405	0	0	0.999999	0.03642035	0.359993	0.01628447	-315	0.7510231	-314.7639	
184.8027	COLLISION_NONE	NOT_SWITCH	NOT_RESET	NOT_WAYPOINT	-315.132	1.8	-314.7639	0.00249766	0	0	0.9999969	0.04424191	0.3625488	-0.008092403	-315	0.7510231	-314.7639	
184.8227	COLLISION_NONE	NOT_SWITCH	NOT_RESET	NOT_WAYPOINT	-315.132	1.8	-314.7639	0.003377495	0	0	0.9999943	0.04422283	0.3700562	0.002078056	-315	0.7510231	-314.7639	
184.8427	COLLISION_NONE	NOT_SWITCH	NOT_RESET	NOT_WAYPOINT	-315.132	1.8	-314.7639	0.004852716	0	0	0.9999883	0.03695869	0.3628311	0.002172947	-315	0.7510231	-314.7639	
184.8627	COLLISION_NONE	NOT_SWITCH	NOT_RESET	NOT_WAYPOINT	-315.132	1.8	-314.7639	0.005572591	0	0	0.9999845	0.0120635	0.3551559	0.001627445	-315	0.7510231	-314.7639	
184.8827	COLLISION_NONE	NOT_SWITCH	NOT_RESET	NOT_WAYPOINT	-315.132	1.8	-314.7639	0.006275555	0	0	0.9999803	0.01201439	0.3626709	0.01179314	-315	0.7510231	-314.7639	
184.9027	COLLISION_NONE	NOT_SWITCH	NOT_RESET	NOT_WAYPOINT	-315.132	1.8	-314.7639	0.006945747	0	0	0.9999759	0.004406929	0.3449249	0.01235199	-315	0.7510231	-314.7639	
184.9227	COLLISION_NONE	NOT_SWITCH	NOT_RESET	NOT_WAYPOINT	-315.132	1.8	-314.7639	0.008333778	0	0	0.9999653	0.001004219	0.3483276	0.01209545	-315	0.7510231	-314.7639	
184.9427	COLLISION_NONE	NOT_SWITCH	NOT_RESET	NOT_WAYPOINT	-315.132	1.8	-314.7639	0.008333778	0	0	0.9999653	0.001004219	0.3483276	0.01209545	-315	0.7510231	-314.7639	
184.9627	COLLISION_NONE	NOT_SWITCH	NOT_RESET	NOT_WAYPOINT	-315.132	1.8	-314.7639	0.008998161	0	0	0.9999595	0.0003938675	0.3271942	0.01314068	-315	0.7510231	-314.7639	
184.9827	COLLISION_NONE	NOT_SWITCH	NOT_RESET	NOT_WAYPOINT	-315.132	1.8	-314.7639	0.009667611	0	0	0.9999533	0.00452137	0.3484344	0.01219893	-315	0.7510231	-314.7639	
185.0027	COLLISION_NONE	NOT_SWITCH	NOT_RESET	NOT_WAYPOINT	-315.132	1.8	-314.7639	0.01101284	0	0	0.9999394	0.01115274	0.3233414	-0.0003614426	-315	0.7510231	-314.7639	
185.0227	COLLISION_NONE	NOT_SWITCH	NOT_RESET	NOT_WAYPOINT	-315.132	1.8	-314.7639	0.01168671	0.0001453378	-1.698637E-06	0.9999317	0.01814651	0.3347397	0.01334667	-315	0.7510231	-314.7639	
185.0427	COLLISION_NONE	NOT_SWITCH	NOT_RESET	NOT_WAYPOINT	-315.132	1.8	-314.7639	0.01652553	0.0004368049	-7.219418E-06	0.9998634	-0.007802963	0.3029404	0.02447796	-315	0.7510231	-314.7639	
185.0627	COLLISION_NONE	NOT_SWITCH	NOT_RESET	NOT_WAYPOINT	-315.132	1.8	-314.7639	0.02261088	0.0008743339	-1.977452E-05	0.999744	-0.004652023	0.2850189	0.0148735	-315	0.7510231	-314.7639	
185.0827	COLLISION_NONE	NOT_SWITCH	NOT_RESET	NOT_WAYPOINT	-315.132	1.8	-314.7639	0.03517628	0.002145955	-7.553364E-05	0.9993789	-0.02229643	0.277298	0.01118708	-315	0.7510231	-314.7639	
185.1027	COLLISION_NONE	NOT_SWITCH	NOT_RESET	NOT_WAYPOINT	-315.132	1.8	-314.7639	0.03517628	0.002145955	-7.553364E-05	0.9993789	-0.02229643	0.277298	0.01118708	-315	0.7510231	-314.7639	
185.1227	COLLISION_NONE	NOT_SWITCH	NOT_RESET	NOT_WAYPOINT	-315.132	1.8	-314.7639	0.0487714	0.003939963	-0.0001923879	0.9988022	-0.02706861	0.2569962	0.02945805	-315	0.7510231	-314.7639	
185.1427	COLLISION_NONE	NOT_SWITCH	NOT_RESET	NOT_WAYPOINT	-315.132	1.8	-314.7639	0.05464098	0.005030243	-0.0002752721	0.9984934	-0.02336502	0.2679596	0.03607893	-315	0.7510231	-314.7639	
185.1627	COLLISION_NONE	NOT_SWITCH	NOT_RESET	NOT_WAYPOINT	-315.132	1.8	-314.7639	0.06099531	0.006253914	-0.0003821785	0.9981184	-0.005764008	0.2683334	0.03309011	-315	0.7510231	-314.7639	
185.1827	COLLISION_NONE	NOT_SWITCH	NOT_RESET	NOT_WAYPOINT	-315.132	1.8	-314.7639	0.0740087	0.009088272	-0.000674489	0.997216	-0.009609699	0.2650528	0.04012108	-315	0.7510231	-314.7639	
185.2027	COLLISION_NONE	NOT_SWITCH	NOT_RESET	NOT_WAYPOINT	-315.132	1.8	-314.7639	0.08176735	0.01070551	-0.0008783534	0.9965935	-0.008951187	0.2713928	0.02585602	-315	0.7510231	-314.7639	
185.2227	COLLISION_NONE	NOT_SWITCH	NOT_RESET	NOT_WAYPOINT	-315.132	1.8	-314.7639	0.08979386	0.01245695	-0.001123183	0.9958819	-0.004953861	0.2818527	0.0220089	-315	0.7510231	-314.7639	
185.2428	COLLISION_NONE	NOT_SWITCH	NOT_RESET	NOT_WAYPOINT	-315.132	1.8	-314.7639	0.09814583	0.01436116	-0.001416475	0.9950674	0.001502037	0.2792282	0.03632021	-315	0.7510231	-314.7639	
185.2628	COLLISION_NONE	NOT_SWITCH	NOT_RESET	NOT_WAYPOINT	-315.132	1.8	-314.7639	0.1060459	0.01643393	-0.001752876	0.9942239	0.004580498	0.2763367	0.04704475	-315	0.7510231	-314.7639	
185.2828	COLLISION_NONE	NOT_SWITCH	NOT_RESET	NOT_WAYPOINT	-315.132	1.8	-314.7639	0.1137218	0.01869723	-0.002140551	0.9933344	0.02954817	0.2838364	0.04408073	-315	0.7510231	-314.7639	
185.3028	COLLISION_NONE	NOT_SWITCH	NOT_RESET	NOT_WAYPOINT	-315.132	1.8	-314.7639	0.1288004	0.02380347	-0.003092555	0.99138	0.03717756	0.3015747	0.04352283	-315	0.7510231	-314.7639	
185.3228	COLLISION_NONE	NOT_SWITCH	NOT_RESET	NOT_WAYPOINT	-315.132	1.8	-314.7639	0.1362712	0.02666	-0.003668552	0.990306	0.02629757	0.2831573	0.0298934	-315	0.7510231	-314.7639	
185.3428	COLLISION_NONE	NOT_SWITCH	NOT_RESET	NOT_WAYPOINT	-315.132	1.8	-314.7639	0.1437173	0.02974298	-0.004321416	0.9891623	0.02677965	0.2935104	0.02594614	-315	0.7510231	-314.7639	
185.3628	COLLISION_NONE	NOT_SWITCH	NOT_RESET	NOT_WAYPOINT	-315.132	1.8	-314.7639	0.1566096	0.03636949	-0.005770985	0.9869739	0.03752375	0.2859879	0.009104252	-315	0.7510231	-314.7639	
185.3828	COLLISION_NONE	NOT_SWITCH	NOT_RESET	NOT_WAYPOINT	-315.132	1.8	-314.7639	0.1609692	0.03988205	-0.006510064	0.9861318	0.05541658	0.2934494	0.009431839	-315	0.7510231	-314.7639	
185.4028	COLLISION_NONE	NOT_SWITCH	NOT_RESET	NOT_WAYPOINT	-315.132	1.8	-314.7639	0.1649561	0.04350567	-0.007283489	0.9853141	0.0683794	0.2658463	0.01104355	-315	0.7510231	-314.7639	
185.4228	COLLISION_NONE	NOT_SWITCH	NOT_RESET	NOT_WAYPOINT	-315.132	1.8	-314.7639	0.1649561	0.04350567	-0.007283489	0.9853141	0.0683794	0.2658463	0.01104355	-315	0.7510231	-314.7639	
185.4428	COLLISION_NONE	NOT_SWITCH	NOT_RESET	NOT_WAYPOINT	-315.132	1.8	-314.7639	0.1705409	0.05107206	-0.008851622	0.9839864	0.08234882	0.2626114	0.008104801	-315	0.7510231	-314.7639	
185.4628	COLLISION_NONE	NOT_SWITCH	NOT_RESET	NOT_WAYPOINT	-315.132	1.8	-314.7639	0.1726875	0.05499892	-0.009658019	0.9833926	0.08234882	0.2626114	0.008104801	-315	0.7510231	-314.7639	
185.4828	COLLISION_NONE	NOT_SWITCH	NOT_RESET	NOT_WAYPOINT	-315.132	1.8	-314.7639	0.1748284	0.05901508	-0.01049837	0.9827726	0.06900311	0.2685242	-0.006556988	-315	0.7510231	-314.7639	
185.5028	COLLISION_NONE	NOT_SWITCH	NOT_RESET	NOT_WAYPOINT	-315.132	1.8	-314.7639	0.1783658	0.06730864	-0.01223081	0.9815832	0.06464052	0.2623978	0.01458263	-315	0.7510231	-314.7639	
185.5228	COLLISION_NONE	NOT_SWITCH	NOT_RESET	NOT_WAYPOINT	-315.132	1.8	-314.7639	0.1795811	0.07158862	-0.01310432	0.9810474	0.06715536	0.2381363	0.01923037	-315	0.7510231	-314.7639	
185.5428	COLLISION_NONE	NOT_SWITCH	NOT_RESET	NOT_WAYPOINT	-315.132	1.8	-314.7639	0.1802466	0.07594438	-0.01395973	0.9805859	0.06715536	0.2381363	0.01923037	-315	0.7510231	-314.7639	
185.5628	COLLISION_NONE	NOT_SWITCH	NOT_RESET	NOT_WAYPOINT	-315.1284	1.791219	-314.7411	0.1805447	0.08034468	-0.0147993	0.980168	0.06707621	0.2307892	0.01254988	-315	0.7512352	-314.7411	
185.5828	COLLISION_NONE	NOT_SWITCH	NOT_RESET	NOT_WAYPOINT	-315.1011	1.727221	-314.5755	0.1800944	0.08471304	-0.01556974	0.9798711	0.07684422	0.1953125	0.0005230904	-315	0.7527786	-314.5755	
185.6028	COLLISION_NONE	NOT_SWITCH	NOT_RESET	NOT_WAYPOINT	-315.0155	1.717477	-314.0843	0.1759165	0.08903233	-0.01597797	0.9802405	0.08718824	0.1921387	0.0009655952	-315	0.7573792	-314.0843	
185.6228	COLLISION_NONE	NOT_SWITCH	NOT_RESET	NOT_WAYPOINT	-314.8795	1.718596	-313.3401	0.1618987	0.09716735	-0.01602156	0.9818811	0.09076452	0.1884155	-0.005764961	-315	0.7644165	-313.3401	
185.6428	COLLISION_NONE	NOT_SWITCH	NOT_RESET	NOT_WAYPOINT	-314.6192	1.728666	-312.0447	0.150288	0.1008783	-0.01541732	0.9833613	0.07293367	0.1698456	-0.01596928	-315	0.7768586	-312.0447	
185.6628	COLLISION_NONE	NOT_SWITCH	NOT_RESET	NOT_WAYPOINT	-314.3471	1.738259	-310.7213	0.1322453	0.1074895	-0.01442755	0.985266	0.07299328	0.1771851	-0.009291649	-315	0.7898277	-310.7213	
185.6828	COLLISION_NONE	NOT_SWITCH	NOT_RESET	NOT_WAYPOINT	-313.9863	1.750842	-309.098	0.1242606	0.1104343	-0.01391766	0.9859868	0.06187677	0.1741714	0.008016586	-315	0.8061015	-309.098	
185.7029	COLLISION_NONE	NOT_SWITCH	NOT_RESET	NOT_WAYPOINT	-313.6242	1.757649	-307.4898	0.11654	0.1131503	-0.01336524	0.9866291	0.06219387	0.1885223	0.01439381	-315	0.8226318	-307.4898	
185.7229	COLLISION_NONE	NOT_SWITCH	NOT_RESET	NOT_WAYPOINT	-313.2527	1.762909	-305.8745	0.1089756	0.1156433	-0.01276553	0.9872122	0.04755116	0.1705627	0.01475763	-315	0.839657	-305.8745	
185.7429	COLLISION_NONE	NOT_SWITCH	NOT_RESET	NOT_WAYPOINT	-312.8689	1.767541	-304.2421	0.1014471	0.1179176	-0.01211071	0.9877537	0.0552702	0.1917419	0.01042795	-315	0.8573039	-304.2421	
185.7629	COLLISION_NONE	NOT_SWITCH	NOT_RESET	NOT_WAYPOINT	-312.4723	1.771797	-302.5894	0.09395505	0.119975	-0.01140622	0.9882552	0.05512142	0.1772919	0.004181862	-315	0.8756365	-302.5894	
185.7829	COLLISION_NONE	NOT_SWITCH	NOT_RESET	NOT_WAYPOINT	-312.0632	1.775728	-300.9156	0.07904096	0.1234453	-0.009864266	0.9891494	0.05471277	0.1779556	0.01813936	-315	0.8946967	-300.9156	
185.8029	COLLISION_NONE	NOT_SWITCH	NOT_RESET	NOT_WAYPOINT	-311.6239	1.781948	-299.1857	0.07159891	0.1248606	-0.009034323	0.9895463	0.06915474	0.1850739	0.01124811	-315	0.9149321	-299.1857	
185.8229	COLLISION_NONE	NOT_SWITCH	NOT_RESET	NOT_WAYPOINT	-311.1789	1.785557	-297.4444	0.06415606	0.1260639	-0.008170187	0.9899117	0.0654068	0.1667786	-0.002054691	-315	0.9358717	-297.4444	
185.8429	COLLISION_NONE	NOT_SWITCH	NOT_RESET	NOT_WAYPOINT	-310.7256	1.788411	-295.6858	0.049228	0.1277208	-0.006347312	0.9905674	0.09421873	0.1700134	-0.02585506	-315	0.9576183	-295.6858	
185.8629	COLLISION_NONE	NOT_SWITCH	NOT_RESET	NOT_WAYPOINT	-310.2497	1.792558	-293.8743	0.04177048	0.1280647	-0.005398607	0.9908711	0.09358644	0.1561584	-0.02176619	-315	0.9806702	-293.8743	
185.8829	COLLISION_NONE	NOT_SWITCH	NOT_RESET	NOT_WAYPOINT	-309.7708	1.794822	-292.0521	0.04177048	0.1280647	-0.005398607	0.9908711	0.09358644	0.1561584	-0.02176619	-315	1.004548	-292.0521	
185.9029	COLLISION_NONE	NOT_SWITCH	NOT_RESET	NOT_WAYPOINT	-309.2915	1.795275	-290.2289	0.01311674	0.1274152	-0.001685156	0.9917613	0.06514311	0.1597672	-0.001750946	-315	1.029155	-290.2289	
185.9229	COLLISION_NONE	NOT_SWITCH	NOT_RESET	NOT_WAYPOINT	-308.7979	1.798691	-288.34	0.0003680378	0.1264901	-4.693009E-05	0.9919679	0.06615114	0.1841354	-0.006298065	-315	1.055431	-288.34	
185.9429	COLLISION_NONE	NOT_SWITCH	NOT_RESET	NOT_WAYPOINT	-308.3157	1.799738	-286.4801	-0.01302511	0.1252399	0.001644353	0.9920396	0.06578207	0.1661148	-0.01601458	-315	1.082108	-286.4801	
185.9629	COLLISION_NONE	NOT_SWITCH	NOT_RESET	NOT_WAYPOINT	-307.8478	1.8367	-284.6613	-0.03403511	0.1221021	0.004189589	0.991925	0.06206656	0.1701736	-0.002299786	-315	1.108999	-284.6613	
185.9829	COLLISION_NONE	NOT_SWITCH	NOT_RESET	NOT_WAYPOINT	-307.4009	1.945139	-282.8855	-0.04346503	0.1202281	0.005269028	0.9917803	0.06174278	0.1558228	-0.008675575	-315	1.136045	-282.8855	
186.0029	COLLISION_NONE	NOT_SWITCH	NOT_RESET	NOT_WAYPOINT	-306.9561	2.061898	-281.1112	-0.05223963	0.1181554	0.006224681	0.9916005	0.062397	0.1658401	-0.01960087	-315	1.163876	-281.1112	
186.0229	COLLISION_NONE	NOT_SWITCH	NOT_RESET	NOT_WAYPOINT	-306.5129	2.185587	-279.3378	-0.06069303	0.1158839	0.007094489	0.9913813	0.05285597	0.1898117	-0.02806091	-315	1.192527	-279.3378	
186.0429	COLLISION_NONE	NOT_SWITCH	NOT_RESET	NOT_WAYPOINT	-306.0713	2.315434	-277.5651	-0.06898644	0.1134128	0.007894054	0.9911187	0.0487957	0.1831894	-0.01738548	-315	1.222033	-277.5651	
186.0629	COLLISION_NONE	NOT_SWITCH	NOT_RESET	NOT_WAYPOINT	-305.6312	2.450879	-275.7929	-0.06898644	0.1134128	0.007894054	0.9911187	0.0487957	0.1831894	-0.01738548	-315	1.252424	-275.7929	
186.0829	COLLISION_NONE	NOT_SWITCH	NOT_RESET	NOT_WAYPOINT	-305.1911	2.586324	-274.0207	-0.07721175	0.1107412	0.008629848	0.9908079	0.05188894	0.1802902	-0.006666183	-315	1.28374	-274.0207	
186.1029	COLLISION_NONE	NOT_SWITCH	NOT_RESET	NOT_WAYPOINT	-304.7524	2.726909	-272.2489	-0.08538622	0.1078684	0.009299301	0.9904479	0.0414567	0.1873016	-0.0002822876	-315	1.316004	-272.2489	
186.1229	COLLISION_NONE	NOT_SWITCH	NOT_RESET	NOT_WAYPOINT	-304.3175	2.8814	-270.4769	-0.09354109	0.1047933	0.009901134	0.9900356	0.04500151	0.1835785	-0.007013321	-315	1.349266	-270.4769	
186.1429	COLLISION_NONE	NOT_SWITCH	NOT_RESET	NOT_WAYPOINT	-303.8865	3.049256	-268.7048	-0.101686	0.1015147	0.01043145	0.9895685	0.03914356	0.2075577	-0.01524973	-315	1.383554	-268.7048	
186.1629	COLLISION_NONE	NOT_SWITCH	NOT_RESET	NOT_WAYPOINT	-303.4596	3.230143	-266.933	-0.101686	0.1015147	0.01043145	0.9895685	0.03914356	0.2075577	-0.01524973	-315	1.418902	-266.933	
186.183	COLLISION_NONE	NOT_SWITCH	NOT_RESET	NOT_WAYPOINT	-303.0326	3.411029	-265.1611	-0.1098371	0.09803148	0.01088677	0.9890435	0.04388809	0.2278671	-0.03351259	-315	1.455351	-265.1611	
186.203	COLLISION_NONE	NOT_SWITCH	NOT_RESET	NOT_WAYPOINT	-302.6075	3.597379	-263.3899	-0.1179848	0.0943424	0.01126092	0.9884596	0.0443573	0.2418213	-0.03773642	-315	1.492927	-263.3899	
186.223	COLLISION_NONE	NOT_SWITCH	NOT_RESET	NOT_WAYPOINT	-302.1843	3.788691	-261.6192	-0.1179848	0.0943424	0.01126092	0.9884596	0.0443573	0.2418213	-0.03773642	-315	1.531671	-261.6192	
186.243	COLLISION_NONE	NOT_SWITCH	NOT_RESET	NOT_WAYPOINT	-301.7611	3.980002	-259.8486	-0.1261298	0.09044611	0.01154868	0.9878145	0.0373106	0.2379303	-0.04127455	-315	1.571638	-259.8486	
186.263	COLLISION_NONE	NOT_SWITCH	NOT_RESET	NOT_WAYPOINT	-301.3623	4.226097	-258.0971	-0.1342607	0.08634134	0.01174365	0.9871076	0.03735399	0.2416	-0.03793573	-315	1.61242	-258.0971	
186.283	COLLISION_NONE	NOT_SWITCH	NOT_RESET	NOT_WAYPOINT	-301.0452	4.5892	-256.4856	-0.1342607	0.08634134	0.01174365	0.9871076	0.03735399	0.2416	-0.03793573	-315	1.651075	-256.4856	
186.303	COLLISION_NONE	NOT_SWITCH	NOT_RESET	NOT_WAYPOINT	-300.7281	4.952303	-254.8742	-0.1423876	0.0820834	0.01184964	0.9863304	0.04049826	0.2497177	-0.01720047	-315	1.690852	-254.8742	
186.323	COLLISION_NONE	NOT_SWITCH	NOT_RESET	NOT_WAYPOINT	-300.4624	5.371109	-253.3652	-0.1505097	0.07768527	0.01186466	0.9854801	0.04400158	0.250061	-0.009989262	-315	1.729153	-253.3652	
186.343	COLLISION_NONE	NOT_SWITCH	NOT_RESET	NOT_WAYPOINT	-300.24	5.804726	-251.9786	-0.1554825	0.0732737	0.01156569	0.9850494	0.0154047	0.2426071	-0.003632069	-315	1.765271	-251.9786	
186.363	COLLISION_NONE	NOT_SWITCH	NOT_RESET	NOT_WAYPOINT	-300.0333	6.245756	-250.6181	-0.1554825	0.0732737	0.01156569	0.9850494	0.0154047	0.2426071	-0.003632069	-315	1.801595	-250.6181	
186.383	COLLISION_NONE	NOT_SWITCH	NOT_RESET	NOT_WAYPOINT	-299.8265	6.686786	-249.2576	-0.1593589	0.06886429	0.01114405	0.9847529	0.004528999	0.2466202	0.01336718	-315	1.838821	-249.2576	
186.403	COLLISION_NONE	NOT_SWITCH	NOT_RESET	NOT_WAYPOINT	-299.626	7.163161	-247.8361	-0.1625038	0.06445473	0.01063858	0.984543	0.004187584	0.2361755	0.01744175	-315	1.878709	-247.8361	
186.423	COLLISION_NONE	NOT_SWITCH	NOT_RESET	NOT_WAYPOINT	-299.4335	7.661019	-246.3793	-0.1643711	0.06005158	0.01002597	0.9845179	-0.003004551	0.2287064	0.01044321	-315	1.920667	-246.3793	
186.443	COLLISION_NONE	NOT_SWITCH	NOT_RESET	NOT_WAYPOINT	-299.2458	8.19059	-244.8486	-0.1656892	0.05564941	0.009365082	0.9845622	0.0005464554	0.2249756	0.003714561	-315	1.96597	-244.8486	
186.463	COLLISION_NONE	NOT_SWITCH	NOT_RESET	NOT_WAYPOINT	-299.0493	8.794296	-243.1168	-0.1656892	0.05564941	0.009365082	0.9845622	0.0005464554	0.2249756	0.003714561	-315	2.018779	-243.1168	
186.483	COLLISION_NONE	NOT_SWITCH	NOT_RESET	NOT_WAYPOINT	-298.8529	9.398003	-241.385	-0.1659115	0.05125364	0.008635081	0.9847699	-0.006867409	0.2180862	0.01080561	-315	2.073293	-241.385	
186.503	COLLISION_NONE	NOT_SWITCH	NOT_RESET	NOT_WAYPOINT	-298.6567	10.05303	-239.5064	-0.1659484	0.04685803	0.007894521	0.9849889	0.01762247	0.2152405	0.01177597	-315	2.134428	-239.5064	
186.523	COLLISION_NONE	NOT_SWITCH	NOT_RESET	NOT_WAYPOINT	-298.4614	10.70808	-237.6277	-0.1659484	0.04685803	0.007894521	0.9849889	0.01762247	0.2152405	0.01177597	-315	2.197728	-237.6277	
186.543	COLLISION_NONE	NOT_SWITCH	NOT_RESET	NOT_WAYPOINT	-298.2661	11.36312	-235.749	-0.1659484	0.04685803	0.007894521	0.9849889	0.01762247	0.2152405	0.01177597	-315	2.263277	-235.749	
186.563	COLLISION_NONE	NOT_SWITCH	NOT_RESET	NOT_WAYPOINT	-298.0707	12.01816	-233.8703	-0.165982	0.04246148	0.007153801	0.9851882	0.02128744	0.2150192	0.004891872	-315	2.331163	-233.8703	
186.583	COLLISION_NONE	NOT_SWITCH	NOT_RESET	NOT_WAYPOINT	-297.8762	12.67321	-231.9915	-0.1660123	0.03806409	0.00641294	0.985368	0.01774693	0.2075653	-0.001879692	-315	2.401483	-231.9915	
186.603	COLLISION_NONE	NOT_SWITCH	NOT_RESET	NOT_WAYPOINT	-297.6824	13.32827	-230.1126	-0.1660392	0.03366593	0.00567195	0.985528	0.01010227	0.1898193	-0.00131321	-315	2.474333	-230.1126	
186.623	COLLISION_NONE	NOT_SWITCH	NOT_RESET	NOT_WAYPOINT	-297.4895	13.98332	-228.2337	-0.1660392	0.03366593	0.00567195	0.985528	0.01010227	0.1898193	-0.00131321	-315	2.549815	-228.2337	
186.6431	COLLISION_NONE	NOT_SWITCH	NOT_RESET	NOT_WAYPOINT	-297.2965	14.63838	-226.3547	-0.1660629	0.02926711	0.004930847	0.9856684	-0.01137304	0.1863251	0.01221371	-315	2.62803	-226.3547	
186.6631	COLLISION_NONE	NOT_SWITCH	NOT_RESET	NOT_WAYPOINT	-297.1043	15.29344	-224.4757	-0.1660832	0.0248677	0.004189646	0.9857892	-0.012115	0.1801529	0.02997112	-315	2.709088	-224.4757	
186.6831	COLLISION_NONE	NOT_SWITCH	NOT_RESET	NOT_WAYPOINT	-296.913	15.9485	-222.5966	-0.1660832	0.0248677	0.004189646	0.9857892	-0.012115	0.1801529	0.02997112	-315	2.793106	-222.5966	
186.7031	COLLISION_NONE	NOT_SWITCH	NOT_RESET	NOT_WAYPOINT	-296.7216	16.60356	-220.7175	-0.1661003	0.02046779	0.003448361	0.9858904	-0.01208591	0.1763153	0.02314186	-315	2.880196	-220.7175	
186.7231	COLLISION_ENTER	NOT_SWITCH	NOT_RESET	NOT_WAYPOINT	-296.531	17.25863	-218.8383	-0.166114	0.01606748	0.002707008	0.9859719	-0.02218294	0.1828308	0.01905489	-315	2.970484	-218.8383	
186.7431	COLLISION_INSIDE	NOT_SWITCH	NOT_RESET	NOT_WAYPOINT	-296.3413	17.91369	-216.9591	-0.1661245	0.01166684	0.0019656	0.9860339	-0.01263809	0.1773224	0.04408264	-315	3.064098	-216.959	
186.7631	COLLISION_INSIDE	NOT_SWITCH	NOT_RESET	NOT_WAYPOINT	-296.1524	18.56876	-215.0798	-0.1661316	0.007265978	0.001224153	0.9860761	0.004644871	0.1633377	0.03471231	-315	3.161168	-215.0798	
186.7831	COLLISION_ENTER	NOT_SWITCH	NOT_RESET	NOT_WAYPOINT	-295.9644	19.22383	-213.2004	-0.1661316	0.007265978	0.001224153	0.9860761	0.004644871	0.1633377	0.03471231	-315	3.261831	-213.2004	
186.8031	COLLISION_EXIT	NOT_SWITCH	NOT_RESET	NOT_WAYPOINT	-295.7764	19.87889	-211.3211	-0.16498	0.00286553	0.0004793254	0.9862927	0.00455761	0.1559982	0.02803802	-315	3.366227	-211.3211	
186.8231	COLLISION_NONE	NOT_SWITCH	NOT_RESET	NOT_WAYPOINT	-295.5893	20.53394	-209.4417	0.1568052	0.001534937	0.0002437011	-0.9876283	0.007829189	0.1527634	0.03177691	-315	3.474506	-209.4417	
186.8431	COLLISION_NONE	NOT_SWITCH	NOT_RESET	NOT_WAYPOINT	-295.4031	21.18882	-207.5622	0.1568052	0.001534937	0.0002437011	-0.9876283	0.007829189	0.1527634	0.03177691	-315	3.586822	-207.5622	
186.8631	COLLISION_NONE	NOT_SWITCH	NOT_RESET	NOT_WAYPOINT	-295.2169	21.84369	-205.6827	0.1420805	0.005928192	0.0008509283	-0.989837	-0.01029253	0.1458817	0.04556036	-315	3.703326	-205.6827	
186.8831	COLLISION_NONE	NOT_SWITCH	NOT_RESET	NOT_WAYPOINT	-295.0316	22.49818	-203.803	0.1238223	0.01030294	0.001285699	-0.9922501	-0.01662302	0.1556778	0.0344367	-315	3.824192	-203.803	
186.9031	COLLISION_NONE	NOT_SWITCH	NOT_RESET	NOT_WAYPOINT	-294.8471	23.15207	-201.9232	0.1043243	0.01463213	0.00153503	-0.9944345	-0.02353859	0.151619	0.02741766	-315	3.949592	-201.9232	
186.9231	COLLISION_NONE	NOT_SWITCH	NOT_RESET	NOT_WAYPOINT	-294.9759	23.68216	-200.3972	0.1043243	0.01463213	0.00153503	-0.9944345	-0.02353859	0.151619	0.02741766	-315	4.054824	-200.3972	
186.9431	COLLISION_NONE	NOT_SWITCH	NOT_RESET	NOT_WAYPOINT	-295.0016	24.25282	-198.7545	0.0858049	0.01870881	0.001611536	-0.996135	-0.03136015	0.137886	0.0383091	-315	4.171675	-198.7545	
186.9631	COLLISION_NONE	NOT_SWITCH	NOT_RESET	NOT_WAYPOINT	-295.0454	24.69214	-196.9065	0.06808513	0.02241823	0.001530287	-0.9974265	-0.01751184	0.1311417	0.03551197	-315	4.307693	-196.9065	
186.9831	COLLISION_NONE	NOT_SWITCH	NOT_RESET	NOT_WAYPOINT	-295.11	25.05451	-194.9982	0.05048327	0.02584244	0.001306715	-0.9983897	-0.02121162	0.1276932	0.03906202	-315	4.453413	-194.9982	
187.0031	COLLISION_NONE	NOT_SWITCH	NOT_RESET	NOT_WAYPOINT	-295.1864	25.36732	-193.0655	0.05048327	0.02584244	0.001306715	-0.9983897	-0.02121162	0.1276932	0.03906202	-315	4.606637	-193.0655	
187.0231	COLLISION_NONE	NOT_SWITCH	NOT_RESET	NOT_WAYPOINT	-295.2628	25.68012	-191.1328	0.03383027	0.02902096	0.0009827643	-0.9990057	-0.004436493	0.1109467	0.04741192	-315	4.765755	-191.1328	
187.0431	COLLISION_NONE	NOT_SWITCH	NOT_RESET	NOT_WAYPOINT	-295.3477	25.95518	-189.1875	0.01765172	0.0319769	0.0005648242	-0.9993326	-0.02257204	0.08920288	0.04436874	-315	4.932087	-189.1875	
187.0631	COLLISION_NONE	NOT_SWITCH	NOT_RESET	NOT_WAYPOINT	-295.4392	26.19831	-187.2345	0.001711994	0.03483936	5.968109E-05	-0.9993915	-0.01561642	0.08574677	0.04122162	-315	5.105541	-187.2345	
187.0831	COLLISION_NONE	NOT_SWITCH	NOT_RESET	NOT_WAYPOINT	-295.5365	26.41269	-185.2763	-0.01410471	0.03781748	-0.0005338396	-0.999185	-0.00135088	0.08568573	0.03112984	-315	5.286185	-185.2763	
187.1031	COLLISION_NONE	NOT_SWITCH	NOT_RESET	NOT_WAYPOINT	-295.6392	26.60006	-183.3147	-0.01410471	0.03781748	-0.0005338396	-0.999185	-0.00135088	0.08568573	0.03112984	-315	5.47416	-183.3147	
187.1232	COLLISION_NONE	NOT_SWITCH	NOT_RESET	NOT_WAYPOINT	-295.7419	26.78742	-181.353	-0.02985395	0.0408862	-0.001222183	-0.998717	-0.005614758	0.06454468	0.0319562	-315	5.669391	-181.353	
187.1432	COLLISION_EXIT	NOT_SWITCH	NOT_RESET	NOT_WAYPOINT	-295.8497	26.94867	-179.3889	-0.04556138	0.04399601	-0.002008556	-0.9979903	0.001522541	0.07945251	0.04549026	-315	5.872379	-179.3889	
187.1632	COLLISION_NONE	NOT_SWITCH	NOT_RESET	NOT_WAYPOINT	-295.9626	27.08406	-177.4234	-0.04556138	0.04399601	-0.002008556	-0.9979903	0.001522541	0.07945251	0.04549026	-315	6.083309	-177.4234	
187.1832	COLLISION_NONE	NOT_SWITCH	NOT_RESET	NOT_WAYPOINT	-296.0756	27.21945	-175.4578	-0.06123763	0.04712261	-0.002894342	-0.9970061	0.03243732	0.06297302	0.05071926	-315	6.30228	-175.4578	
187.2032	COLLISION_NONE	NOT_SWITCH	NOT_RESET	NOT_WAYPOINT	-296.1936	27.32879	-173.4916	-0.07688585	0.05025426	-0.003880274	-0.995765	0.02241325	0.06157684	0.02587938	-315	6.529632	-173.4916	
187.2232	COLLISION_NONE	NOT_SWITCH	NOT_RESET	NOT_WAYPOINT	-296.3168	27.41147	-171.5253	-0.09250541	0.05338567	-0.004966935	-0.9942676	0.04035521	0.07271576	0.02951145	-315	6.765538	-171.5253	
187.2432	COLLISION_NONE	NOT_SWITCH	NOT_RESET	NOT_WAYPOINT	-296.4453	27.46654	-169.5597	-0.09250541	0.05338567	-0.004966935	-0.9942676	0.04035521	0.07271576	0.02951145	-315	7.010151	-169.5597	
187.2632	COLLISION_NONE	NOT_SWITCH	NOT_RESET	NOT_WAYPOINT	-296.5739	27.52161	-167.5942	-0.1080938	0.05651436	-0.006154927	-0.992514	0.05013847	0.06685638	0.04754782	-315	7.263803	-167.5942	
187.2832	COLLISION_NONE	NOT_SWITCH	NOT_RESET	NOT_WAYPOINT	-296.7079	27.54776	-165.6301	-0.1236475	0.05963948	-0.007444967	-0.9905044	0.05026722	0.08153534	0.06090164	-315	7.526531	-165.6301	
187.3032	COLLISION_NONE	NOT_SWITCH	NOT_RESET	NOT_WAYPOINT	-296.8478	27.54334	-163.6684	-0.1391626	0.06276157	-0.008838004	-0.9882392	0.040133	0.08055115	0.04665661	-315	7.798419	-163.6684	
187.3232	COLLISION_NONE	NOT_SWITCH	NOT_RESET	NOT_WAYPOINT	-296.9939	27.50637	-161.7099	-0.1533178	0.0658951	-0.01024713	-0.9859242	0.04011631	0.07688141	0.04331875	-315	8.079517	-161.7099	
187.3432	COLLISION_NONE	NOT_SWITCH	NOT_RESET	NOT_WAYPOINT	-297.1465	27.43452	-159.7558	-0.1624481	0.07239476	-0.0119518	-0.9839851	0.05073118	0.0695343	0.02994537	-315	8.369823	-159.7558	
187.3632	COLLISION_NONE	NOT_SWITCH	NOT_RESET	NOT_WAYPOINT	-297.3146	27.28788	-157.812	-0.1624481	0.07239476	-0.0119518	-0.9839851	0.05073118	0.0695343	0.02994537	-315	8.668498	-157.812	
187.3832	COLLISION_NONE	NOT_SWITCH	NOT_RESET	NOT_WAYPOINT	-297.4827	27.14125	-155.8682	-0.1478556	0.07919313	-0.01187828	-0.9857617	0.04787064	0.09422302	0.0321517	-315	8.977225	-155.8682	
187.4032	COLLISION_NONE	NOT_SWITCH	NOT_RESET	NOT_WAYPOINT	-297.6744	26.9117	-153.9355	-0.1395848	0.0826963	-0.01169896	-0.9866816	0.04365015	0.08065796	0.04675245	-315	9.294312	-153.9355	
187.4232	COLLISION_NONE	NOT_SWITCH	NOT_RESET	NOT_WAYPOINT	-297.8823	26.64122	-152.0075	-0.1316932	0.08637448	-0.01151946	-0.9874532	0.04436636	0.09043884	0.02872086	-315	9.62077	-152.0075	
187.4432	COLLISION_NONE	NOT_SWITCH	NOT_RESET	NOT_WAYPOINT	-298.1089	26.3333	-150.0835	-0.1237326	0.09023272	-0.01129873	-0.98814	0.03461123	0.09996796	0.01401663	-315	9.956757	-150.0835	
187.4632	COLLISION_NONE	NOT_SWITCH	NOT_RESET	NOT_WAYPOINT	-298.3569	25.99359	-148.1626	-0.1160091	0.09426644	-0.01106072	-0.9887029	0.03431225	0.08561707	0.007647514	-315	10.30244	-148.1626	
187.4832	COLLISION_NONE	NOT_SWITCH	NOT_RESET	NOT_WAYPOINT	-298.6282	25.62982	-146.2437	-0.1025099	0.09853894	-0.01020545	-0.9897867	0.04583025	0.04204559	0.04502487	-315	10.65798	-146.2437	
187.5032	COLLISION_NONE	NOT_SWITCH	NOT_RESET	NOT_WAYPOINT	-298.9257	25.25554	-144.3248	-0.1025099	0.09853894	-0.01020545	-0.9897867	0.04583025	0.04204559	0.04502487	-315	11.02374	-144.3248	
187.5232	COLLISION_NONE	NOT_SWITCH	NOT_RESET	NOT_WAYPOINT	-299.2232	24.88126	-142.4058	-0.09100062	0.1028556	-0.009449888	-0.9904798	0.03522158	0.05690002	0.0685699	-315	11.39966	-142.4058	
187.5432	COLLISION_NONE	NOT_SWITCH	NOT_RESET	NOT_WAYPOINT	-299.5429	24.50904	-140.4857	-0.08573233	0.1068778	-0.009250526	-0.9905259	0.03498363	0.05355835	0.07221103	-315	11.78588	-140.4857	
187.5632	COLLISION_NONE	NOT_SWITCH	NOT_RESET	NOT_WAYPOINT	-299.8801	24.14178	-138.5648	-0.08573233	0.1068778	-0.009250526	-0.9905259	0.03498363	0.05355835	0.07221103	-315	12.18219	-138.5648	
187.5833	COLLISION_NONE	NOT_SWITCH	NOT_RESET	NOT_WAYPOINT	-300.2173	23.77452	-136.6438	-0.07933926	0.1105686	-0.008855165	-0.9906571	0.03872538	0.06067657	0.07199979	-315	12.58824	-136.6438	
187.6033	COLLISION_NONE	NOT_SWITCH	NOT_RESET	NOT_WAYPOINT	-300.5683	23.41413	-134.7222	-0.0724033	0.1139924	-0.008330024	-0.9908048	0.03308058	0.08416748	0.0532968	-315	13.00393	-134.7222	
187.6233	COLLISION_NONE	NOT_SWITCH	NOT_RESET	NOT_WAYPOINT	-300.9303	23.06159	-132.7999	-0.0724033	0.1139924	-0.008330024	-0.9908048	0.03308058	0.08416748	0.0532968	-315	13.42894	-132.7999	
187.6433	COLLISION_NONE	NOT_SWITCH	NOT_RESET	NOT_WAYPOINT	-301.2924	22.70904	-130.8776	-0.05619734	0.1172474	-0.006645549	-0.9914892	0.03189516	0.05645752	0.06149364	-315	13.86276	-130.8776	
187.6633	COLLISION_NONE	NOT_SWITCH	NOT_RESET	NOT_WAYPOINT	-301.6622	22.36617	-128.9546	-0.05619734	0.1172474	-0.006645549	-0.9914892	0.03189516	0.05645752	0.06149364	-315	14.30514	-128.9546	
187.6833	COLLISION_NONE	NOT_SWITCH	NOT_RESET	NOT_WAYPOINT	-302.032	22.02331	-127.0316	-0.03408648	0.1203993	-0.004136538	-0.9921315	0.02468395	0.05290222	0.06495023	-315	14.75541	-127.0316	
187.7033	COLLISION_NONE	NOT_SWITCH	NOT_RESET	NOT_WAYPOINT	-302.4073	21.69101	-125.1078	-0.01523325	0.1235016	-0.001896071	-0.9922256	-0.003439903	0.0446167	0.05390978	-315	15.21317	-125.1078	
187.7233	COLLISION_NONE	NOT_SWITCH	NOT_RESET	NOT_WAYPOINT	-302.7874	21.36973	-123.1834	-0.01523325	0.1235016	-0.001896071	-0.9922256	-0.003439903	0.0446167	0.05390978	-315	15.67776	-123.1834	
187.7433	COLLISION_NONE	NOT_SWITCH	NOT_RESET	NOT_WAYPOINT	-303.1674	21.04845	-121.2591	0.001982447	0.1266005	0.000253015	-0.9919518	-0.03411007	0.05715942	0.04198408	-315	16.14832	-121.2591	
187.7633	COLLISION_NONE	NOT_SWITCH	NOT_RESET	NOT_WAYPOINT	-303.5517	20.73875	-119.3343	0.01836984	0.1297133	0.002403535	-0.9913785	-0.02320242	0.06416321	0.03497505	-315	16.62419	-119.3343	
187.7833	COLLISION_NONE	NOT_SWITCH	NOT_RESET	NOT_WAYPOINT	-303.9401	20.44133	-117.4094	0.01836984	0.1297133	0.002403535	-0.9913785	-0.02320242	0.06416321	0.03497505	-315	17.10449	-117.4093	
187.8033	COLLISION_NONE	NOT_SWITCH	NOT_RESET	NOT_WAYPOINT	-304.3286	20.14392	-115.4844	0.03433187	0.1327918	0.004602538	-0.9905385	-0.03071928	0.05744171	0.04556608	-315	17.58824	-115.4844	
187.8233	COLLISION_NONE	NOT_SWITCH	NOT_RESET	NOT_WAYPOINT	-304.7212	19.85969	-113.5594	0.03433187	0.1327918	0.004602538	-0.9905385	-0.03071928	0.05744171	0.04556608	-315	18.07449	-113.5594	
187.8433	COLLISION_NONE	NOT_SWITCH	NOT_RESET	NOT_WAYPOINT	-305.1138	19.57547	-111.6345	0.04970359	0.1355964	0.006811191	-0.9894933	-0.04118109	0.03840637	0.02162838	-315	18.56223	-111.6345	
187.8633	COLLISION_NONE	NOT_SWITCH	NOT_RESET	NOT_WAYPOINT	-305.5106	19.3056	-109.7098	0.06385498	0.1380759	0.008921023	-0.9883208	-0.05782938	0.05480957	0.006299496	-315	19.05032	-109.7098	
187.8833	COLLISION_NONE	NOT_SWITCH	NOT_RESET	NOT_WAYPOINT	-305.9118	19.05148	-107.7856	0.06385498	0.1380759	0.008921023	-0.9883208	-0.05782938	0.05480957	0.006299496	-315	19.5376	-107.7856	
187.9033	COLLISION_NONE	NOT_SWITCH	NOT_RESET	NOT_WAYPOINT	-306.313	18.79735	-105.8614	0.07574708	0.1399681	0.01073969	-0.987196	-0.05835438	0.04078674	0.006918907	-315	20.02304	-105.8614	
187.9233	COLLISION_NONE	NOT_SWITCH	NOT_RESET	NOT_WAYPOINT	-306.7189	18.56067	-103.938	0.08559614	0.1413116	0.01226522	-0.9861815	-0.0547967	0.03705597	0.0001864433	-315	20.5053	-103.938	
187.9433	COLLISION_NONE	NOT_SWITCH	NOT_RESET	NOT_WAYPOINT	-307.1296	18.3434	-102.0157	0.09366474	0.1421921	0.01351702	-0.9853048	-0.05821276	0.03309631	-0.006730556	-315	20.98313	-102.0157	
187.9633	COLLISION_NONE	NOT_SWITCH	NOT_RESET	NOT_WAYPOINT	-307.5457	18.14778	-100.0948	0.09366474	0.1421921	0.01351702	-0.9853048	-0.05821276	0.03309631	-0.006730556	-315	21.45529	-100.0948	
187.9833	COLLISION_NONE	NOT_SWITCH	NOT_RESET	NOT_WAYPOINT	-307.9617	17.95215	-98.17384	0.1017361	0.1426292	0.01474014	-0.9844234	-0.02989674	0.04473877	0.0006585121	-315	21.92095	-98.17384	
188.0033	COLLISION_NONE	NOT_SWITCH	NOT_RESET	NOT_WAYPOINT	-308.3833	17.78067	-96.25466	0.1097915	0.1426425	0.01592308	-0.9835372	-0.0296154	0.05151367	-0.006758213	-315	22.37856	-96.25467	
188.0233	COLLISION_NONE	NOT_SWITCH	NOT_RESET	NOT_WAYPOINT	-308.8107	17.63607	-94.33763	0.1097915	0.1426425	0.01592308	-0.9835372	-0.0296154	0.05151367	-0.006758213	-315	22.82693	-94.33763	
188.0434	COLLISION_NONE	NOT_SWITCH	NOT_RESET	NOT_WAYPOINT	-309.2381	17.49147	-92.4206	0.1178447	0.1422403	0.01705833	-0.9826441	-0.0256567	0.05078125	-0.02411556	-315	23.2655	-92.42061	
188.0634	COLLISION_NONE	NOT_SWITCH	NOT_RESET	NOT_WAYPOINT	-309.6715	17.37675	-90.50616	0.1258973	0.1414263	0.0181363	-0.9817432	-0.04317427	0.04655457	-0.02791834	-315	23.69268	-90.50616	
188.0834	COLLISION_NONE	NOT_SWITCH	NOT_RESET	NOT_WAYPOINT	-310.111	17.29511	-88.5948	0.131183	0.1402542	0.01875135	-0.9812075	-0.02963257	0.02913666	-0.03375292	-315	24.10746	-88.5948	
188.1034	COLLISION_NONE	NOT_SWITCH	NOT_RESET	NOT_WAYPOINT	-310.5565	17.24988	-86.68698	0.1366553	0.1386908	0.01932638	-0.9806715	-0.04783154	0.0260849	-0.01312447	-315	24.50892	-86.687	
188.1234	COLLISION_NONE	NOT_SWITCH	NOT_RESET	NOT_WAYPOINT	-311.0078	17.24435	-84.78315	0.1366553	0.1386908	0.01932638	-0.9806715	-0.04783154	0.0260849	-0.01312447	-315	24.89625	-84.78314	
188.1434	COLLISION_NONE	NOT_SWITCH	NOT_RESET	NOT_WAYPOINT	-311.4592	17.23882	-82.87932	0.1447249	0.1368148	0.02020955	-0.9797592	-0.02295399	0.03010559	-0.0159893	-315	25.26957	-82.87932	
188.1634	COLLISION_NONE	NOT_SWITCH	NOT_RESET	NOT_WAYPOINT	-311.916	17.27609	-80.98006	0.1447249	0.1368148	0.02020955	-0.9797592	-0.02295399	0.03010559	-0.0159893	-315	25.62744	-80.98007	
188.1834	COLLISION_NONE	NOT_SWITCH	NOT_RESET	NOT_WAYPOINT	-312.3727	17.31336	-79.08081	0.1527791	0.1348292	0.02104538	-0.9787936	-0.02681303	0.03066254	-0.002120972	-315	25.97025	-79.08081	
188.2034	COLLISION_NONE	NOT_SWITCH	NOT_RESET	NOT_WAYPOINT	-312.8341	17.39634	-77.18678	0.1527791	0.1348292	0.02104538	-0.9787936	-0.02681303	0.03066254	-0.002120972	-315	26.29669	-77.18677	
188.2234	COLLISION_NONE	NOT_SWITCH	NOT_RESET	NOT_WAYPOINT	-313.2955	17.47931	-75.29274	0.1608267	0.132836	0.02184953	-0.9777586	-0.02110767	0.003341675	0.009766579	-315	26.6074	-75.29274	
188.2434	COLLISION_NONE	NOT_SWITCH	NOT_RESET	NOT_WAYPOINT	-313.7608	17.61059	-73.4046	0.1646662	0.1308828	0.02205081	-0.9773784	-0.02158165	-0.003334045	0.01705027	-315	26.90127	-73.4046	
188.2634	COLLISION_NONE	NOT_SWITCH	NOT_RESET	NOT_WAYPOINT	-314.2291	17.79235	-71.52274	0.1647109	0.1288865	0.02171447	-0.9776437	-0.01473093	-0.002784729	0.02421808	-315	27.17827	-71.52274	
188.2834	COLLISION_NONE	NOT_SWITCH	NOT_RESET	NOT_WAYPOINT	-314.6997	18.02593	-69.64709	0.1647593	0.1266865	0.02134382	-0.9779311	-0.007513046	0.01196289	0.03425789	-315	27.43852	-69.64709	
188.3034	COLLISION_NONE	NOT_SWITCH	NOT_RESET	NOT_WAYPOINT	-315.1717	18.3113	-67.77739	0.1647593	0.1266865	0.02134382	-0.9779311	-0.007513046	0.01196289	0.03425789	-315	27.68229	-67.77739	
188.3234	COLLISION_NONE	NOT_SWITCH	NOT_RESET	NOT_WAYPOINT	-315.6437	18.59668	-65.90769	0.1648121	0.1242433	0.0209322	-0.9782445	-0.03829145	0.01715088	0.01566601	-315	27.91056	-65.90768	
188.3434	COLLISION_NONE	NOT_SWITCH	NOT_RESET	NOT_WAYPOINT	-316.1157	18.9324	-64.04345	0.1648696	0.1215299	0.02047505	-0.9785854	-0.04121542	0.02722168	0.008131027	-315	28.12294	-64.04346	
188.3634	COLLISION_NONE	NOT_SWITCH	NOT_RESET	NOT_WAYPOINT	-316.5863	19.31571	-62.18398	0.164931	0.1185539	0.01997366	-0.9789503	-0.03006697	0.03755951	-0.002523899	-315	28.31994	-62.18398	
188.3834	COLLISION_NONE	NOT_SWITCH	NOT_RESET	NOT_WAYPOINT	-317.0537	19.74271	-60.32845	0.164931	0.1185539	0.01997366	-0.9789503	-0.03006697	0.03755951	-0.002523899	-315	28.5021	-60.32846	
188.4034	COLLISION_NONE	NOT_SWITCH	NOT_RESET	NOT_WAYPOINT	-317.5212	20.16972	-58.47291	0.1649939	0.1154295	0.01944727	-0.9793237	-0.02637005	0.03342438	-0.01985455	-315	28.67026	-58.4729	
188.4234	COLLISION_NONE	NOT_SWITCH	NOT_RESET	NOT_WAYPOINT	-317.9838	20.63574	-56.62041	0.1650569	0.1122135	0.01890544	-0.9796974	-0.03736639	0.02274323	-0.01618099	-315	28.82463	-56.62042	
188.4434	COLLISION_NONE	NOT_SWITCH	NOT_RESET	NOT_WAYPOINT	-318.4401	21.13567	-54.77002	0.1651168	0.1090634	0.01837472	-0.9800531	-0.02971411	0.0404892	-0.01676655	-315	28.96587	-54.77002	
188.4634	COLLISION_NONE	NOT_SWITCH	NOT_RESET	NOT_WAYPOINT	-318.8889	21.6643	-52.92094	0.1651168	0.1090634	0.01837472	-0.9800531	-0.02971411	0.0404892	-0.01676655	-315	29.0946	-52.92093	
188.4834	COLLISION_NONE	NOT_SWITCH	NOT_RESET	NOT_WAYPOINT	-319.3376	22.19293	-51.07185	0.1651168	0.1090634	0.01837472	-0.9800531	-0.02971411	0.0404892	-0.01676655	-315	29.21151	-51.07184	
188.5034	COLLISION_NONE	NOT_SWITCH	NOT_RESET	NOT_WAYPOINT	-319.7863	22.72156	-49.22276	0.1651758	0.1058726	0.01783714	-0.9804029	-0.02268934	0.03710938	-0.01629686	-315	29.31718	-49.22278	
188.5235	COLLISION_NONE	NOT_SWITCH	NOT_RESET	NOT_WAYPOINT	-320.2266	23.27388	-47.37425	0.1652345	0.1025914	0.01728433	-0.9807517	-0.02976894	0.03681946	-0.02010298	-315	29.41222	-47.37424	
188.5435	COLLISION_NONE	NOT_SWITCH	NOT_RESET	NOT_WAYPOINT	-320.6577	23.84527	-45.5257	0.1652922	0.09926433	0.0167238	-0.981094	-0.0295825	0.03648376	-0.02708292	-315	29.49728	-45.5257	
188.5635	COLLISION_NONE	NOT_SWITCH	NOT_RESET	NOT_WAYPOINT	-321.0795	24.43165	-43.67666	0.1653483	0.09591368	0.01615929	-0.9814273	-0.01548195	0.03675842	-0.03019905	-315	29.57302	-43.67667	
188.5835	COLLISION_NONE	NOT_SWITCH	NOT_RESET	NOT_WAYPOINT	-321.4715	25.04036	-41.84957	0.1654027	0.09255092	0.01559274	-0.9817501	-0.01153183	0.05473328	-0.02389431	-315	29.6393	-41.84958	
188.6035	COLLISION_NONE	NOT_SWITCH	NOT_RESET	NOT_WAYPOINT	-321.8145	25.6561	-40.08729	0.1654027	0.09255092	0.01559274	-0.9817501	-0.01153183	0.05473328	-0.02389431	-315	29.69574	-40.08728	
188.6235	COLLISION_NONE	NOT_SWITCH	NOT_RESET	NOT_WAYPOINT	-322.1576	26.27184	-38.325	0.1654553	0.08918121	0.01502502	-0.9820619	-0.01192904	0.05564117	-0.002826214	-315	29.7454	-38.32501	
188.6435	COLLISION_NONE	NOT_SWITCH	NOT_RESET	NOT_WAYPOINT	-322.4736	26.87716	-36.60703	0.1654553	0.08918121	0.01502502	-0.9820619	-0.01192904	0.05564117	-0.002826214	-315	29.78777	-36.60703	
188.6635	COLLISION_NONE	NOT_SWITCH	NOT_RESET	NOT_WAYPOINT	-322.7896	27.48247	-34.88905	0.1585964	0.08590738	0.01385316	-0.9835015	-0.01838541	0.06919861	-0.01073599	-315	29.82467	-34.88904	
188.6835	COLLISION_NONE	NOT_SWITCH	NOT_RESET	NOT_WAYPOINT	-323.0901	28.05667	-33.19526	0.1500836	0.08265651	0.01259262	-0.9851316	-0.02399445	0.09268188	-0.02945137	-315	29.85617	-33.19525	
188.7035	COLLISION_NONE	NOT_SWITCH	NOT_RESET	NOT_WAYPOINT	-323.3881	28.6242	-31.50029	0.1426073	0.07938104	0.01147495	-0.9865243	-0.02050781	0.0927887	-0.02935648	-315	29.88326	-31.50027	
188.7235	COLLISION_NONE	NOT_SWITCH	NOT_RESET	NOT_WAYPOINT	-323.6823	29.18091	-29.79814	0.1362339	0.07603887	0.01048809	-0.9876986	-0.003253937	0.09751892	-0.01507521	-315	29.90645	-29.79813	
188.7435	COLLISION_NONE	NOT_SWITCH	NOT_RESET	NOT_WAYPOINT	-323.9729	29.72868	-28.09103	0.1304097	0.07257475	0.009572095	-0.9887541	-0.0002031326	0.08735657	-0.007413864	-315	29.92607	-28.09103	
188.7635	COLLISION_NONE	NOT_SWITCH	NOT_RESET	NOT_WAYPOINT	-324.2542	30.25518	-26.36683	0.1304097	0.07257475	0.009572095	-0.9887541	-0.0002031326	0.08735657	-0.007413864	-315	29.94258	-26.36682	
188.7835	COLLISION_NONE	NOT_SWITCH	NOT_RESET	NOT_WAYPOINT	-324.5355	30.78169	-24.64262	0.1189363	0.06904308	0.008290791	-0.9904638	-0.0001330376	0.09469604	-0.0007410049	-315	29.95617	-24.64261	
188.8035	COLLISION_NONE	NOT_SWITCH	NOT_RESET	NOT_WAYPOINT	-324.8063	31.27846	-22.89406	0.1091652	0.06538208	0.007196135	-0.991845	-0.01723957	0.1082611	-0.001956463	-315	29.96734	-22.89407	
188.8235	COLLISION_NONE	NOT_SWITCH	NOT_RESET	NOT_WAYPOINT	-325.0695	31.75344	-21.13225	0.1001987	0.0616001	0.006215516	-0.9930393	-0.02460432	0.1087112	0.01181364	-315	29.97628	-21.13226	
188.8435	COLLISION_NONE	NOT_SWITCH	NOT_RESET	NOT_WAYPOINT	-325.3262	32.21069	-19.36161	0.1001987	0.0616001	0.006215516	-0.9930393	-0.02460432	0.1087112	0.01181364	-315	29.98328	-19.3616	
188.8635	COLLISION_NONE	NOT_SWITCH	NOT_RESET	NOT_WAYPOINT	-325.5829	32.66793	-17.59097	0.07898381	0.05776348	0.004584429	-0.9951904	-0.03504467	0.1045456	0.004701614	-315	29.98861	-17.59097	
188.8835	COLLISION_NONE	NOT_SWITCH	NOT_RESET	NOT_WAYPOINT	-325.8352	33.10894	-15.81455	0.05816305	0.05379828	0.003138955	-0.9968516	-0.05213022	0.1145096	0.003763676	-315	29.99256	-15.81454	
188.9035	COLLISION_NONE	NOT_SWITCH	NOT_RESET	NOT_WAYPOINT	-326.087	33.54747	-14.03763	0.03990717	0.04970119	0.001987479	-0.9979646	-0.05932903	0.1146317	0.01055145	-315	29.99538	-14.03763	
188.9235	COLLISION_NONE	NOT_SWITCH	NOT_RESET	NOT_WAYPOINT	-326.3382	33.98371	-12.26029	0.02293082	0.04547846	0.001044214	-0.9987016	-0.06996536	0.1107941	0.01041985	-315	29.99731	-12.26028	
188.9435	COLLISION_NONE	NOT_SWITCH	NOT_RESET	NOT_WAYPOINT	-326.589	34.41786	-10.48261	0.02293082	0.04547846	0.001044214	-0.9987016	-0.06996536	0.1107941	0.01041985	-315	29.99856	-10.4826	
188.9635	COLLISION_NONE	NOT_SWITCH	NOT_RESET	NOT_WAYPOINT	-326.8397	34.85201	-8.704926	0.00659165	0.04113179	0.0002713619	-0.999132	-0.06168318	0.1309586	-0.01487827	-315	29.99932	-8.704926	
188.9836	COLLISION_NONE	NOT_SWITCH	NOT_RESET	NOT_WAYPOINT	-327.0854	35.26555	-6.925147	-0.009429876	0.03666551	-0.0003459993	-0.9992831	-0.05780029	0.130394	-0.02874088	-315	29.99973	-6.92514	
189.0036	COLLISION_NONE	NOT_SWITCH	NOT_RESET	NOT_WAYPOINT	-327.3219	35.64298	-5.143642	-0.009429876	0.03666551	-0.0003459993	-0.9992831	-0.05780029	0.130394	-0.02874088	-315	29.99992	-5.143646	
189.0236	COLLISION_NONE	NOT_SWITCH	NOT_RESET	NOT_WAYPOINT	-327.5584	36.02041	-3.362138	-0.02529138	0.03214841	-0.0008137589	-0.9991627	-0.05448103	0.1233292	-0.0318265	-315	29.99998	-3.362152	
189.0436	COLLISION_NONE	NOT_SWITCH	NOT_RESET	NOT_WAYPOINT	-327.7874	36.3688	-1.57947	-0.04106929	0.0276215	-0.001135788	-0.9987738	-0.04325914	0.1373444	-0.03913546	-315	30	-1.579468	
189.0636	COLLISION_NONE	NOT_SWITCH	NOT_RESET	NOT_WAYPOINT	-328.0103	36.69357	0.2039031	-0.04106929	0.0276215	-0.001135788	-0.9987738	-0.04325914	0.1373444	-0.03913546	-315	30	0.2038879	
189.0836	COLLISION_NONE	NOT_SWITCH	NOT_RESET	NOT_WAYPOINT	-328.2332	37.01833	1.987276	-0.05679942	0.02308377	-0.001313617	-0.9981179	-0.01540327	0.1311264	-0.03793097	-315	30	1.987274	
189.1036	COLLISION_NONE	NOT_SWITCH	NOT_RESET	NOT_WAYPOINT	-328.451	37.32374	3.770993	-0.07249734	0.01853394	-0.00134744	-0.9971955	-0.01542187	0.127449	-0.04126692	-315	29.99998	3.771027	
189.1236	COLLISION_NONE	NOT_SWITCH	NOT_RESET	NOT_WAYPOINT	-328.6595	37.59465	5.553684	-0.07249734	0.01853394	-0.00134744	-0.9971955	-0.01542187	0.127449	-0.04126692	-315	29.99989	5.55368	
189.1436	COLLISION_NONE	NOT_SWITCH	NOT_RESET	NOT_WAYPOINT	-328.868	37.86556	7.336375	-0.08816835	0.01397099	-0.001236737	-0.9960068	-0.01542187	0.127449	-0.04126692	-315	29.99965	7.336365	
189.1636	COLLISION_NONE	NOT_SWITCH	NOT_RESET	NOT_WAYPOINT	-329.0639	38.09072	9.115664	-0.1038127	0.009393688	-0.0009805261	-0.994552	-0.01895905	0.1236649	-0.04470062	-315	29.99918	9.115662	
189.1836	COLLISION_NONE	NOT_SWITCH	NOT_RESET	NOT_WAYPOINT	-329.2501	38.28079	10.89197	-0.1161216	0.004802787	-0.0005615125	-0.9932232	0.002627373	0.1381912	-0.04822922	-315	29.99833	10.892	
189.2036	COLLISION_NONE	NOT_SWITCH	NOT_RESET	NOT_WAYPOINT	-329.4286	38.44354	12.6657	-0.1267583	0.0001985694	-2.5375E-05	-0.9919336	0.002458096	0.1385193	-0.04124689	-315	29.99694	12.66571	
189.2236	COLLISION_NONE	NOT_SWITCH	NOT_RESET	NOT_WAYPOINT	-329.6061	38.60329	14.43922	-0.1267583	0.0001985694	-2.5375E-05	-0.9919336	0.002458096	0.1385193	-0.04124689	-315	29.99483	14.43921	
189.2436	COLLISION_NONE	NOT_SWITCH	NOT_RESET	NOT_WAYPOINT	-329.7837	38.76305	16.21273	0.1370105	0.004417387	-0.0006109966	0.9905596	0.002458096	0.1385193	-0.04124689	-315	29.99178	16.21274	
189.2636	COLLISION_NONE	NOT_SWITCH	NOT_RESET	NOT_WAYPOINT	-329.9606	38.92037	17.98604	0.1472444	0.009045467	-0.001346629	0.9890578	0.02005291	0.1389084	-0.04425621	-315	29.98755	17.98605	
189.2836	COLLISION_NONE	NOT_SWITCH	NOT_RESET	NOT_WAYPOINT	-330.1368	39.07573	19.75917	0.1472444	0.009045467	-0.001346629	0.9890578	0.02005291	0.1389084	-0.04425621	-315	29.98187	19.75916	
189.3036	COLLISION_NONE	NOT_SWITCH	NOT_RESET	NOT_WAYPOINT	-330.3131	39.23108	21.53229	0.1574582	0.01368626	-0.002182451	0.9874284	0.01975298	0.1394119	-0.03378677	-315	29.97444	21.53229	
189.3236	COLLISION_NONE	NOT_SWITCH	NOT_RESET	NOT_WAYPOINT	-330.4889	39.38488	23.30525	0.1648576	0.01834915	-0.003067506	0.9861419	0.02282286	0.1365128	-0.02306843	-315	29.96493	23.30524	
189.3436	COLLISION_NONE	NOT_SWITCH	NOT_RESET	NOT_WAYPOINT	-330.6642	39.53744	25.07807	0.1722538	0.02302242	-0.004027009	0.9847753	0.04066563	0.1327362	-0.03988504	-315	29.953	25.07803	
189.3636	COLLISION_NONE	NOT_SWITCH	NOT_RESET	NOT_WAYPOINT	-330.8338	39.67267	26.84917	0.1796233	0.02770648	-0.005061088	0.9833322	0.04468822	0.1468658	-0.04039621	-315	29.93827	26.84918	
189.3836	COLLISION_NONE	NOT_SWITCH	NOT_RESET	NOT_WAYPOINT	-330.9963	39.78719	28.61803	0.1796233	0.02770648	-0.005061088	0.9833322	0.04468822	0.1468658	-0.04039621	-315	29.92038	28.61804	
189.4036	COLLISION_NONE	NOT_SWITCH	NOT_RESET	NOT_WAYPOINT	-331.1588	39.90171	30.38689	0.1810516	0.03243823	-0.005975046	0.9829203	0.03740549	0.1247864	-0.05712652	-315	29.89886	30.38687	
189.4236	COLLISION_NONE	NOT_SWITCH	NOT_RESET	NOT_WAYPOINT	-331.3124	39.99158	32.15299	0.1810207	0.03718207	-0.00684885	0.9827523	0.04029894	0.1258926	-0.03609324	-315	29.87333	32.15298	
189.4436	COLLISION_NONE	NOT_SWITCH	NOT_RESET	NOT_WAYPOINT	-331.4481	40.03429	33.91494	0.1810207	0.03718207	-0.00684885	0.9827523	0.04029894	0.1258926	-0.03609324	-315	29.84335	33.91495	
189.4637	COLLISION_NONE	NOT_SWITCH	NOT_RESET	NOT_WAYPOINT	-331.5837	40.07699	35.6769	0.1794504	0.04193705	-0.007656994	0.9828429	-0.006322384	0.1227798	0.001206398	-315	29.8084	35.67691	
189.4837	COLLISION_NONE	NOT_SWITCH	NOT_RESET	NOT_WAYPOINT	-331.6974	40.06615	37.43416	0.1771287	0.04669445	-0.008413595	0.9830434	-0.00328207	0.1050339	-0.0049119	-315	29.76808	37.43417	
189.5037	COLLISION_NONE	NOT_SWITCH	NOT_RESET	NOT_WAYPOINT	-331.7851	39.99625	39.18633	0.1749243	0.0514451	-0.009152818	0.9831944	0.004020691	0.119606	0.001645565	-315	29.72194	39.18634	
189.5237	COLLISION_NONE	NOT_SWITCH	NOT_RESET	NOT_WAYPOINT	-331.8429	39.86338	40.93311	0.1749243	0.0514451	-0.009152818	0.9831944	0.004020691	0.119606	0.001645565	-315	29.66953	40.93311	
189.5437	COLLISION_NONE	NOT_SWITCH	NOT_RESET	NOT_WAYPOINT	-331.9006	39.73051	42.6799	0.1730698	0.05618677	-0.009889832	0.9832559	0.01796532	0.1277924	0.01930141	-315	29.61019	42.6799	
189.5637	COLLISION_NONE	NOT_SWITCH	NOT_RESET	NOT_WAYPOINT	-331.925	39.53303	44.42115	0.1717727	0.0609176	-0.01064285	0.9831938	0.004150391	0.1194382	-0.001842499	-315	29.54361	44.42114	
189.5837	COLLISION_NONE	NOT_SWITCH	NOT_RESET	NOT_WAYPOINT	-331.9137	39.27195	46.15685	0.1704594	0.06564483	-0.01138202	0.9831098	-0.002687454	0.1188812	-0.009014606	-315	29.46932	46.15686	
189.6037	COLLISION_NONE	NOT_SWITCH	NOT_RESET	NOT_WAYPOINT	-331.8656	38.95103	47.88716	0.1704594	0.06564483	-0.01138202	0.9831098	-0.002687454	0.1188812	-0.009014606	-315	29.38688	47.88715	
189.6237	COLLISION_NONE	NOT_SWITCH	NOT_RESET	NOT_WAYPOINT	-331.8176	38.63011	49.61747	0.1718231	0.07033492	-0.01229996	0.9825368	-0.01748514	0.112442	0.01184988	-315	29.29554	49.61746	
189.6437	COLLISION_NONE	NOT_SWITCH	NOT_RESET	NOT_WAYPOINT	-331.7338	38.25489	51.34225	0.1724718	0.07503531	-0.01317784	0.9820639	-0.01016855	0.1083145	-0.005257607	-315	29.19513	51.34225	
189.6637	COLLISION_NONE	NOT_SWITCH	NOT_RESET	NOT_WAYPOINT	-331.616	37.83225	53.0616	0.1727613	0.07974027	-0.01403383	0.9816303	-0.002706051	0.1076965	-0.02251768	-315	29.08523	53.06158	
189.6837	COLLISION_NONE	NOT_SWITCH	NOT_RESET	NOT_WAYPOINT	-331.4665	37.36965	54.7758	0.1727613	0.07974027	-0.01403383	0.9816303	-0.002706051	0.1076965	-0.02251768	-315	28.96545	54.77579	
189.7037	COLLISION_NONE	NOT_SWITCH	NOT_RESET	NOT_WAYPOINT	-331.317	36.90705	56.49	0.1728693	0.08444672	-0.01487787	0.9812052	0.0002350807	0.1051407	-0.004815578	-315	28.835	56.48999	
189.7237	COLLISION_NONE	NOT_SWITCH	NOT_RESET	NOT_WAYPOINT	-331.1513	36.42664	58.19942	0.1728844	0.08915294	-0.01571531	0.980773	-0.009855747	0.1114883	-0.01239157	-315	28.69389	58.1994	
189.7437	COLLISION_NONE	NOT_SWITCH	NOT_RESET	NOT_WAYPOINT	-330.9695	35.93048	59.90427	0.1728513	0.09385804	-0.01654907	0.9803261	-0.01280069	0.1365814	0.0004019737	-315	28.54176	59.90427	
189.7637	COLLISION_NONE	NOT_SWITCH	NOT_RESET	NOT_WAYPOINT	-330.7719	35.42054	61.60479	0.1728513	0.09385804	-0.01654907	0.9803261	-0.01280069	0.1365814	0.0004019737	-315	28.37833	61.6048	
189.7837	COLLISION_NONE	NOT_SWITCH	NOT_RESET	NOT_WAYPOINT	-330.5742	34.91059	63.3053	0.172792	0.09856144	-0.01738067	0.9798604	-0.03124809	0.1153412	0.007824421	-315	28.2029	63.3053	
189.8037	COLLISION_NONE	NOT_SWITCH	NOT_RESET	NOT_WAYPOINT	-330.361	34.3887	65.0017	0.1727186	0.103212	-0.01820196	0.9793795	-0.03800535	0.110939	-0.00617218	-315	28.01565	65.00171	
189.8237	COLLISION_NONE	NOT_SWITCH	NOT_RESET	NOT_WAYPOINT	-330.1327	33.85648	66.6942	0.1726398	0.1076499	-0.01898523	0.9789007	-0.03042459	0.1213379	-0.01342297	-315	27.81641	66.69421	
189.8437	COLLISION_NONE	NOT_SWITCH	NOT_RESET	NOT_WAYPOINT	-329.9028	33.32338	68.3861	0.1726398	0.1076499	-0.01898523	0.9789007	-0.03042459	0.1213379	-0.01342297	-315	27.60464	68.38611	
189.8637	COLLISION_NONE	NOT_SWITCH	NOT_RESET	NOT_WAYPOINT	-329.6729	32.79028	70.078	0.1725586	0.1118971	-0.0197346	0.9784238	-0.02713871	0.129303	0.00381422	-315	27.38013	70.078	
189.8837	COLLISION_NONE	NOT_SWITCH	NOT_RESET	NOT_WAYPOINT	-329.4416	32.25641	71.76935	0.1724759	0.1159878	-0.02045622	0.9779471	-0.023386	0.1289063	-0.006560326	-315	27.14287	71.76935	
189.9037	COLLISION_NONE	NOT_SWITCH	NOT_RESET	NOT_WAYPOINT	-329.2088	31.72186	73.46018	0.1723926	0.1199391	-0.02115319	0.9774702	-0.01661491	0.1221161	-0.00605917	-315	26.89285	73.46017	
189.9238	COLLISION_NONE	NOT_SWITCH	NOT_RESET	NOT_WAYPOINT	-328.9747	31.18671	75.15054	0.1723926	0.1199391	-0.02115319	0.9774702	-0.01661491	0.1221161	-0.00605917	-315	26.63008	75.15054	
189.9438	COLLISION_NONE	NOT_SWITCH	NOT_RESET	NOT_WAYPOINT	-328.7406	30.65156	76.84089	0.1723089	0.1237599	-0.02182708	0.9769937	0.01873159	0.1449127	0.007941723	-315	26.35461	76.84088	
189.9638	COLLISION_NONE	NOT_SWITCH	NOT_RESET	NOT_WAYPOINT	-328.4905	30.1094	78.5273	0.1722252	0.1274543	-0.02247868	0.9765186	0.02186441	0.1309052	0.008773804	-315	26.06726	78.52728	
189.9838	COLLISION_NONE	NOT_SWITCH	NOT_RESET	NOT_WAYPOINT	-328.2247	29.56085	80.20983	0.1728641	0.1310076	-0.02320533	0.9759183	0.007725716	0.1417465	0.02176523	-315	25.76831	80.20984	
190.0038	COLLISION_NONE	NOT_SWITCH	NOT_RESET	NOT_WAYPOINT	-327.9438	29.00628	81.8885	0.1728641	0.1310076	-0.02320533	0.9759183	0.007725716	0.1417465	0.02176523	-315	25.45812	81.88852	
190.0238	COLLISION_NONE	NOT_SWITCH	NOT_RESET	NOT_WAYPOINT	-327.6628	28.45171	83.56717	0.1754035	0.1377182	-0.02478831	0.9745014	0.01445389	0.1388626	0.03270817	-315	25.13634	83.56717	
190.0438	COLLISION_NONE	NOT_SWITCH	NOT_RESET	NOT_WAYPOINT	-327.3525	27.88548	85.23792	0.1767621	0.1408903	-0.02557459	0.9737818	0.01765108	0.1246185	0.02643538	-315	24.80498	85.23788	
190.0638	COLLISION_NONE	NOT_SWITCH	NOT_RESET	NOT_WAYPOINT	-327.0287	27.31374	86.90472	0.1779403	0.143947	-0.02632203	0.9731001	0.003979206	0.1346283	0.02197504	-315	24.46377	86.90472	
190.0838	COLLISION_NONE	NOT_SWITCH	NOT_RESET	NOT_WAYPOINT	-326.6917	26.73665	88.56759	0.1791184	0.1468834	-0.02705557	0.9724247	-0.002621174	0.1262283	-0.00234127	-315	24.11327	88.56763	
190.1038	COLLISION_NONE	NOT_SWITCH	NOT_RESET	NOT_WAYPOINT	-326.3421	26.15436	90.22652	0.1790383	0.1497352	-0.02758087	0.9719898	0.0006985664	0.1266708	0.004734993	-315	23.75413	90.2265	
190.1238	COLLISION_NONE	NOT_SWITCH	NOT_RESET	NOT_WAYPOINT	-325.9802	25.56729	91.8816	0.1788843	0.1550641	-0.02856245	0.9711539	-0.005117893	0.1468201	-0.01033401	-315	23.38691	91.88159	
190.1438	COLLISION_NONE	NOT_SWITCH	NOT_RESET	NOT_WAYPOINT	-325.5942	24.97167	93.52915	0.178812	0.1575037	-0.02901181	0.9707612	-0.005908966	0.1257858	-0.009417057	-315	23.01315	93.52914	
190.1638	COLLISION_NONE	NOT_SWITCH	NOT_RESET	NOT_WAYPOINT	-325.1969	24.37237	95.17316	0.1787476	0.1596427	-0.02940582	0.9704117	-0.01261616	0.125061	-0.02007818	-315	22.63265	95.17316	
190.1838	COLLISION_NONE	NOT_SWITCH	NOT_RESET	NOT_WAYPOINT	-324.7886	23.76969	96.81371	0.1786902	0.1615259	-0.0297527	0.9701	-0.008747101	0.1356888	-0.02044392	-315	22.24611	96.81372	
190.2038	COLLISION_NONE	NOT_SWITCH	NOT_RESET	NOT_WAYPOINT	-324.3698	23.16388	98.45091	0.1786446	0.1630031	-0.0300248	0.9698529	0.005410194	0.1321259	-0.03037548	-315	21.85422	98.45096	
190.2238	COLLISION_NONE	NOT_SWITCH	NOT_RESET	NOT_WAYPOINT	-323.9223	22.54887	100.083	0.1786111	0.1640842	-0.03022393	0.9696706	-0.005198002	0.1282883	-0.03050947	-315	21.45817	100.0829	
190.2438	COLLISION_NONE	NOT_SWITCH	NOT_RESET	NOT_WAYPOINT	-323.4513	21.92648	101.7106	0.1785907	0.1647357	-0.03034393	0.9695601	-0.001682281	0.1208878	-0.04057789	-315	21.0585	101.7106	
190.2638	COLLISION_NONE	NOT_SWITCH	NOT_RESET	NOT_WAYPOINT	-322.9608	21.2982	103.3346	0.1785816	0.1650282	-0.03039781	0.9695104	0.009094715	0.1319046	-0.03725863	-315	20.65579	103.3346	
190.2838	COLLISION_NONE	NOT_SWITCH	NOT_RESET	NOT_WAYPOINT	-322.4204	20.64897	104.9702	0.1785816	0.1650282	-0.03039781	0.9695104	0.009094715	0.1319046	-0.03725863	-315	20.24693	104.9702	
190.3038	COLLISION_NONE	NOT_SWITCH	NOT_RESET	NOT_WAYPOINT	-321.88	19.99974	106.6058	0.1785816	0.1650282	-0.03039781	0.9695104	0.009094715	0.1319046	-0.03725863	-315	19.83553	106.6058	
190.3238	COLLISION_NONE	NOT_SWITCH	NOT_RESET	NOT_WAYPOINT	-321.3396	19.35051	108.2414	0.1785825	0.1649975	-0.03039216	0.9695156	0.01261139	0.1245041	-0.04732895	-315	19.42229	108.2414	
190.3438	COLLISION_NONE	NOT_SWITCH	NOT_RESET	NOT_WAYPOINT	-320.7657	18.6837	109.8974	0.178593	0.1646614	-0.03033025	0.9695727	-0.007704258	0.1374512	-0.05911398	-315	19.00275	109.8974	
190.3638	COLLISION_NONE	NOT_SWITCH	NOT_RESET	NOT_WAYPOINT	-320.1857	18.01312	111.5581	0.1786128	0.1640289	-0.03021373	0.96968	-0.005002975	0.1204376	-0.0476532	-315	18.5816	111.5581	
190.3839	COLLISION_NONE	NOT_SWITCH	NOT_RESET	NOT_WAYPOINT	-319.6063	17.34215	113.2197	0.1786128	0.1640289	-0.03021373	0.96968	-0.005002975	0.1204376	-0.0476532	-315	18.16049	113.2197	
190.4039	COLLISION_NONE	NOT_SWITCH	NOT_RESET	NOT_WAYPOINT	-319.0269	16.67118	114.8814	0.1786415	0.1631041	-0.0300434	0.9698359	-0.005199432	0.1207733	-0.04067469	-315	17.74034	114.8814	
190.4239	COLLISION_NONE	NOT_SWITCH	NOT_RESET	NOT_WAYPOINT	-318.4453	15.99321	116.5614	0.178679	0.1618894	-0.02981965	0.9700394	-0.01578808	0.1206055	-0.03747225	-315	17.3172	116.5615	
190.4439	COLLISION_NONE	NOT_SWITCH	NOT_RESET	NOT_WAYPOINT	-317.864	15.31522	118.2417	0.178725	0.1603855	-0.02954264	0.9702892	-0.002485752	0.09985352	-0.03965998	-315	16.89634	118.2417	
190.4639	COLLISION_NONE	NOT_SWITCH	NOT_RESET	NOT_WAYPOINT	-317.2831	14.63724	119.922	0.1787793	0.1585929	-0.02921244	0.9705838	0.001515865	0.1103134	-0.0435133	-315	16.47839	119.922	
190.4839	COLLISION_NONE	NOT_SWITCH	NOT_RESET	NOT_WAYPOINT	-316.7025	13.95924	121.6025	0.1787793	0.1585929	-0.02921244	0.9705838	0.001515865	0.1103134	-0.0435133	-315	16.06394	121.6025	
190.5039	COLLISION_NONE	NOT_SWITCH	NOT_RESET	NOT_WAYPOINT	-316.1218	13.28125	123.283	0.1788415	0.1565115	-0.02882906	0.9709216	-0.00305891	0.09718323	-0.02205563	-315	15.65358	123.283	
190.5239	COLLISION_NONE	NOT_SWITCH	NOT_RESET	NOT_WAYPOINT	-315.5415	12.60326	124.9636	0.1789113	0.1541413	-0.02839247	0.9713007	-0.02865505	0.07971954	-0.004499912	-315	15.24777	124.9636	
190.5439	COLLISION_NONE	NOT_SWITCH	NOT_RESET	NOT_WAYPOINT	-314.9615	11.92526	126.6443	0.1789113	0.1541413	-0.02839247	0.9713007	-0.02865505	0.07971954	-0.004499912	-315	14.847	126.6443	
190.5639	COLLISION_NONE	NOT_SWITCH	NOT_RESET	NOT_WAYPOINT	-314.3816	11.24727	128.325	0.1789884	0.1514819	-0.02790261	0.971719	-0.01472902	0.08791351	0.01314878	-315	14.45173	128.325	
190.5839	COLLISION_NONE	NOT_SWITCH	NOT_RESET	NOT_WAYPOINT	-313.8019	10.56927	130.0058	0.1790722	0.1485331	-0.02735945	0.9721742	-0.01536703	0.07038879	0.01391697	-315	14.06232	130.0057	
190.6039	COLLISION_NONE	NOT_SWITCH	NOT_RESET	NOT_WAYPOINT	-313.2225	9.891277	131.6867	0.1791624	0.1452944	-0.0267629	0.9726635	-0.001791954	0.06782532	0.0249157	-315	13.67914	131.6866	
190.6239	COLLISION_NONE	NOT_SWITCH	NOT_RESET	NOT_WAYPOINT	-312.6435	9.213281	133.3677	0.1792581	0.1417704	-0.02611378	0.9731833	0.0006542206	0.05858612	0.04989958	-315	13.30247	133.3677	
190.6439	COLLISION_NONE	NOT_SWITCH	NOT_RESET	NOT_WAYPOINT	-312.0925	8.528933	135.0752	0.1792581	0.1417704	-0.02611378	0.9731833	0.0006542206	0.05858612	0.04989958	-315	12.92686	135.0752	
190.6639	COLLISION_NONE	NOT_SWITCH	NOT_RESET	NOT_WAYPOINT	-311.5414	7.844584	136.7827	0.1793586	0.1379751	-0.02541468	0.9737287	0.01433611	0.04857635	0.05434918	-315	12.55857	136.7827	
190.6839	COLLISION_NONE	NOT_SWITCH	NOT_RESET	NOT_WAYPOINT	-311.0153	7.151649	138.5216	0.1794613	0.1339797	-0.02467876	0.9742864	0.01742554	0.04567719	0.06506801	-315	12.1912	138.5216	
190.7039	COLLISION_NONE	NOT_SWITCH	NOT_RESET	NOT_WAYPOINT	-310.5071	6.442439	140.3105	0.1794613	0.1339797	-0.02467876	0.9742864	0.01742554	0.04567719	0.06506801	-315	11.82162	140.3105	
190.7239	COLLISION_NONE	NOT_SWITCH	NOT_RESET	NOT_WAYPOINT	-309.9989	5.733228	142.0994	0.1795659	0.1297842	-0.02390595	0.9748542	0.02505207	0.06342316	0.06449175	-315	11.46062	142.0994	
190.7439	COLLISION_NONE	NOT_SWITCH	NOT_RESET	NOT_WAYPOINT	-309.4984	5.022676	143.8942	0.1796699	0.1254704	-0.02311135	0.9754188	0.02414656	0.04639435	0.0757246	-315	11.10722	143.8942	
190.7639	COLLISION_NONE	NOT_SWITCH	NOT_RESET	NOT_WAYPOINT	-309.0031	4.311728	145.6914	0.1763409	0.1211496	-0.02187551	0.9766003	0.02442884	0.04589081	0.06525517	-315	10.76222	145.6914	
190.7839	COLLISION_NONE	NOT_SWITCH	NOT_RESET	NOT_WAYPOINT	-308.5119	3.602036	147.4908	0.1763409	0.1211496	-0.02187551	0.9766003	0.02442884	0.04589081	0.06525517	-315	10.42575	147.4908	
190.8039	COLLISION_NONE	NOT_SWITCH	NOT_RESET	NOT_WAYPOINT	-308.0207	2.892344	149.2902	0.1708514	0.1168713	-0.02041413	0.9781279	0.003702641	0.0447464	0.05422258	-315	10.09828	149.2902	
190.8239	COLLISION_NONE	NOT_SWITCH	NOT_RESET	NOT_WAYPOINT	-307.5327	2.184774	151.0916	0.1643094	0.1126166	-0.01888589	0.9797772	0.0002150536	0.04072571	0.04368496	-315	9.779449	151.0916	
190.8439	COLLISION_NONE	NOT_SWITCH	NOT_RESET	NOT_WAYPOINT	-307.0474	1.479703	152.8947	0.1582184	0.108357	-0.01747104	0.9812851	0.00349617	0.04140472	0.05786657	-315	9.469274	152.8947	
190.864	COLLISION_NONE	NOT_SWITCH	NOT_RESET	NOT_WAYPOINT	-306.705	1.683237	154.1745	0.1582184	0.108357	-0.01747104	0.9812851	0.00349617	0.04140472	0.05786657	-315	9.254544	154.1745	
190.884	COLLISION_NONE	NOT_SWITCH	NOT_RESET	NOT_WAYPOINT	-306.3374	1.723944	155.5486	0.1529321	0.1040873	-0.01620007	0.9826064	0.02080011	0.0422821	0.06531262	-315	9.028955	155.5486	
190.904	COLLISION_NONE	NOT_SWITCH	NOT_RESET	NOT_WAYPOINT	-306.0049	1.735596	157.0188	0.1480437	0.09981419	-0.01501994	0.9838164	0.0319705	0.03393555	0.03099632	-315	8.793262	157.0187	
190.924	COLLISION_NONE	NOT_SWITCH	NOT_RESET	NOT_WAYPOINT	-305.6872	1.741063	158.5266	0.1433496	0.09554085	-0.01390499	0.9849516	0.03536272	0.03421021	0.03457975	-315	8.55753	158.5266	
190.944	COLLISION_NONE	NOT_SWITCH	NOT_RESET	NOT_WAYPOINT	-305.3807	1.745068	160.0586	0.138748	0.09126867	-0.01284277	0.9860295	0.036448	0.04724121	0.01303005	-315	8.324183	160.0586	
190.964	COLLISION_NONE	NOT_SWITCH	NOT_RESET	NOT_WAYPOINT	-305.0848	1.748628	161.6107	0.138748	0.09126867	-0.01284277	0.9860295	0.036448	0.04724121	0.01303005	-315	8.094023	161.6107	
190.984	COLLISION_NONE	NOT_SWITCH	NOT_RESET	NOT_WAYPOINT	-304.7886	1.749341	163.1645	0.1341882	0.08699828	-0.0118272	0.9870588	0.03234482	0.04445648	0.03053904	-315	7.869813	163.1645	
191.004	COLLISION_NONE	NOT_SWITCH	NOT_RESET	NOT_WAYPOINT	-304.5034	1.752124	164.7357	0.129645	0.08272994	-0.01085532	0.9880436	0.03573656	0.04473114	0.03412247	-315	7.649317	164.7357	
191.024	COLLISION_NONE	NOT_SWITCH	NOT_RESET	NOT_WAYPOINT	-304.2291	1.755219	166.3246	0.129645	0.08272994	-0.01085532	0.9880436	0.03573656	0.04473114	0.03412247	-315	7.432565	166.3246	
191.044	COLLISION_NONE	NOT_SWITCH	NOT_RESET	NOT_WAYPOINT	-303.9547	1.755839	167.915	0.1251059	0.07846376	-0.009925604	0.9889861	0.03529072	0.02687073	0.02790213	-315	7.22178	167.915	
191.064	COLLISION_NONE	NOT_SWITCH	NOT_RESET	NOT_WAYPOINT	-303.6917	1.758408	169.5219	0.120565	0.07419976	-0.009037285	0.9898873	0.02491522	0.03004456	0.0274725	-315	7.014954	169.5219	
191.084	COLLISION_NONE	NOT_SWITCH	NOT_RESET	NOT_WAYPOINT	-303.4402	1.761277	171.1458	0.1160193	0.06993794	-0.008189927	0.9907478	0.01756907	0.03049469	0.04124641	-315	6.812064	171.1458	
191.104	COLLISION_NONE	NOT_SWITCH	NOT_RESET	NOT_WAYPOINT	-303.2006	1.764118	172.7869	0.1114677	0.06567827	-0.007383261	0.9915679	0.02457285	0.03070831	0.04143333	-315	6.613173	172.787	
191.124	COLLISION_NONE	NOT_SWITCH	NOT_RESET	NOT_WAYPOINT	-302.9731	1.766866	174.4449	0.1069097	0.06142074	-0.006617109	0.9923478	0.02081776	0.02725983	0.04498196	-315	6.418345	174.4449	
191.144	COLLISION_NONE	NOT_SWITCH	NOT_RESET	NOT_WAYPOINT	-302.7578	1.769509	176.1196	0.1069097	0.06142074	-0.006617109	0.9923478	0.02081776	0.02725983	0.04498196	-315	6.227648	176.1195	
191.164	COLLISION_NONE	NOT_SWITCH	NOT_RESET	NOT_WAYPOINT	-302.5424	1.770037	177.7955	0.1023453	0.05716531	-0.005891325	0.9930875	0.02428007	0.01251984	0.02823448	-315	6.042768	177.7955	
191.184	COLLISION_NONE	NOT_SWITCH	NOT_RESET	NOT_WAYPOINT	-302.3398	1.772148	179.4868	0.1023453	0.05716531	-0.005891325	0.9930875	0.02428007	0.01251984	0.02823448	-315	5.862078	179.4868	
191.204	COLLISION_NONE	NOT_SWITCH	NOT_RESET	NOT_WAYPOINT	-302.137	1.77257	181.1792	0.09777471	0.05291194	-0.005205791	0.9937874	0.01990795	-0.0009460449	0.04271317	-315	5.687045	181.1792	
191.224	COLLISION_NONE	NOT_SWITCH	NOT_RESET	NOT_WAYPOINT	-301.9472	1.774573	182.8867	0.09319818	0.04866062	-0.004560404	0.9944474	0.02003479	0.0100708	0.05272627	-315	5.516121	182.8867	
191.244	COLLISION_NONE	NOT_SWITCH	NOT_RESET	NOT_WAYPOINT	-301.7705	1.776805	184.61	0.08939314	0.04440821	-0.003989747	0.9949979	0.02287579	0.0001602173	0.06374764	-315	5.349235	184.61	
191.264	COLLISION_NONE	NOT_SWITCH	NOT_RESET	NOT_WAYPOINT	-301.6072	1.778706	186.3476	0.08576787	0.04015683	-0.003459736	0.9954996	0.03749228	-0.0005645752	0.03968334	-315	5.186511	186.3476	
191.284	COLLISION_NONE	NOT_SWITCH	NOT_RESET	NOT_WAYPOINT	-301.4576	1.780416	188.0982	0.08436974	0.03590029	-0.003041725	0.995783	0.02318954	-0.004173279	0.04644728	-315	5.028014	188.0982	
191.304	COLLISION_NONE	NOT_SWITCH	NOT_RESET	NOT_WAYPOINT	-301.322	1.781258	189.8575	0.08436974	0.03590029	-0.003041725	0.995783	0.02318954	-0.004173279	0.04644728	-315	4.874086	189.8575	
191.3241	COLLISION_NONE	NOT_SWITCH	NOT_RESET	NOT_WAYPOINT	-301.1864	1.781427	191.6172	0.08608086	0.03163568	-0.002734762	0.995782	0.03045225	0.01422882	0.05983114	-315	4.725312	191.6172	
191.3441	COLLISION_NONE	NOT_SWITCH	NOT_RESET	NOT_WAYPOINT	-301.0653	1.780857	193.3779	0.08608086	0.03163568	-0.002734762	0.995782	0.03045225	0.01422882	0.05983114	-315	4.581473	193.3779	
191.3641	COLLISION_NONE	NOT_SWITCH	NOT_RESET	NOT_WAYPOINT	-300.9441	1.780743	195.1385	0.09406193	0.02735341	-0.002585357	0.9951872	0.0104928	0.02293396	0.03438616	-315	4.442515	195.1385	
191.3841	COLLISION_NONE	NOT_SWITCH	NOT_RESET	NOT_WAYPOINT	-300.8377	1.777732	196.8878	0.1005397	0.02306642	-0.002331534	0.9946629	0.02761459	0.0241394	0.04881001	-315	4.309094	196.8878	
191.4041	COLLISION_NONE	NOT_SWITCH	NOT_RESET	NOT_WAYPOINT	-300.7468	1.77451	198.6208	0.1060804	0.01877455	-0.002003274	0.9941783	0.02724361	0.0136261	0.04926848	-315	4.181349	198.6208	
191.4241	COLLISION_NONE	NOT_SWITCH	NOT_RESET	NOT_WAYPOINT	-300.6716	1.771487	200.3367	0.1111509	0.01447759	-0.001619404	0.9936968	0.0306344	0.002723694	0.03934669	-315	4.05906	200.3367	
191.4441	COLLISION_NONE	NOT_SWITCH	NOT_RESET	NOT_WAYPOINT	-300.612	1.768595	202.0359	0.1159842	0.01017548	-0.001188277	0.9931983	0.01715231	-0.002380371	0.01470041	-315	3.941942	202.0359	
191.4641	COLLISION_NONE	NOT_SWITCH	NOT_RESET	NOT_WAYPOINT	-300.568	1.765735	203.7189	0.1206967	0.005868228	-0.0007135043	0.9926718	0.0106864	0.01117706	0.006795883	-315	3.829708	203.7189	
191.4841	COLLISION_NONE	NOT_SWITCH	NOT_RESET	NOT_WAYPOINT	-300.5391	1.762845	205.386	0.1253463	0.001555833	-0.0001965684	0.9921118	0.004173279	0.01012421	-0.01083803	-315	3.722111	205.386	
191.5041	COLLISION_NONE	NOT_SWITCH	NOT_RESET	NOT_WAYPOINT	-300.5251	1.759889	207.0374	-0.1299618	0.00276173	-0.0003619908	-0.9915151	0.003566742	0.007453918	0.006764889	-315	3.618919	207.0375	
191.5241	COLLISION_NONE	NOT_SWITCH	NOT_RESET	NOT_WAYPOINT	-300.5258	1.756846	208.6731	-0.1299618	0.00276173	-0.0003619908	-0.9915151	0.003566742	0.007453918	0.006764889	-315	3.519941	208.6731	
191.5441	COLLISION_NONE	NOT_SWITCH	NOT_RESET	NOT_WAYPOINT	-300.5266	1.756238	210.3074	-0.1345573	0.00708429	-0.0009620166	-0.9908801	-0.00732708	-0.007064819	0.003614426	-315	3.42414	210.3074	
191.5641	COLLISION_NONE	NOT_SWITCH	NOT_RESET	NOT_WAYPOINT	-300.5416	1.753586	211.9269	-0.13914	0.01136193	-0.001596535	-0.9902063	-0.00313139	0.006729126	-0.00388813	-315	3.332161	211.9269	
191.5841	COLLISION_NONE	NOT_SWITCH	NOT_RESET	NOT_WAYPOINT	-300.5707	1.750443	213.5306	-0.1437131	0.01555736	-0.002259534	-0.9894946	0.0003910065	0.002998352	-0.01062489	-315	3.243878	213.5306	
191.6041	COLLISION_NONE	NOT_SWITCH	NOT_RESET	NOT_WAYPOINT	-300.6133	1.747119	215.1181	-0.1482784	0.01966024	-0.002948371	-0.9887458	-0.009901524	0.01351929	-0.004380703	-315	3.159149	215.1182	
191.6241	COLLISION_NONE	NOT_SWITCH	NOT_RESET	NOT_WAYPOINT	-300.6689	1.743674	216.6892	-0.1482784	0.01966024	-0.002948371	-0.9887458	-0.009901524	0.01351929	-0.004380703	-315	3.077821	216.6892	
191.6441	COLLISION_NONE	NOT_SWITCH	NOT_RESET	NOT_WAYPOINT	-300.7244	1.742985	218.2586	-0.1528365	0.02370814	-0.003667626	-0.9879603	-0.003121376	-0.0007781982	-0.01405191	-315	2.999001	218.2586	
191.6641	COLLISION_NONE	NOT_SWITCH	NOT_RESET	NOT_WAYPOINT	-300.7924	1.739982	219.8127	-0.1528365	0.02370814	-0.003667626	-0.9879603	-0.003121376	-0.0007781982	-0.01405191	-315	2.923264	219.8126	
191.6841	COLLISION_NONE	NOT_SWITCH	NOT_RESET	NOT_WAYPOINT	-300.8604	1.739382	221.3653	-0.1573871	0.02781592	-0.004434921	-0.9871352	-0.01679182	-0.005569458	-0.03171635	-315	2.84982	221.3652	
191.7041	COLLISION_NONE	NOT_SWITCH	NOT_RESET	NOT_WAYPOINT	-300.9408	1.736313	222.9024	-0.16193	0.03195652	-0.005246753	-0.9862707	-0.03035593	0.008178711	-0.02921057	-315	2.779225	222.9024	
191.7241	COLLISION_NONE	NOT_SWITCH	NOT_RESET	NOT_WAYPOINT	-301.0333	1.732665	224.4227	-0.1664651	0.03611609	-0.00610135	-0.9853668	-0.03041363	0.004501343	-0.03254652	-315	2.711417	224.4227	
191.7441	COLLISION_NONE	NOT_SWITCH	NOT_RESET	NOT_WAYPOINT	-301.1376	1.728817	225.9256	-0.1664651	0.03611609	-0.00610135	-0.9853668	-0.03041363	0.004501343	-0.03254652	-315	2.646286	225.9256	
191.7641	COLLISION_NONE	NOT_SWITCH	NOT_RESET	NOT_WAYPOINT	-301.2419	1.728048	227.4267	-0.1706278	0.04029046	-0.006983001	-0.9844867	-0.04038095	0.0142746	-0.04388571	-315	2.583065	227.4267	
191.7841	COLLISION_NONE	NOT_SWITCH	NOT_RESET	NOT_WAYPOINT	-301.3579	1.724951	228.9124	-0.1746007	0.0444746	-0.007894748	-0.9836028	-0.01563406	0.02598572	-0.03310251	-315	2.522241	228.9124	
191.8042	COLLISION_NONE	NOT_SWITCH	NOT_RESET	NOT_WAYPOINT	-301.4855	1.721451	230.382	-0.1782023	0.04866841	-0.008825054	-0.9827499	-0.001054287	0.03660583	-0.04016781	-315	2.463729	230.382	
191.8242	COLLISION_NONE	NOT_SWITCH	NOT_RESET	NOT_WAYPOINT	-301.6246	1.718076	231.8363	-0.1782023	0.04866841	-0.008825054	-0.9827499	-0.001054287	0.03660583	-0.04016781	-315	2.407404	231.8363	
191.8442	COLLISION_NONE	NOT_SWITCH	NOT_RESET	NOT_WAYPOINT	-301.7635	1.717401	233.2889	-0.1808882	0.05287668	-0.009739761	-0.982033	0.01964664	0.03778076	-0.02914143	-315	2.35266	233.2889	
191.8642	COLLISION_NONE	NOT_SWITCH	NOT_RESET	NOT_WAYPOINT	-301.9139	1.715224	234.7296	-0.1808882	0.05287668	-0.009739761	-0.982033	0.01964664	0.03778076	-0.02914143	-315	2.299818	234.7296	
191.8842	COLLISION_NONE	NOT_SWITCH	NOT_RESET	NOT_WAYPOINT	-302.0642	1.714789	236.1692	-0.1808468	0.05689234	-0.01047944	-0.9818085	0.01622295	0.03749847	-0.03272533	-315	2.248418	236.1692	
191.9042	COLLISION_NONE	NOT_SWITCH	NOT_RESET	NOT_WAYPOINT	-302.2263	1.714702	237.6033	-0.1808066	0.06054571	-0.01115238	-0.98159	0.01673317	0.04785156	-0.03667068	-315	2.198567	237.6033	
191.9242	COLLISION_NONE	NOT_SWITCH	NOT_RESET	NOT_WAYPOINT	-302.3992	1.714685	239.0347	-0.1807695	0.06372445	-0.01173789	-0.9813887	0.006187439	0.0438385	-0.04028845	-315	2.150117	239.0347	
191.9442	COLLISION_NONE	NOT_SWITCH	NOT_RESET	NOT_WAYPOINT	-302.5819	1.714681	240.4644	-0.1807368	0.06640726	-0.01223206	-0.9812108	0.00974226	0.04011536	-0.0470233	-315	2.102987	240.4644	
191.9642	COLLISION_NONE	NOT_SWITCH	NOT_RESET	NOT_WAYPOINT	-302.773	1.71468	241.8929	-0.1807368	0.06640726	-0.01223206	-0.9812108	0.00974226	0.04011536	-0.0470233	-315	2.057125	241.8929	
191.9842	COLLISION_NONE	NOT_SWITCH	NOT_RESET	NOT_WAYPOINT	-302.964	1.71468	243.3214	-0.1807096	0.06854694	-0.01262619	-0.9810637	0.01944733	0.02693176	-0.03566313	-315	2.012453	243.3214	
192.0042	COLLISION_NONE	NOT_SWITCH	NOT_RESET	NOT_WAYPOINT	-303.1619	1.71468	244.7489	-0.1807096	0.06854694	-0.01262619	-0.9810637	0.01944733	0.02693176	-0.03566313	-315	1.968964	244.749	
192.0242	COLLISION_NONE	NOT_SWITCH	NOT_RESET	NOT_WAYPOINT	-303.3597	1.71468	246.1765	-0.1806882	0.07019283	-0.01292936	-0.9809473	0.02217865	0.01718903	-0.02115202	-315	1.926597	246.1765	
192.0442	COLLISION_NONE	NOT_SWITCH	NOT_RESET	NOT_WAYPOINT	-303.5629	1.71468	247.6033	-0.1806723	0.07138626	-0.01314918	-0.9808612	0.008027077	0.009567261	-0.02470684	-315	1.88534	247.6033	
192.0642	COLLISION_NONE	NOT_SWITCH	NOT_RESET	NOT_WAYPOINT	-303.7701	1.71468	249.0294	-0.1806621	0.0721472	-0.01328934	-0.9808055	0.02285194	0.0196991	-0.0422473	-315	1.845155	249.0294	
192.0842	COLLISION_NONE	NOT_SWITCH	NOT_RESET	NOT_WAYPOINT	-303.9799	1.71468	250.4553	-0.1806621	0.0721472	-0.01328934	-0.9808055	0.02285194	0.0196991	-0.0422473	-315	1.806002	250.4553	
192.1042	COLLISION_NONE	NOT_SWITCH	NOT_RESET	NOT_WAYPOINT	-304.1898	1.71468	251.8811	-0.1806575	0.07248557	-0.01335167	-0.9807805	0.01211405	0.01985931	-0.03205204	-315	1.767844	251.8811	
192.1242	COLLISION_NONE	NOT_SWITCH	NOT_RESET	NOT_WAYPOINT	-304.4012	1.71468	253.3067	-0.1806582	0.07243107	-0.01334163	-0.9807845	-0.001564026	0.02626038	-0.03622103	-315	1.730659	253.3066	
192.1442	COLLISION_NONE	NOT_SWITCH	NOT_RESET	NOT_WAYPOINT	-304.6128	1.71468	254.7322	-0.1806639	0.07201038	-0.01326415	-0.9808155	0.00500536	0.02731323	-0.0185833	-315	1.694411	254.7322	
192.1642	COLLISION_NONE	NOT_SWITCH	NOT_RESET	NOT_WAYPOINT	-304.8235	1.71468	256.1579	-0.1806639	0.07201038	-0.01326415	-0.9808155	0.00500536	0.02731323	-0.0185833	-315	1.659073	256.1579	
192.1842	COLLISION_NONE	NOT_SWITCH	NOT_RESET	NOT_WAYPOINT	-305.0343	1.71468	257.5836	-0.1806743	0.07123938	-0.01312213	-0.9808719	0.002402782	0.05174255	-0.01974773	-315	1.624619	257.5836	
192.2042	COLLISION_NONE	NOT_SWITCH	NOT_RESET	NOT_WAYPOINT	-305.2433	1.71468	259.0095	-0.1806893	0.07010887	-0.01291389	-0.9809533	0.001497746	0.03839111	-0.005175591	-315	1.591018	259.0095	
192.2242	COLLISION_NONE	NOT_SWITCH	NOT_RESET	NOT_WAYPOINT	-305.4493	1.71468	260.4359	-0.1807094	0.06856543	-0.01262959	-0.9810624	0.01868773	0.0357666	0.00242281	-315	1.558245	260.4359	
192.2442	COLLISION_NONE	NOT_SWITCH	NOT_RESET	NOT_WAYPOINT	-305.6513	1.71468	261.8628	-0.1807094	0.06856543	-0.01262959	-0.9810624	0.01868773	0.0357666	0.00242281	-315	1.52627	261.8628	
192.2643	COLLISION_NONE	NOT_SWITCH	NOT_RESET	NOT_WAYPOINT	-305.8533	1.71468	263.2897	-0.1807342	0.06660939	-0.01226929	-0.9811971	0.01235485	0.06425476	0.0149765	-315	1.495086	263.2897	
192.2843	COLLISION_NONE	NOT_SWITCH	NOT_RESET	NOT_WAYPOINT	-306.05	1.71468	264.7174	-0.1807621	0.06434307	-0.01185184	-0.9813483	0.002569199	0.08128357	0.01043653	-315	1.464655	264.7174	
192.3043	COLLISION_NONE	NOT_SWITCH	NOT_RESET	NOT_WAYPOINT	-306.2406	1.71468	266.1459	-0.1807909	0.06191379	-0.01140438	-0.9815046	0.005893707	0.0817337	0.01751089	-315	1.434953	266.1459	
192.3243	COLLISION_NONE	NOT_SWITCH	NOT_RESET	NOT_WAYPOINT	-306.4243	1.71468	267.5753	-0.1807909	0.06191379	-0.01140438	-0.9815046	0.005893707	0.0817337	0.01751089	-315	1.405962	267.5753	
192.3443	COLLISION_NONE	NOT_SWITCH	NOT_RESET	NOT_WAYPOINT	-306.6079	1.71468	269.0048	-0.1808191	0.05943521	-0.01094783	-0.9816579	0.04192543	0.103363	0.007075787	-315	1.377676	269.0048	
192.3643	COLLISION_NONE	NOT_SWITCH	NOT_RESET	NOT_WAYPOINT	-306.7845	1.71468	270.4351	-0.1808191	0.05943521	-0.01094783	-0.9816579	0.04192543	0.103363	0.007075787	-315	1.350063	270.4351	
192.3843	COLLISION_NONE	NOT_SWITCH	NOT_RESET	NOT_WAYPOINT	-306.961	1.71468	271.8654	-0.1808475	0.05683218	-0.01046835	-0.9818119	0.0456233	0.1143188	0.01369572	-315	1.323118	271.8654	
192.4043	COLLISION_NONE	NOT_SWITCH	NOT_RESET	NOT_WAYPOINT	-307.1301	1.71468	273.2966	-0.1808762	0.05406697	-0.00995901	-0.9819681	0.02518749	0.1238403	0.005685806	-315	1.296808	273.2966	
192.4243	COLLISION_NONE	NOT_SWITCH	NOT_RESET	NOT_WAYPOINT	-307.2913	1.71468	274.7287	-0.1809032	0.05134092	-0.009456879	-0.9821144	0.01047325	0.106041	0.00955677	-315	1.271115	274.7287	
192.4443	COLLISION_NONE	NOT_SWITCH	NOT_RESET	NOT_WAYPOINT	-307.4446	1.71468	276.1617	-0.180928	0.0486969	-0.008969856	-0.9822491	0.01374674	0.1028137	0.0132947	-315	1.246024	276.1617	
192.4643	COLLISION_NONE	NOT_SWITCH	NOT_RESET	NOT_WAYPOINT	-307.5901	1.71468	277.5955	-0.180928	0.0486969	-0.008969856	-0.9822491	0.01374674	0.1028137	0.0132947	-315	1.221521	277.5955	
192.4843	COLLISION_NONE	NOT_SWITCH	NOT_RESET	NOT_WAYPOINT	-307.7355	1.71468	279.0293	-0.180951	0.04610711	-0.008492822	-0.9823741	0.02087831	0.1177216	0.02683544	-315	1.1976	279.0293	
192.5043	COLLISION_NONE	NOT_SWITCH	NOT_RESET	NOT_WAYPOINT	-307.8734	1.71468	280.4638	-0.180951	0.04610711	-0.008492822	-0.9823741	0.02087831	0.1177216	0.02683544	-315	1.174236	280.4639	
192.5243	COLLISION_NONE	NOT_SWITCH	NOT_RESET	NOT_WAYPOINT	-308.0112	1.71468	281.8984	-0.1809754	0.04319325	-0.007956097	-0.9825065	0.0102272	0.1102142	0.02336407	-315	1.151426	281.8984	
192.5443	COLLISION_NONE	NOT_SWITCH	NOT_RESET	NOT_WAYPOINT	-308.1408	1.71468	283.3337	-0.1809992	0.04014127	-0.007393928	-0.9826359	0.01393986	0.109993	0.01648092	-315	1.129142	283.3337	
192.5643	COLLISION_NONE	NOT_SWITCH	NOT_RESET	NOT_WAYPOINT	-308.2617	1.71468	284.7698	-0.1810218	0.03702493	-0.006819906	-0.9827582	0.01398993	0.1061554	0.009652615	-315	1.107372	284.7698	
192.5843	COLLISION_NONE	NOT_SWITCH	NOT_RESET	NOT_WAYPOINT	-308.3735	1.71468	286.2066	-0.1810427	0.03387635	-0.006239945	-0.9828718	0.01319313	0.09630585	0.02407074	-315	1.086102	286.2065	
192.6043	COLLISION_NONE	NOT_SWITCH	NOT_RESET	NOT_WAYPOINT	-308.4761	1.71468	287.6441	-0.1810427	0.03387635	-0.006239945	-0.9828718	0.01319313	0.09630585	0.02407074	-315	1.065318	287.644	
192.6243	COLLISION_NONE	NOT_SWITCH	NOT_RESET	NOT_WAYPOINT	-308.5788	1.71468	289.0816	-0.1810619	0.03071149	-0.005656985	-0.9829758	-0.003880978	0.09508514	0.009637356	-315	1.045019	289.0815	
192.6443	COLLISION_NONE	NOT_SWITCH	NOT_RESET	NOT_WAYPOINT	-308.6722	1.71468	290.5197	-0.1810792	0.02753834	-0.005072498	-0.9830698	-0.01488018	0.09168243	0.01635599	-315	1.025182	290.5197	
192.6643	COLLISION_NONE	NOT_SWITCH	NOT_RESET	NOT_WAYPOINT	-308.7564	1.71468	291.9584	-0.1810792	0.02753834	-0.005072498	-0.9830698	-0.01488018	0.09168243	0.01635599	-315	1.005796	291.9584	
192.6843	COLLISION_NONE	NOT_SWITCH	NOT_RESET	NOT_WAYPOINT	-308.8406	1.71468	293.3971	-0.1810946	0.02436092	-0.004487225	-0.9831537	-0.02887487	0.08757019	0.01264286	-315	0.9868558	293.3971	
192.7043	COLLISION_NONE	NOT_SWITCH	NOT_RESET	NOT_WAYPOINT	-308.9154	1.71468	294.8363	-0.1811082	0.02118113	-0.003901515	-0.9832273	-0.03941441	0.08357239	0.009022713	-315	0.9683448	294.8363	
192.7243	COLLISION_NONE	NOT_SWITCH	NOT_RESET	NOT_WAYPOINT	-308.981	1.71468	296.2759	-0.1811199	0.01800019	-0.003315592	-0.9832907	-0.05384159	0.08397675	0.02609539	-315	0.9502525	296.2759	
