#Walking Trial Path#
#TimeStamp#	#Collision Event#	#Mode Switch Event#	#Reset Event#	#Waypoint Event#	#PositionX#	#PositionY#	#PositionZ#	#OrientationX#	#OrientationY#	#OrientationZ#	#OrientationW#	#HeadOrientationX#	#HeadOrientationY#	#HeadOrientationZ#	#WayPointX#	#WayPointY#	#WayPointZ#	
40.34073	COLLISION_NONE	CORRECT_SWITCH	NOT_RESET	TRIGGER_WAYPOINT	-251.8053	1.8	-272.2877	0	0	0	1	0.005620003	0.4023514	0.03782797	-240.303	1.8	-260.7295	
40.36073	COLLISION_NONE	NOT_SWITCH	NOT_RESET	NOT_WAYPOINT	-251.6942	1.8	-271.9938	0	0	0	1	0.01334286	0.4013977	0.01360798	-240.303	1.8	-260.7295	
40.38073	COLLISION_NONE	NOT_SWITCH	NOT_RESET	NOT_WAYPOINT	-251.6753	1.8	-271.7794	0	0	0	1	0.002969265	0.4009018	0.009806156	-240.303	1.8	-260.7295	
40.40073	COLLISION_NONE	NOT_SWITCH	NOT_RESET	NOT_WAYPOINT	-251.7472	1.8	-271.6442	0	0	0	1	0.006511688	0.4120255	0.01991892	-240.303	1.8	-260.7295	
40.42073	COLLISION_NONE	NOT_SWITCH	NOT_RESET	NOT_WAYPOINT	-251.9981	1.8	-271.6631	0	0	0	1	-0.0002307892	0.4151459	0.01606989	-240.303	1.8	-260.7295	
40.44073	COLLISION_NONE	NOT_SWITCH	NOT_RESET	NOT_WAYPOINT	-252.3385	1.8	-271.7585	0	0	0	1	0.003686905	0.4294434	0.01905298	-240.303	1.8	-260.7295	
40.46074	COLLISION_NONE	NOT_SWITCH	NOT_RESET	NOT_WAYPOINT	-252.7684	1.8	-271.9303	0	0	0	1	0.006942272	0.4262161	0.02279949	-240.303	1.8	-260.7295	
40.48074	COLLISION_NONE	NOT_SWITCH	NOT_RESET	NOT_WAYPOINT	-253.2878	1.8	-272.1786	0	0	0	1	0.007401466	0.4365616	0.01885128	-240.303	1.8	-260.7295	
40.50074	COLLISION_NONE	NOT_SWITCH	NOT_RESET	NOT_WAYPOINT	-253.8965	1.8	-272.5036	0	0	0	1	0.005348682	0.4637604	-5.00679E-05	-240.303	1.8	-260.7295	
40.52074	COLLISION_NONE	NOT_SWITCH	NOT_RESET	NOT_WAYPOINT	-254.5942	1.8	-272.9054	0	0	0	1	0.005348682	0.4637604	-5.00679E-05	-240.303	1.8	-260.7295	
40.54074	COLLISION_NONE	NOT_SWITCH	NOT_RESET	NOT_WAYPOINT	-255.292	1.8	-273.3072	0	0	0	1	0.009206295	0.4780579	0.002933025	-240.303	1.8	-260.7295	
40.56074	COLLISION_NONE	NOT_SWITCH	NOT_RESET	NOT_WAYPOINT	-256.0782	1.8	-273.7865	0	0	0	1	0.01590776	0.4787827	0.01361799	-240.303	1.8	-260.7295	
40.58074	COLLISION_NONE	NOT_SWITCH	NOT_RESET	NOT_WAYPOINT	-256.9525	1.8	-274.3438	0	0	0	1	0.008905411	0.4785614	0.01340294	-240.303	1.8	-260.7295	
40.60074	COLLISION_NONE	NOT_SWITCH	NOT_RESET	NOT_WAYPOINT	-257.9143	1.8	-274.9796	0	0	0	1	0.008905411	0.4785614	0.01340294	-240.303	1.8	-260.7295	
40.62074	COLLISION_NONE	NOT_SWITCH	NOT_RESET	NOT_WAYPOINT	-258.8761	1.8	-275.6155	0	0	0	1	0.002093792	0.4891968	0.0197134	-240.303	1.8	-260.7295	
40.64074	COLLISION_NONE	NOT_SWITCH	NOT_RESET	NOT_WAYPOINT	-259.9232	1.8	-276.3324	0	0	0	1	-0.005143642	0.4856491	0.02314043	-240.303	1.8	-260.7295	
40.66074	COLLISION_NONE	NOT_SWITCH	NOT_RESET	NOT_WAYPOINT	-261.0217	1.8	-277.1033	0	0	0	1	-0.005143642	0.4856491	0.02314043	-240.303	1.8	-260.7295	
40.68074	COLLISION_NONE	NOT_SWITCH	NOT_RESET	NOT_WAYPOINT	-262.1202	1.8	-277.8741	0	0	0	1	0.008862495	0.4860764	0.02356911	-240.303	1.8	-260.7295	
40.70074	COLLISION_NONE	NOT_SWITCH	NOT_RESET	NOT_WAYPOINT	-263.2003	1.8	-278.6323	0	0	0	1	0.005577564	0.5041656	0.03665781	-240.303	1.8	-260.7295	
40.72074	COLLISION_NONE	NOT_SWITCH	NOT_RESET	NOT_WAYPOINT	-264.2621	1.8	-279.3776	0	0	0	1	0.005710602	0.5113449	0.03984261	-240.303	1.8	-260.7295	
40.74074	COLLISION_NONE	NOT_SWITCH	NOT_RESET	NOT_WAYPOINT	-265.3055	1.8	-280.11	0	0	0	1	0.01314306	0.5108871	0.02609921	-240.303	1.8	-260.7295	
40.76074	COLLISION_NONE	NOT_SWITCH	NOT_RESET	NOT_WAYPOINT	-266.3305	1.8	-280.8296	0	0	0	1	0.01314306	0.5108871	0.02609921	-240.303	1.8	-260.7295	
40.78074	COLLISION_NONE	NOT_SWITCH	NOT_RESET	NOT_WAYPOINT	-267.3556	1.8	-281.5492	0	0	0	1	0.003701687	0.5200729	0.004382133	-240.303	1.8	-260.7295	
40.80074	COLLISION_NONE	NOT_SWITCH	NOT_RESET	NOT_WAYPOINT	-268.3623	1.8	-282.256	0	0	0	1	-0.007670879	0.5174255	0.02863836	-240.303	1.8	-260.7295	
40.82074	COLLISION_NONE	NOT_SWITCH	NOT_RESET	NOT_WAYPOINT	-269.3506	1.8	-282.9499	0	0	0	1	-0.007670879	0.5174255	0.02863836	-240.303	1.8	-260.7295	
40.84074	COLLISION_NONE	NOT_SWITCH	NOT_RESET	NOT_WAYPOINT	-270.339	1.8	-283.6437	0	0	0	1	0.005363941	0.5045013	0.04363728	-240.303	1.8	-260.7295	
40.86074	COLLISION_NONE	NOT_SWITCH	NOT_RESET	NOT_WAYPOINT	-271.3091	1.8	-284.3248	0	0	0	1	0.006005287	0.5034943	0.02269983	-240.303	1.8	-260.7295	
40.88074	COLLISION_NONE	NOT_SWITCH	NOT_RESET	NOT_WAYPOINT	-272.2607	1.8	-284.9929	0	0	0	1	0.02698278	0.4892883	0.006501198	-240.303	1.8	-260.7295	
40.90075	COLLISION_NONE	NOT_SWITCH	NOT_RESET	NOT_WAYPOINT	-273.1941	1.8	-285.6482	0	0	0	1	0.02698278	0.4892883	0.006501198	-240.303	1.8	-260.7295	
40.92075	COLLISION_NONE	NOT_SWITCH	NOT_RESET	NOT_WAYPOINT	-274.1274	1.8	-286.3035	0	0	0	1	0.01619053	0.4894638	0.01665115	-240.303	1.8	-260.7295	
40.94075	COLLISION_NONE	NOT_SWITCH	NOT_RESET	NOT_WAYPOINT	-275.0425	1.8	-286.9459	0	0	0	1	0.005465984	0.4858017	0.01997232	-240.303	1.8	-260.7295	
40.96075	COLLISION_NONE	NOT_SWITCH	NOT_RESET	NOT_WAYPOINT	-275.9392	1.8	-287.5754	0	0	0	1	0.01246929	0.4860153	0.0201869	-240.303	1.8	-260.7295	
40.98075	COLLISION_NONE	NOT_SWITCH	NOT_RESET	NOT_WAYPOINT	-276.8175	1.8	-288.1921	0	0	0	1	0.01246929	0.4860153	0.0201869	-240.303	1.8	-260.7295	
41.00075	COLLISION_NONE	NOT_SWITCH	NOT_RESET	NOT_WAYPOINT	-277.6959	1.8	-288.8088	0	0	0	1	0.01994324	0.4929047	0.01311684	-240.303	1.8	-260.7295	
41.02075	COLLISION_NONE	NOT_SWITCH	NOT_RESET	NOT_WAYPOINT	-278.5559	1.8	-289.4126	0	0	0	1	0.02328491	0.4895096	0.01337481	-240.303	1.8	-260.7295	
41.04075	COLLISION_NONE	NOT_SWITCH	NOT_RESET	NOT_WAYPOINT	-279.3976	1.8	-290.0035	0	0	0	1	0.02328491	0.4895096	0.01337481	-240.303	1.8	-260.7295	
41.06075	COLLISION_NONE	NOT_SWITCH	NOT_RESET	NOT_WAYPOINT	-280.2393	1.8	-290.5945	0	0	0	1	0.0165472	0.49263	0.009520531	-240.303	1.8	-260.7295	
41.08075	COLLISION_NONE	NOT_SWITCH	NOT_RESET	NOT_WAYPOINT	-281.0626	1.8	-291.1725	0	0	0	1	0.02059841	0.4992523	-0.001147747	-240.303	1.8	-260.7295	
41.10075	COLLISION_NONE	NOT_SWITCH	NOT_RESET	NOT_WAYPOINT	-281.8676	1.8	-291.7377	0	0	0	1	0.01029682	0.4949188	-0.01178741	-240.303	1.8	-260.7295	
41.12075	COLLISION_NONE	NOT_SWITCH	NOT_RESET	NOT_WAYPOINT	-282.6543	1.8	-292.2901	0	0	0	1	0.02152443	0.5089264	-0.01905203	-240.303	1.8	-260.7295	
41.14075	COLLISION_NONE	NOT_SWITCH	NOT_RESET	NOT_WAYPOINT	-283.4227	1.8	-292.8295	0	0	0	1	0.02152443	0.5089264	-0.01905203	-240.303	1.8	-260.7295	
41.16075	COLLISION_NONE	NOT_SWITCH	NOT_RESET	NOT_WAYPOINT	-284.191	1.8	-293.369	0	0	0	1	0.01504564	0.5041962	-0.04005241	-240.303	1.8	-260.7295	
41.18075	COLLISION_NONE	NOT_SWITCH	NOT_RESET	NOT_WAYPOINT	-284.941	1.8	-293.8956	0	0	0	1	0.01504564	0.5041962	-0.04005241	-240.303	1.8	-260.7295	
41.20075	COLLISION_NONE	NOT_SWITCH	NOT_RESET	NOT_WAYPOINT	-285.6911	1.8	-294.4221	0	0	0	1	0.02252388	0.5147629	-0.04378366	-240.303	1.8	-260.7295	
41.22075	COLLISION_NONE	NOT_SWITCH	NOT_RESET	NOT_WAYPOINT	-286.4228	1.8	-294.9359	0	0	0	1	0.02570868	0.5117035	-0.03654289	-240.303	1.8	-260.7295	
41.24075	COLLISION_NONE	NOT_SWITCH	NOT_RESET	NOT_WAYPOINT	-287.1361	1.8	-295.4367	0	0	0	1	0.02885151	0.493782	-0.04614735	-240.303	1.8	-260.7295	
41.26075	COLLISION_NONE	NOT_SWITCH	NOT_RESET	NOT_WAYPOINT	-287.8311	1.8	-295.9247	0	0	0	1	0.03591871	0.4901657	-0.05276155	-240.303	1.8	-260.7295	
41.28075	COLLISION_NONE	NOT_SWITCH	NOT_RESET	NOT_WAYPOINT	-288.5078	1.8	-296.3998	0	0	0	1	0.03591871	0.4901657	-0.05276155	-240.303	1.8	-260.7295	
41.30075	COLLISION_NONE	NOT_SWITCH	NOT_RESET	NOT_WAYPOINT	-289.1845	1.8	-296.8749	0	0	0	1	0.02497816	0.4868317	-0.0424614	-240.303	1.8	-260.7295	
41.32076	COLLISION_NONE	NOT_SWITCH	NOT_RESET	NOT_WAYPOINT	-289.8429	1.8	-297.3371	0	0	0	1	0.02497816	0.4868317	-0.0424614	-240.303	1.8	-260.7295	
41.34076	COLLISION_NONE	NOT_SWITCH	NOT_RESET	NOT_WAYPOINT	-290.5013	1.8	-297.7993	0	0	0	1	0.04711819	0.5116882	-0.04985666	-240.303	1.8	-260.7295	
41.36076	COLLISION_NONE	NOT_SWITCH	NOT_RESET	NOT_WAYPOINT	-291.1413	1.8	-298.2487	0	0	0	1	0.03629065	0.5118637	-0.039711	-240.303	1.8	-260.7295	
41.38076	COLLISION_NONE	NOT_SWITCH	NOT_RESET	NOT_WAYPOINT	-291.763	1.8	-298.6852	0	0	0	1	0.03915548	0.4981232	-0.03550863	-240.303	1.8	-260.7295	
41.40076	COLLISION_NONE	NOT_SWITCH	NOT_RESET	NOT_WAYPOINT	-292.3663	1.8	-299.1088	0	0	0	1	0.03915548	0.4981232	-0.03550863	-240.303	1.8	-260.7295	
41.42076	COLLISION_NONE	NOT_SWITCH	NOT_RESET	NOT_WAYPOINT	-292.9697	1.8	-299.5324	0	0	0	1	0.04554415	0.5030136	-0.01101589	-240.303	1.8	-260.7295	
41.44076	COLLISION_NONE	NOT_SWITCH	NOT_RESET	NOT_WAYPOINT	-293.5547	1.8	-299.9431	0	0	0	1	0.0492897	0.4916077	-0.03139353	-240.303	1.8	-260.7295	
41.46076	COLLISION_NONE	NOT_SWITCH	NOT_RESET	NOT_WAYPOINT	-294.1214	1.8	-300.341	0	0	0	1	0.03969955	0.5009537	-0.04961967	-240.303	1.8	-260.7295	
41.48076	COLLISION_NONE	NOT_SWITCH	NOT_RESET	NOT_WAYPOINT	-294.6698	1.8	-300.726	0	0	0	1	0.03969955	0.5009537	-0.04961967	-240.303	1.8	-260.7295	
41.50076	COLLISION_NONE	NOT_SWITCH	NOT_RESET	NOT_WAYPOINT	-295.2181	1.8	-301.1111	0	0	0	1	0.04656696	0.5125275	-0.03240919	-240.303	1.8	-260.7295	
41.52076	COLLISION_NONE	NOT_SWITCH	NOT_RESET	NOT_WAYPOINT	-295.7482	1.8	-301.4832	0	0	0	1	0.04656696	0.5125275	-0.03240919	-240.303	1.8	-260.7295	
41.54076	COLLISION_NONE	NOT_SWITCH	NOT_RESET	NOT_WAYPOINT	-296.2782	1.8	-301.8553	0	0	0	1	0.03648233	0.5263824	-0.0298481	-240.303	1.8	-260.7295	
41.56076	COLLISION_NONE	NOT_SWITCH	NOT_RESET	NOT_WAYPOINT	-296.7899	1.8	-302.2146	0	0	0	1	0.039783	0.526825	-0.02276039	-240.303	1.8	-260.7295	
41.58076	COLLISION_NONE	NOT_SWITCH	NOT_RESET	NOT_WAYPOINT	-297.2832	1.8	-302.5609	0	0	0	1	0.05055904	0.5378342	-0.01939964	-240.303	1.8	-260.7295	
41.60076	COLLISION_NONE	NOT_SWITCH	NOT_RESET	NOT_WAYPOINT	-297.7583	1.8	-302.8945	0	0	0	1	0.04374218	0.5372849	-0.02659655	-240.303	1.8	-260.7295	
41.62076	COLLISION_NONE	NOT_SWITCH	NOT_RESET	NOT_WAYPOINT	-298.215	1.8	-303.2151	0	0	0	1	0.04374218	0.5372849	-0.02659655	-240.303	1.8	-260.7295	
41.64076	COLLISION_NONE	NOT_SWITCH	NOT_RESET	NOT_WAYPOINT	-298.6717	1.8	-303.5358	0	0	0	1	0.04703379	0.5525818	-0.002664566	-240.303	1.8	-260.7295	
41.66076	COLLISION_NONE	NOT_SWITCH	NOT_RESET	NOT_WAYPOINT	-299.11	1.8	-303.8435	0	0	0	1	0.04703379	0.5525818	-0.002664566	-240.303	1.8	-260.7295	
41.68076	COLLISION_NONE	NOT_SWITCH	NOT_RESET	NOT_WAYPOINT	-299.5484	1.8	-304.1513	0	0	0	1	0.05507517	0.5623093	-0.02383614	-240.303	1.8	-260.7295	
41.70076	COLLISION_NONE	NOT_SWITCH	NOT_RESET	NOT_WAYPOINT	-299.9684	1.8	-304.4462	0	0	0	1	0.04443884	0.5584793	-0.024014	-240.303	1.8	-260.7295	
41.72076	COLLISION_NONE	NOT_SWITCH	NOT_RESET	NOT_WAYPOINT	-300.3701	1.8	-304.7282	0	0	0	1	0.04443884	0.5584793	-0.024014	-240.303	1.8	-260.7295	
41.74076	COLLISION_NONE	NOT_SWITCH	NOT_RESET	NOT_WAYPOINT	-300.7718	1.8	-305.0103	0	0	0	1	0.04701281	0.5489044	-0.006001949	-240.303	1.8	-260.7295	
41.76077	COLLISION_NONE	NOT_SWITCH	NOT_RESET	NOT_WAYPOINT	-301.1552	1.8	-305.2794	0	0	0	1	0.0477047	0.5589218	-0.01692581	-240.303	1.8	-260.7295	
41.78077	COLLISION_NONE	NOT_SWITCH	NOT_RESET	NOT_WAYPOINT	-301.5202	1.8	-305.5357	0	0	0	1	0.01965714	0.5543213	-0.02475548	-240.303	1.8	-260.7295	
41.80077	COLLISION_NONE	NOT_SWITCH	NOT_RESET	NOT_WAYPOINT	-301.8669	1.8	-305.7791	0	0	0	1	0.01965714	0.5543213	-0.02475548	-240.303	1.8	-260.7295	
41.82077	COLLISION_NONE	NOT_SWITCH	NOT_RESET	NOT_WAYPOINT	-302.2136	1.8	-306.0226	0	0	0	1	0.04039621	0.5555344	-0.01001167	-240.303	1.8	-260.7295	
41.84077	COLLISION_NONE	NOT_SWITCH	NOT_RESET	NOT_WAYPOINT	-302.5237	1.8	-306.2402	0	0	0	1	0.0262742	0.5515976	-0.01029587	-240.303	1.8	-260.7295	
41.86077	COLLISION_NONE	NOT_SWITCH	NOT_RESET	NOT_WAYPOINT	-302.8153	1.8	-306.445	0	0	0	1	0.03330755	0.5628281	-6.580353E-05	-240.303	1.8	-260.7295	
41.88077	COLLISION_NONE	NOT_SWITCH	NOT_RESET	NOT_WAYPOINT	-303.0887	1.8	-306.637	0	0	0	1	0.02638817	0.5623856	-0.00739193	-240.303	1.8	-260.7295	
41.90077	COLLISION_NONE	NOT_SWITCH	NOT_RESET	NOT_WAYPOINT	-303.3254	1.8	-306.8032	0	0	0	1	0.02647209	0.5475922	-0.02061367	-240.303	1.8	-260.7295	
41.92077	COLLISION_NONE	NOT_SWITCH	NOT_RESET	NOT_WAYPOINT	-303.5569	1.8	-306.9657	0	0	0	1	0.01566744	0.543869	-0.02091885	-240.303	1.8	-260.7295	
41.94077	COLLISION_NONE	NOT_SWITCH	NOT_RESET	NOT_WAYPOINT	-303.7838	1.8	-307.125	0	0	0	1	0.0224638	0.5556641	0.003400326	-240.303	1.8	-260.7295	
41.96077	COLLISION_NONE	NOT_SWITCH	NOT_RESET	NOT_WAYPOINT	-304.0017	1.8	-307.278	0	0	0	1	0.0224638	0.5556641	0.003400326	-240.303	1.8	-260.7295	
41.98077	COLLISION_NONE	NOT_SWITCH	NOT_RESET	NOT_WAYPOINT	-304.2195	1.8	-307.4309	0	0	0	1	0.02638817	0.5623856	-0.00739193	-240.303	1.8	-260.7295	
42.00077	COLLISION_NONE	NOT_SWITCH	NOT_RESET	NOT_WAYPOINT	-304.429	1.8	-307.5779	0	0	0	1	0.01570845	0.5624008	-0.0007381439	-240.303	1.8	-260.7295	
42.02077	COLLISION_NONE	NOT_SWITCH	NOT_RESET	NOT_WAYPOINT	-304.6384	1.8	-307.725	0	0	0	1	0.01570845	0.5624008	-0.0007381439	-240.303	1.8	-260.7295	
42.04077	COLLISION_NONE	NOT_SWITCH	NOT_RESET	NOT_WAYPOINT	-304.8437	1.8	-307.8691	0	0	0	1	0.002694607	0.5863342	-0.005735397	-240.303	1.8	-260.7295	
42.06077	COLLISION_NONE	NOT_SWITCH	NOT_RESET	NOT_WAYPOINT	-305.0449	1.8	-308.0104	0	0	0	1	-0.004945278	0.5685959	-0.005191803	-240.303	1.8	-260.7295	
42.08077	COLLISION_NONE	NOT_SWITCH	NOT_RESET	NOT_WAYPOINT	-305.238	1.8	-308.146	0	0	0	1	-0.01149607	0.5640259	-0.02270317	-240.303	1.8	-260.7295	
42.10077	COLLISION_NONE	NOT_SWITCH	NOT_RESET	NOT_WAYPOINT	-305.4312	1.8	-308.2817	0	0	0	1	-0.004018784	0.5745926	-0.02643204	-240.303	1.8	-260.7295	
42.12077	COLLISION_NONE	NOT_SWITCH	NOT_RESET	NOT_WAYPOINT	-305.6207	1.8	-308.4147	0	0	0	1	0.001942158	0.5653	-0.004817963	-240.303	1.8	-260.7295	
42.14077	COLLISION_NONE	NOT_SWITCH	NOT_RESET	NOT_WAYPOINT	-305.8063	1.8	-308.545	0	0	0	1	-0.005742073	0.5624237	0.01256227	-240.303	1.8	-260.7295	
42.16077	COLLISION_NONE	NOT_SWITCH	NOT_RESET	NOT_WAYPOINT	-305.9882	1.8	-308.6727	0	0	0	1	-0.00604105	0.5480652	0.006196022	-240.303	1.8	-260.7295	
42.18077	COLLISION_NONE	NOT_SWITCH	NOT_RESET	NOT_WAYPOINT	-306.1665	1.8	-308.7979	0	0	0	1	0.01284552	0.5834885	0.001726151	-240.303	1.8	-260.7295	
42.20078	COLLISION_NONE	NOT_SWITCH	NOT_RESET	NOT_WAYPOINT	-306.3376	1.8	-308.918	0	0	0	1	0.01673651	0.5941086	0.001381874	-240.303	1.8	-260.7295	
42.22078	COLLISION_NONE	NOT_SWITCH	NOT_RESET	NOT_WAYPOINT	-306.5089	1.8	-309.0383	0	0	0	1	0.02079058	0.6192551	0.01089525	-240.303	1.8	-260.7295	
42.24078	COLLISION_NONE	NOT_SWITCH	NOT_RESET	NOT_WAYPOINT	-306.6768	1.8	-309.1562	0	0	0	1	0.001315117	0.5736618	0.02279234	-240.303	1.8	-260.7295	
42.26078	COLLISION_NONE	NOT_SWITCH	NOT_RESET	NOT_WAYPOINT	-306.8379	1.8	-309.2693	0	0	0	1	0.004777431	0.5739975	0.03001213	-240.303	1.8	-260.7295	
42.28078	COLLISION_NONE	NOT_SWITCH	NOT_RESET	NOT_WAYPOINT	-306.9992	1.8	-309.3825	0	0	0	1	0.004777431	0.5739975	0.03001213	-240.303	1.8	-260.7295	
42.30078	COLLISION_NONE	NOT_SWITCH	NOT_RESET	NOT_WAYPOINT	-307.1605	1.8	-309.4957	0	0	0	1	0.001459599	0.5771637	0.02264118	-240.303	1.8	-260.7295	
42.32078	COLLISION_NONE	NOT_SWITCH	NOT_RESET	NOT_WAYPOINT	-307.3088	1.8	-309.5999	0	0	0	1	0.008735657	0.5880661	0.02589464	-240.303	1.8	-260.7295	
42.34078	COLLISION_NONE	NOT_SWITCH	NOT_RESET	NOT_WAYPOINT	-307.4607	1.8	-309.7065	0	0	0	1	0.02940273	0.5892639	0.04063988	-240.303	1.8	-260.7295	
42.36078	COLLISION_NONE	NOT_SWITCH	NOT_RESET	NOT_WAYPOINT	-307.6095	1.8	-309.811	0	0	0	1	0.01563644	0.5848312	0.02988243	-240.303	1.8	-260.7295	
42.38078	COLLISION_NONE	NOT_SWITCH	NOT_RESET	NOT_WAYPOINT	-307.7554	1.8	-309.9134	0	0	0	1	0.0185914	0.5672455	0.02726364	-240.303	1.8	-260.7295	
42.40078	COLLISION_NONE	NOT_SWITCH	NOT_RESET	NOT_WAYPOINT	-307.8983	1.8	-310.0138	0	0	0	1	0.02559519	0.5674591	0.02748299	-240.303	1.8	-260.7295	
42.42078	COLLISION_NONE	NOT_SWITCH	NOT_RESET	NOT_WAYPOINT	-308.0384	1.8	-310.1121	0	0	0	1	0.04323339	0.5788422	0.03455496	-240.303	1.8	-260.7295	
42.44078	COLLISION_NONE	NOT_SWITCH	NOT_RESET	NOT_WAYPOINT	-308.1756	1.8	-310.2085	0	0	0	1	0.03842926	0.5622177	0.05613852	-240.303	1.8	-260.7295	
42.46078	COLLISION_NONE	NOT_SWITCH	NOT_RESET	NOT_WAYPOINT	-308.3102	1.8	-310.3029	0	0	0	1	0.05641317	0.5730972	0.05274248	-240.303	1.8	-260.7295	
42.48078	COLLISION_NONE	NOT_SWITCH	NOT_RESET	NOT_WAYPOINT	-308.442	1.8	-310.3955	0	0	0	1	0.04543257	0.5624237	0.05635762	-240.303	1.8	-260.7295	
42.50078	COLLISION_NONE	NOT_SWITCH	NOT_RESET	NOT_WAYPOINT	-308.5712	1.8	-310.4862	0	0	0	1	0.034832	0.5586014	0.05618191	-240.303	1.8	-260.7295	
42.52078	COLLISION_NONE	NOT_SWITCH	NOT_RESET	NOT_WAYPOINT	-308.6952	1.8	-310.5733	0	0	0	1	0.03817606	0.5552063	0.05644226	-240.303	1.8	-260.7295	
42.54078	COLLISION_NONE	NOT_SWITCH	NOT_RESET	NOT_WAYPOINT	-308.8193	1.8	-310.6605	0	0	0	1	0.02718019	0.540863	0.05672264	-240.303	1.8	-260.7295	
42.56078	COLLISION_NONE	NOT_SWITCH	NOT_RESET	NOT_WAYPOINT	-308.941	1.8	-310.7459	0	0	0	1	0.03441954	0.5258865	0.03311777	-240.303	1.8	-260.7295	
42.58078	COLLISION_NONE	NOT_SWITCH	NOT_RESET	NOT_WAYPOINT	-309.0578	1.8	-310.8279	0	0	0	1	0.03441954	0.5258865	0.03311777	-240.303	1.8	-260.7295	
42.60078	COLLISION_NONE	NOT_SWITCH	NOT_RESET	NOT_WAYPOINT	-309.1746	1.8	-310.9099	0	0	0	1	0.06691933	0.5476074	0.02982521	-240.303	1.8	-260.7295	
42.62078	COLLISION_NONE	NOT_SWITCH	NOT_RESET	NOT_WAYPOINT	-309.2869	1.8	-310.9887	0	0	0	1	0.08092451	0.5480347	0.03026199	-240.303	1.8	-260.7295	
42.64079	COLLISION_NONE	NOT_SWITCH	NOT_RESET	NOT_WAYPOINT	-309.3992	1.8	-311.0676	0	0	0	1	0.08419132	0.5484772	0.03735018	-240.303	1.8	-260.7295	
42.66079	COLLISION_NONE	NOT_SWITCH	NOT_RESET	NOT_WAYPOINT	-309.5092	1.8	-311.1449	0	0	0	1	0.0698514	0.5263519	0.02385759	-240.303	1.8	-260.7295	
42.68079	COLLISION_NONE	NOT_SWITCH	NOT_RESET	NOT_WAYPOINT	-309.6149	1.8	-311.2191	0	0	0	1	0.05536032	0.5119019	0.02402973	-240.303	1.8	-260.7295	
42.70079	COLLISION_NONE	NOT_SWITCH	NOT_RESET	NOT_WAYPOINT	-309.7206	1.8	-311.2933	0	0	0	1	0.07037783	0.536705	0.01991749	-240.303	1.8	-260.7295	
42.72079	COLLISION_NONE	NOT_SWITCH	NOT_RESET	NOT_WAYPOINT	-309.8242	1.8	-311.3661	0	0	0	1	0.07303858	0.5232849	0.03109646	-240.303	1.8	-260.7295	
42.74079	COLLISION_NONE	NOT_SWITCH	NOT_RESET	NOT_WAYPOINT	-309.9237	1.8	-311.4359	0	0	0	1	0.07303858	0.5232849	0.03109646	-240.303	1.8	-260.7295	
42.76079	COLLISION_NONE	NOT_SWITCH	NOT_RESET	NOT_WAYPOINT	-310.0232	1.8	-311.5058	0	0	0	1	0.0491457	0.5436783	0.02930355	-240.303	1.8	-260.7295	
42.78079	COLLISION_NONE	NOT_SWITCH	NOT_RESET	NOT_WAYPOINT	-310.1208	1.8	-311.5743	0	0	0	1	0.05558586	0.530098	0.03723383	-240.303	1.8	-260.7295	
42.80079	COLLISION_NONE	NOT_SWITCH	NOT_RESET	NOT_WAYPOINT	-310.2144	1.8	-311.64	0	0	0	1	0.05242395	0.5404434	0.03305578	-240.303	1.8	-260.7295	
42.82079	COLLISION_NONE	NOT_SWITCH	NOT_RESET	NOT_WAYPOINT	-310.3082	1.8	-311.7059	0	0	0	1	0.05242395	0.5404434	0.03305578	-240.303	1.8	-260.7295	
42.84079	COLLISION_NONE	NOT_SWITCH	NOT_RESET	NOT_WAYPOINT	-310.4001	1.8	-311.7704	0	0	0	1	0.05597878	0.5220871	0.01659775	-240.303	1.8	-260.7295	
42.86079	COLLISION_NONE	NOT_SWITCH	NOT_RESET	NOT_WAYPOINT	-310.4883	1.8	-311.8323	0	0	0	1	0.05915594	0.5226898	0.02717495	-240.303	1.8	-260.7295	
42.88079	COLLISION_NONE	NOT_SWITCH	NOT_RESET	NOT_WAYPOINT	-310.5765	1.8	-311.8943	0	0	0	1	0.05851889	0.5088425	0.03126717	-240.303	1.8	-260.7295	
42.90079	COLLISION_NONE	NOT_SWITCH	NOT_RESET	NOT_WAYPOINT	-310.6613	1.8	-311.9538	0	0	0	1	0.05851889	0.5088425	0.03126717	-240.303	1.8	-260.7295	
42.92079	COLLISION_NONE	NOT_SWITCH	NOT_RESET	NOT_WAYPOINT	-310.746	1.8	-312.0133	0	0	0	1	0.03761101	0.5043564	0.02379179	-240.303	1.8	-260.7295	
42.94079	COLLISION_NONE	NOT_SWITCH	NOT_RESET	NOT_WAYPOINT	-310.8291	1.8	-312.0717	0	0	0	1	0.03033257	0.5046463	0.03404951	-240.303	1.8	-260.7295	
42.96079	COLLISION_NONE	WAIT_SWITCH	NOT_RESET	NOT_WAYPOINT	-315	1.8	-315	0	0	0	1	0.05167961	0.5158005	0.03424025	-240.303	1.8	-260.7295	
42.98079	COLLISION_NONE	NOT_SWITCH	NOT_RESET	NOT_WAYPOINT	-315.0798	1.8	-315.056	0	0	0	1	0.0557723	0.5297623	0.03025389	-240.303	1.8	-260.7295	
43.00079	COLLISION_NONE	NOT_SWITCH	NOT_RESET	NOT_WAYPOINT	-315.1413	1.8	-315.0992	0	0	0	1	0.06528902	0.4908676	0.01827574	-240.303	1.8	-260.7295	
43.02079	COLLISION_NONE	NOT_SWITCH	NOT_RESET	NOT_WAYPOINT	-315.166	1.8	-315.1166	0	0	0	1	0.06898689	0.5054932	0.02825069	-240.303	1.8	-260.7295	
43.04079	COLLISION_NONE	NOT_SWITCH	NOT_RESET	NOT_WAYPOINT	-315.1725	1.8	-315.1211	0	0	0	1	0.06148386	0.5097809	0.04882431	-240.303	1.8	-260.7295	
43.06079	COLLISION_NONE	NOT_SWITCH	NOT_RESET	NOT_WAYPOINT	-315.1725	1.8	-315.1211	0	0	0	1	0.061831	0.5166245	0.04503059	-240.303	1.8	-260.7295	
43.0808	COLLISION_NONE	NOT_SWITCH	NOT_RESET	NOT_WAYPOINT	-315.1725	1.8	-315.1211	0	0	0	1	0.05411339	0.4990463	0.04906297	-240.303	1.8	-260.7295	
43.1008	COLLISION_NONE	NOT_SWITCH	NOT_RESET	NOT_WAYPOINT	-315.1725	1.8	-315.1211	0	0	0	1	0.05672646	0.4968185	0.07374859	-240.303	1.8	-260.7295	
43.1208	COLLISION_NONE	NOT_SWITCH	NOT_RESET	NOT_WAYPOINT	-315.1725	1.8	-315.1211	0	0	0	1	0.03603745	0.5105362	0.07947779	-240.303	1.8	-260.7295	
43.1408	COLLISION_NONE	NOT_SWITCH	NOT_RESET	NOT_WAYPOINT	-315.1725	1.8	-315.1211	0	0	0	1	0.0142417	0.5000534	0.09324741	-240.303	1.8	-260.7295	
43.1608	COLLISION_NONE	NOT_SWITCH	NOT_RESET	NOT_WAYPOINT	-315.1725	1.8	-315.1211	0	0	0	1	0.02152634	0.5146179	0.09983373	-240.303	1.8	-260.7295	
43.1808	COLLISION_NONE	NOT_SWITCH	NOT_RESET	NOT_WAYPOINT	-315.1725	1.8	-315.1211	0	0	0	1	0.01477003	0.5140686	0.09263992	-240.303	1.8	-260.7295	
43.2008	COLLISION_NONE	NOT_SWITCH	NOT_RESET	NOT_WAYPOINT	-315.1725	1.8	-315.1211	0	0	0	1	0.01823902	0.5105057	0.08940911	-240.303	1.8	-260.7295	
43.2208	COLLISION_NONE	NOT_SWITCH	NOT_RESET	NOT_WAYPOINT	-315.1725	1.8	-315.1211	0	0	0	1	0.01862907	0.521019	0.08895278	-240.303	1.8	-260.7295	
43.2408	COLLISION_NONE	NOT_SWITCH	NOT_RESET	NOT_WAYPOINT	-315.1725	1.8	-315.1211	0	0	0	1	0.02888393	0.5179977	0.09291935	-240.303	1.8	-260.7295	
43.2608	COLLISION_NONE	NOT_SWITCH	NOT_RESET	NOT_WAYPOINT	-315.1725	1.8	-315.1211	0	0	0	1	0.02525854	0.514389	0.09296322	-240.303	1.8	-260.7295	
43.2808	COLLISION_NONE	NOT_SWITCH	NOT_RESET	NOT_WAYPOINT	-315.1725	1.8	-315.1211	0	0	0	1	0.02891684	0.5253448	0.09959459	-240.303	1.8	-260.7295	
43.3008	COLLISION_NONE	NOT_SWITCH	NOT_RESET	NOT_WAYPOINT	-315.1725	1.8	-315.1211	0	0	0	1	0.02860451	0.5109863	0.0932219	-240.303	1.8	-260.7295	
43.3208	COLLISION_NONE	NOT_SWITCH	NOT_RESET	NOT_WAYPOINT	-315.1725	1.8	-315.1211	0	0	0	1	0.01839542	0.5176849	0.09259582	-240.303	1.8	-260.7295	
43.3408	COLLISION_NONE	NOT_SWITCH	NOT_RESET	NOT_WAYPOINT	-315.1725	1.8	-315.1211	0	0	0	1	0.02465534	0.5042114	0.1003973	-240.303	1.8	-260.7295	
43.3608	COLLISION_NONE	NOT_SWITCH	NOT_RESET	NOT_WAYPOINT	-315.1725	1.8	-315.1211	0	0	0	1	0.01866055	0.5283661	0.09562898	-240.303	1.8	-260.7295	
43.3808	COLLISION_NONE	NOT_SWITCH	NOT_RESET	NOT_WAYPOINT	-315.1725	1.8	-315.1211	0	0	0	1	0.0004572868	0.5141525	0.1026776	-240.303	1.8	-260.7295	
43.4008	COLLISION_NONE	NOT_SWITCH	NOT_RESET	NOT_WAYPOINT	-315.1725	1.8	-315.1211	0	0	0	1	0.007599354	0.5252151	0.1094136	-240.303	1.8	-260.7295	
43.4208	COLLISION_NONE	NOT_SWITCH	NOT_RESET	NOT_WAYPOINT	-315.1725	1.8	-315.1211	0	0	0	1	0.01494265	0.5322647	0.1058347	-240.303	1.8	-260.7295	
43.4408	COLLISION_NONE	NOT_SWITCH	NOT_RESET	NOT_WAYPOINT	-315.1725	1.8	-315.1211	0	0	0	1	0.0217905	0.5252991	0.1028664	-240.303	1.8	-260.7295	
43.4608	COLLISION_NONE	NOT_SWITCH	NOT_RESET	NOT_WAYPOINT	-315.1725	1.8	-315.1211	0	0	0	1	0.007013321	0.5113602	0.1135154	-240.303	1.8	-260.7295	
43.4808	COLLISION_NONE	NOT_SWITCH	NOT_RESET	NOT_WAYPOINT	-315.1725	1.8	-315.1211	0	0	0	1	0.0103755	0.5116348	0.1171119	-240.303	1.8	-260.7295	
43.5008	COLLISION_NONE	NOT_SWITCH	NOT_RESET	NOT_WAYPOINT	-315.1725	1.8	-315.1211	0	0	0	1	0.00557375	0.4654617	0.1085193	-240.303	1.8	-260.7295	
43.52081	COLLISION_NONE	NOT_SWITCH	NOT_RESET	NOT_WAYPOINT	-315.1725	1.8	-315.1211	0	0	0	1	0.005902767	0.4649582	0.09805036	-240.303	1.8	-260.7295	
43.54081	COLLISION_NONE	NOT_SWITCH	NOT_RESET	NOT_WAYPOINT	-315.1725	1.8	-315.1211	0	0	0	1	0.005902767	0.4649582	0.09805036	-240.303	1.8	-260.7295	
43.56081	COLLISION_NONE	NOT_SWITCH	NOT_RESET	NOT_WAYPOINT	-315.1725	1.8	-315.1211	0	0	0	1	0.02415371	0.4716568	0.08082724	-240.303	1.8	-260.7295	
43.58081	COLLISION_NONE	NOT_SWITCH	NOT_RESET	NOT_WAYPOINT	-315.1725	1.8	-315.1211	0	0	0	1	-0.01102543	0.4524002	0.06657028	-240.303	1.8	-260.7295	
43.60081	COLLISION_NONE	NOT_SWITCH	NOT_RESET	NOT_WAYPOINT	-315.1725	1.8	-315.1211	0	0	0	1	-0.0004935265	0.4452057	0.05672121	-240.303	1.8	-260.7295	
43.62081	COLLISION_NONE	NOT_SWITCH	NOT_RESET	NOT_WAYPOINT	-315.1725	1.8	-315.1211	0	0	0	1	-0.007814884	0.4418259	0.06364369	-240.303	1.8	-260.7295	
43.64081	COLLISION_NONE	NOT_SWITCH	NOT_RESET	NOT_WAYPOINT	-315.1725	1.8	-315.1211	0	0	0	1	0.009588242	0.4425201	0.06766295	-240.303	1.8	-260.7295	
43.66081	COLLISION_NONE	NOT_SWITCH	NOT_RESET	NOT_WAYPOINT	-315.1725	1.8	-315.1211	0	0	0	1	0.02693892	0.4395523	0.06834197	-240.303	1.8	-260.7295	
43.68081	COLLISION_NONE	NOT_SWITCH	NOT_RESET	NOT_WAYPOINT	-315.1725	1.8	-315.1211	0	0	0	1	0.02483606	0.4594727	0.04638577	-240.303	1.8	-260.7295	
43.70081	COLLISION_NONE	NOT_SWITCH	NOT_RESET	NOT_WAYPOINT	-315.1725	1.8	-315.1211	0	0	0	1	0.02483606	0.4594727	0.04638577	-240.303	1.8	-260.7295	
43.72081	COLLISION_NONE	NOT_SWITCH	NOT_RESET	NOT_WAYPOINT	-315.1725	1.8	-315.1211	0	0	0	1	0.0321126	0.455513	0.03278923	-240.303	1.8	-260.7295	
43.74081	COLLISION_NONE	NOT_SWITCH	NOT_RESET	NOT_WAYPOINT	-315.1725	1.8	-315.1211	0	0	0	1	0.04206276	0.4381409	0.03037453	-240.303	1.8	-260.7295	
43.76081	COLLISION_NONE	NOT_SWITCH	NOT_RESET	NOT_WAYPOINT	-315.1725	1.8	-315.1211	0	0	0	1	0.06004429	0.449028	0.02695942	-240.303	1.8	-260.7295	
43.78081	COLLISION_NONE	NOT_SWITCH	NOT_RESET	NOT_WAYPOINT	-315.1725	1.8	-315.1211	0	0	0	1	0.06286001	0.4355087	0.03826571	-240.303	1.8	-260.7295	
43.80081	COLLISION_NONE	NOT_SWITCH	NOT_RESET	NOT_WAYPOINT	-315.1725	1.8	-315.1211	0	0	0	1	0.06646442	0.4354553	0.03488064	-240.303	1.8	-260.7295	
43.82081	COLLISION_NONE	NOT_SWITCH	NOT_RESET	NOT_WAYPOINT	-315.1725	1.8	-315.1211	0	0	0	1	0.05234575	0.4315186	0.03460884	-240.303	1.8	-260.7295	
43.84081	COLLISION_NONE	NOT_SWITCH	NOT_RESET	NOT_WAYPOINT	-315.1725	1.8	-315.1211	0	0	0	1	0.05571842	0.4281235	0.03486633	-240.303	1.8	-260.7295	
43.86081	COLLISION_NONE	NOT_SWITCH	NOT_RESET	NOT_WAYPOINT	-315.1725	1.8	-315.1211	0	0	0	1	0.0596056	0.4387436	0.03451872	-240.303	1.8	-260.7295	
43.88081	COLLISION_NONE	NOT_SWITCH	NOT_RESET	NOT_WAYPOINT	-315.1725	1.8	-315.1211	0	0	0	1	0.05937338	0.4354019	0.0381608	-240.303	1.8	-260.7295	
43.90081	COLLISION_NONE	NOT_SWITCH	NOT_RESET	NOT_WAYPOINT	-315.1725	1.8	-315.1211	0	0	0	1	0.05856991	0.4218826	0.04923582	-240.303	1.8	-260.7295	
43.92081	COLLISION_NONE	CORRECT_SWITCH	NOT_RESET	NOT_WAYPOINT	-315.1725	1.8	-315.1211	0	0	0	1	0.05873203	0.4327316	0.05576205	-240.303	1.8	-260.7295	
43.94081	COLLISION_NONE	NOT_SWITCH	NOT_RESET	NOT_WAYPOINT	-315.1725	1.8	-315.0035	0	0	0	1	0.05152416	0.4328461	0.0625298	-240.303	1.8	-260.7295	
43.96082	COLLISION_NONE	NOT_SWITCH	NOT_RESET	NOT_WAYPOINT	-315.1725	1.8	-314.6507	0	0	0	1	0.05019188	0.405304	0.07420921	-240.303	1.8	-260.7295	
43.98082	COLLISION_NONE	NOT_SWITCH	NOT_RESET	NOT_WAYPOINT	-315.1725	1.8	-314.3203	0	0	0	1	0.04381037	0.4189453	0.06990504	-240.303	1.8	-260.7295	
44.00082	COLLISION_NONE	NOT_SWITCH	NOT_RESET	NOT_WAYPOINT	-315.1725	1.8	-314.0096	0	0	0	1	0.04362392	0.4044266	0.06004071	-240.303	1.8	-260.7295	
44.02082	COLLISION_NONE	NOT_SWITCH	NOT_RESET	NOT_WAYPOINT	-315.1725	1.8	-313.6989	0	0	0	1	0.05754566	0.3975143	0.05378079	-240.303	1.8	-260.7295	
44.04082	COLLISION_NONE	NOT_SWITCH	NOT_RESET	NOT_WAYPOINT	-315.1725	1.8	-313.3952	0	0	0	1	0.04685545	0.397522	0.06044817	-240.303	1.8	-260.7295	
44.06082	COLLISION_NONE	NOT_SWITCH	NOT_RESET	NOT_WAYPOINT	-315.1725	1.8	-313.0987	0	0	0	1	0.03634405	0.3786774	0.03995514	-240.303	1.8	-260.7295	
44.08082	COLLISION_NONE	NOT_SWITCH	NOT_RESET	NOT_WAYPOINT	-315.1725	1.8	-312.8162	0	0	0	1	0.02565575	0.3786926	0.04662466	-240.303	1.8	-260.7295	
44.10082	COLLISION_NONE	NOT_SWITCH	NOT_RESET	NOT_WAYPOINT	-315.1725	1.8	-312.5267	0	0	0	1	0.03243017	0.3792419	0.05380964	-240.303	1.8	-260.7295	
44.12082	COLLISION_NONE	NOT_SWITCH	NOT_RESET	NOT_WAYPOINT	-315.1725	1.8	-312.2372	0	0	0	1	0.05706406	0.3871689	0.057724	-240.303	1.8	-260.7295	
44.14082	COLLISION_NONE	NOT_SWITCH	NOT_RESET	NOT_WAYPOINT	-315.1725	1.8	-311.9477	0	0	0	1	0.06023836	0.3841019	0.06496	-240.303	1.8	-260.7295	
44.16082	COLLISION_NONE	NOT_SWITCH	NOT_RESET	NOT_WAYPOINT	-315.1725	1.8	-311.6652	0	0	0	1	0.06395483	0.383873	0.0580833	-240.303	1.8	-260.7295	
44.18082	COLLISION_NONE	NOT_SWITCH	NOT_RESET	NOT_WAYPOINT	-315.1725	1.8	-311.3828	0	0	0	1	0.06866121	0.4116898	0.0500021	-240.303	1.8	-260.7295	
44.20082	COLLISION_NONE	NOT_SWITCH	NOT_RESET	NOT_WAYPOINT	-315.1725	1.8	-311.1003	0	0	0	1	0.05523062	0.4177704	0.03881121	-240.303	1.8	-260.7295	
44.22082	COLLISION_NONE	NOT_SWITCH	NOT_RESET	NOT_WAYPOINT	-315.1725	1.8	-310.8179	0	0	0	1	0.04474211	0.41745	0.03849506	-240.303	1.8	-260.7295	
44.24082	COLLISION_NONE	NOT_SWITCH	NOT_RESET	NOT_WAYPOINT	-315.1725	1.8	-310.5143	0	0	0	1	0.03743076	0.3992081	0.02857542	-240.303	1.8	-260.7295	
44.26082	COLLISION_NONE	NOT_SWITCH	NOT_RESET	NOT_WAYPOINT	-315.1725	1.8	-310.2036	0	0	0	1	0.03711414	0.3848572	0.02220154	-240.303	1.8	-260.7295	
44.28082	COLLISION_NONE	NOT_SWITCH	NOT_RESET	NOT_WAYPOINT	-315.1725	1.8	-309.8929	0	0	0	1	0.03356743	0.3774033	0.01542282	-240.303	1.8	-260.7295	
44.30082	COLLISION_NONE	NOT_SWITCH	NOT_RESET	NOT_WAYPOINT	-315.1725	1.8	-309.5822	0	0	0	1	0.0359745	0.3681641	0.04041147	-240.303	1.8	-260.7295	
44.32082	COLLISION_NONE	NOT_SWITCH	NOT_RESET	NOT_WAYPOINT	-315.1725	1.8	-309.2715	0	0	0	1	0.03994417	0.378624	0.0365696	-240.303	1.8	-260.7295	
44.34082	COLLISION_NONE	NOT_SWITCH	NOT_RESET	NOT_WAYPOINT	-315.1725	1.8	-308.9608	0	0	0	1	0.03642941	0.3748398	0.03312731	-240.303	1.8	-260.7295	
44.36082	COLLISION_NONE	NOT_SWITCH	NOT_RESET	NOT_WAYPOINT	-315.1725	1.8	-308.6501	0	0	0	1	0.05298233	0.3620224	0.04820967	-240.303	1.8	-260.7295	
44.38083	COLLISION_NONE	NOT_SWITCH	NOT_RESET	NOT_WAYPOINT	-315.1725	1.8	-308.3394	0	0	0	1	0.06347132	0.3771973	0.06536531	-240.303	1.8	-260.7295	
44.40083	COLLISION_NONE	NOT_SWITCH	NOT_RESET	NOT_WAYPOINT	-315.1725	1.8	-308.0287	0	0	0	1	0.06352615	0.3772583	0.06898093	-240.303	1.8	-260.7295	
44.42083	COLLISION_NONE	NOT_SWITCH	NOT_RESET	NOT_WAYPOINT	-315.1725	1.8	-307.718	0	0	0	1	0.05643368	0.3881607	0.07866287	-240.303	1.8	-260.7295	
44.44083	COLLISION_NONE	NOT_SWITCH	NOT_RESET	NOT_WAYPOINT	-315.1725	1.8	-307.4073	0	0	0	1	0.04978132	0.3725967	0.05114222	-240.303	1.8	-260.7295	
44.46083	COLLISION_NONE	NOT_SWITCH	NOT_RESET	NOT_WAYPOINT	-315.1725	1.8	-307.0966	0	0	0	1	0.04224014	0.369545	0.06504607	-240.303	1.8	-260.7295	
44.48083	COLLISION_NONE	NOT_SWITCH	NOT_RESET	NOT_WAYPOINT	-315.1725	1.8	-306.7859	0	0	0	1	0.0421257	0.3697128	0.06853557	-240.303	1.8	-260.7295	
44.50083	COLLISION_NONE	NOT_SWITCH	NOT_RESET	NOT_WAYPOINT	-315.1725	1.8	-306.4752	0	0	0	1	0.04507828	0.3560257	0.0763526	-240.303	1.8	-260.7295	
44.52083	COLLISION_NONE	NOT_SWITCH	NOT_RESET	NOT_WAYPOINT	-315.1725	1.8	-306.1645	0	0	0	1	0.04485178	0.3378372	0.06315017	-240.303	1.8	-260.7295	
44.54083	COLLISION_NONE	NOT_SWITCH	NOT_RESET	NOT_WAYPOINT	-315.1725	1.8	-305.8538	0	0	0	1	0.06290483	0.3485565	0.05622745	-240.303	1.8	-260.7295	
44.56083	COLLISION_NONE	NOT_SWITCH	NOT_RESET	NOT_WAYPOINT	-315.1725	1.8	-305.5431	0	0	0	1	0.0700078	0.3337555	0.036098	-240.303	1.8	-260.7295	
44.58083	COLLISION_NONE	NOT_SWITCH	NOT_RESET	NOT_WAYPOINT	-315.1725	1.8	-305.2324	0	0	0	1	0.06660318	0.3334885	0.03250551	-240.303	1.8	-260.7295	
44.60083	COLLISION_NONE	NOT_SWITCH	NOT_RESET	NOT_WAYPOINT	-315.1725	1.8	-304.9217	0	0	0	1	0.06968546	0.3194122	0.02971888	-240.303	1.8	-260.7295	
44.62083	COLLISION_NONE	NOT_SWITCH	NOT_RESET	NOT_WAYPOINT	-315.1725	1.8	-304.611	0	0	0	1	0.08380556	0.323349	0.02997684	-240.303	1.8	-260.7295	
44.64083	COLLISION_NONE	NOT_SWITCH	NOT_RESET	NOT_WAYPOINT	-315.1725	1.8	-304.3003	0	0	0	1	0.08451223	0.3333664	0.0190587	-240.303	1.8	-260.7295	
44.66083	COLLISION_NONE	NOT_SWITCH	NOT_RESET	NOT_WAYPOINT	-315.1725	1.8	-303.9896	0	0	0	1	0.05916214	0.3154144	0.02607489	-240.303	1.8	-260.7295	
44.68083	COLLISION_NONE	NOT_SWITCH	NOT_RESET	NOT_WAYPOINT	-315.1725	1.8	-303.6789	0	0	0	1	0.06313896	0.3294754	0.02195692	-240.303	1.8	-260.7295	
44.70083	COLLISION_NONE	NOT_SWITCH	NOT_RESET	NOT_WAYPOINT	-315.1725	1.8	-303.3682	0	0	0	1	0.06679392	0.329483	0.02218723	-240.303	1.8	-260.7295	
44.72083	COLLISION_NONE	NOT_SWITCH	NOT_RESET	NOT_WAYPOINT	-315.1725	1.8	-303.0575	0	0	0	1	0.04124308	0.3267136	0.05303001	-240.303	1.8	-260.7295	
44.74083	COLLISION_NONE	NOT_SWITCH	NOT_RESET	NOT_WAYPOINT	-315.1725	1.8	-302.7468	0	0	0	1	0.04399109	0.302124	0.05070686	-240.303	1.8	-260.7295	
44.76083	COLLISION_NONE	NOT_SWITCH	NOT_RESET	NOT_WAYPOINT	-315.1725	1.8	-302.4361	0	0	0	1	0.0607543	0.2889709	0.05879593	-240.303	1.8	-260.7295	
44.78083	COLLISION_NONE	NOT_SWITCH	NOT_RESET	NOT_WAYPOINT	-315.1725	1.8	-302.1254	0	0	0	1	0.0505619	0.2881546	0.04802275	-240.303	1.8	-260.7295	
44.80083	COLLISION_NONE	NOT_SWITCH	NOT_RESET	NOT_WAYPOINT	-315.1212	1.8	-301.8184	0	0	0	1	0.04003763	0.2841568	0.04438257	-240.303	1.8	-260.7295	
44.82084	COLLISION_NONE	NOT_SWITCH	NOT_RESET	NOT_WAYPOINT	-315.0327	1.8	-301.5115	0	0	0	1	0.04003763	0.2841568	0.04438257	-240.303	1.8	-260.7295	
44.84084	COLLISION_NONE	NOT_SWITCH	NOT_RESET	NOT_WAYPOINT	-314.9442	1.8	-301.2046	0	0	0	1	0.05096102	0.2986679	0.04757118	-240.303	1.8	-260.7295	
44.86084	COLLISION_NONE	NOT_SWITCH	NOT_RESET	NOT_WAYPOINT	-314.7133	1.8	-300.8954	0	0	0	1	0.0512166	0.3056793	0.04726839	-240.303	1.8	-260.7295	
44.88084	COLLISION_NONE	NOT_SWITCH	NOT_RESET	TRIGGER_WAYPOINT	-314.4671	1.8	-300.5852	0	0.0006876129	0	0.9999998	0.03980875	0.2919998	0.06152987	-315	1.8	-285	
44.90084	COLLISION_NONE	NOT_SWITCH	NOT_RESET	NOT_WAYPOINT	-314.1546	1.8	-300.2746	0	0.002352774	0	0.9999973	0.04370165	0.2914429	0.04767084	-315	1.8	-285	
44.92084	COLLISION_NONE	NOT_SWITCH	NOT_RESET	NOT_WAYPOINT	-313.8438	1.8	-299.9657	0	0.00619666	0	0.9999808	0.04800034	0.305069	0.03669548	-315	1.8	-285	
44.94084	COLLISION_NONE	NOT_SWITCH	NOT_RESET	NOT_WAYPOINT	-313.5322	1.8	-299.6582	0	0.01941637	0	0.9998115	0.04018164	0.2876663	0.04423094	-315	1.8	-285	
44.96084	COLLISION_NONE	NOT_SWITCH	NOT_RESET	NOT_WAYPOINT	-313.2189	1.8	-299.3565	0	0.0274354	0	0.9996236	0.0684557	0.3028793	0.05141616	-315	1.8	-285	
44.98084	COLLISION_NONE	NOT_SWITCH	NOT_RESET	NOT_WAYPOINT	-312.9021	1.8	-299.0588	0	0.0274354	0	0.9996236	0.0684557	0.3028793	0.05141616	-315	1.8	-285	
45.00084	COLLISION_NONE	NOT_SWITCH	NOT_RESET	NOT_WAYPOINT	-312.5853	1.8	-298.7612	0	0.03580515	0	0.9993588	0.07564831	0.3027649	0.0446372	-315	1.8	-285	
45.02084	COLLISION_NONE	NOT_SWITCH	NOT_RESET	NOT_WAYPOINT	-312.2649	1.8	-298.4678	0	0.04434856	0	0.9990162	0.06182909	0.2983246	0.03391218	-315	1.8	-285	
45.04084	COLLISION_NONE	NOT_SWITCH	NOT_RESET	NOT_WAYPOINT	-311.9409	1.8	-298.1791	0	0.05297678	0	0.9985958	0.06291056	0.3076859	0.009029865	-315	1.8	-285	
45.06084	COLLISION_NONE	NOT_SWITCH	NOT_RESET	NOT_WAYPOINT	-311.6129	1.8	-297.8953	0	0.05297678	0	0.9985958	0.06291056	0.3076859	0.009029865	-315	1.8	-285	
45.08084	COLLISION_NONE	NOT_SWITCH	NOT_RESET	NOT_WAYPOINT	-311.2849	1.8	-297.6115	0	0.06164505	0	0.9980982	0.05238628	0.2924423	-0.01173544	-315	1.8	-285	
45.10084	COLLISION_NONE	NOT_SWITCH	NOT_RESET	NOT_WAYPOINT	-310.9529	1.8	-297.3328	0	0.07033066	0	0.9975238	0.06631327	0.2931137	-0.0042243	-315	1.8	-285	
45.12084	COLLISION_NONE	NOT_SWITCH	NOT_RESET	NOT_WAYPOINT	-310.6166	1.8	-297.0596	0	0.07902193	0	0.996873	0.070786	0.3175278	-0.01228523	-315	1.8	-285	
45.14084	COLLISION_NONE	NOT_SWITCH	NOT_RESET	NOT_WAYPOINT	-310.2761	1.8	-296.792	0	0.07902193	0	0.996873	0.070786	0.3175278	-0.01228523	-315	1.8	-285	
45.16084	COLLISION_NONE	NOT_SWITCH	NOT_RESET	NOT_WAYPOINT	-309.9356	1.8	-296.5243	0	0.08771269	0	0.9961459	0.05897474	0.3008957	0.01621103	-315	1.8	-285	
45.18084	COLLISION_NONE	NOT_SWITCH	NOT_RESET	NOT_WAYPOINT	-309.5908	1.8	-296.2625	0	0.09639951	0	0.9953427	0.05905342	0.3007278	0.01272011	-315	1.8	-285	
45.20084	COLLISION_NONE	NOT_SWITCH	NOT_RESET	NOT_WAYPOINT	-309.2416	1.8	-296.0065	0	0.09639951	0	0.9953427	0.05905342	0.3007278	0.01272011	-315	1.8	-285	
45.22084	COLLISION_NONE	NOT_SWITCH	NOT_RESET	NOT_WAYPOINT	-308.8925	1.8	-295.7505	0	0.1050804	0	0.9944637	0.05126429	0.2869873	0.02359343	-315	1.8	-285	
45.24084	COLLISION_NONE	NOT_SWITCH	NOT_RESET	NOT_WAYPOINT	-308.5391	1.8	-295.5006	0	0.1137539	0	0.993509	0.05504704	0.2866058	0.01322365	-315	1.8	-285	
45.26085	COLLISION_NONE	NOT_SWITCH	NOT_RESET	NOT_WAYPOINT	-308.1815	1.8	-295.2568	0	0.1224191	0	0.9924785	0.04066563	0.2868347	0.02678108	-315	1.8	-285	
45.28085	COLLISION_NONE	NOT_SWITCH	NOT_RESET	NOT_WAYPOINT	-307.8198	1.8	-295.0193	0	0.1310752	0	0.9913724	0.0306344	0.3004608	0.02225304	-315	1.8	-285	
45.30085	COLLISION_NONE	NOT_SWITCH	NOT_RESET	NOT_WAYPOINT	-307.454	1.8	-294.788	0	0.1310752	0	0.9913724	0.0306344	0.3004608	0.02225304	-315	1.8	-285	
45.32085	COLLISION_NONE	NOT_SWITCH	NOT_RESET	NOT_WAYPOINT	-307.0882	1.8	-294.5568	0	0.1397214	0	0.9901909	0.01302671	0.2964096	0.02190065	-315	1.8	-285	
45.34085	COLLISION_NONE	NOT_SWITCH	NOT_RESET	NOT_WAYPOINT	-306.7185	1.8	-294.332	0	0.1397214	0	0.9901909	0.01302671	0.2964096	0.02190065	-315	1.8	-285	
45.36085	COLLISION_NONE	NOT_SWITCH	NOT_RESET	NOT_WAYPOINT	-306.3487	1.8	-294.1071	0	0.148357	0	0.9889339	0.03152847	0.3101425	0.004348278	-315	1.8	-285	
45.38085	COLLISION_NONE	NOT_SWITCH	NOT_RESET	NOT_WAYPOINT	-305.9751	1.8	-293.8888	0	0.1569813	0	0.9876016	0.03452921	0.2999039	0.008393764	-315	1.8	-285	
45.40085	COLLISION_NONE	NOT_SWITCH	NOT_RESET	NOT_WAYPOINT	-305.5978	1.8	-293.677	0	0.1655937	0	0.9861941	0.01313591	0.2850647	0.004907608	-315	1.8	-285	
45.42085	COLLISION_NONE	NOT_SWITCH	NOT_RESET	NOT_WAYPOINT	-305.2168	1.8	-293.4718	0	0.1741934	0	0.9847115	0.003059387	0.2989197	0.007484436	-315	1.8	-285	
45.44085	COLLISION_NONE	NOT_SWITCH	NOT_RESET	NOT_WAYPOINT	-304.8323	1.8	-293.2733	0	0.1741934	0	0.9847115	0.003059387	0.2989197	0.007484436	-315	1.8	-285	
45.46085	COLLISION_NONE	NOT_SWITCH	NOT_RESET	NOT_WAYPOINT	-304.4478	1.8	-293.0747	0	0.1827799	0	0.9831539	-0.01102638	0.2986526	0.01057005	-315	1.8	-285	
45.48085	COLLISION_NONE	NOT_SWITCH	NOT_RESET	NOT_WAYPOINT	-304.0599	1.8	-292.883	0	0.1827799	0	0.9831539	-0.01102638	0.2986526	0.01057005	-315	1.8	-285	
45.50085	COLLISION_NONE	NOT_SWITCH	NOT_RESET	NOT_WAYPOINT	-303.672	1.8	-292.6912	0	0.1913524	0	0.9815214	-0.003347874	0.3088837	-0.0001568794	-315	1.8	-285	
45.52085	COLLISION_NONE	NOT_SWITCH	NOT_RESET	NOT_WAYPOINT	-303.2808	1.8	-292.5062	0	0.1999104	0	0.9798142	0.0180788	0.3125458	-0.01016951	-315	1.8	-285	
45.54085	COLLISION_NONE	NOT_SWITCH	NOT_RESET	NOT_WAYPOINT	-302.8865	1.8	-292.3281	0	0.2084532	0	0.9780324	0.03175449	0.3134842	0.0007047653	-315	1.8	-285	
45.56085	COLLISION_NONE	NOT_SWITCH	NOT_RESET	NOT_WAYPOINT	-302.4891	1.8	-292.1569	0	0.2169801	0	0.9761761	0.02186394	0.3233337	-0.007034779	-315	1.8	-285	
45.58085	COLLISION_NONE	NOT_SWITCH	NOT_RESET	NOT_WAYPOINT	-302.0887	1.8	-291.9927	0	0.2208552	0	0.9753067	0.0292449	0.3192139	-0.02412796	-315	1.8	-285	
45.60085	COLLISION_NONE	NOT_SWITCH	NOT_RESET	NOT_WAYPOINT	-301.6852	1.8	-291.8351	0	0.2208552	0	0.9753067	0.0292449	0.3192139	-0.02412796	-315	1.8	-285	
45.62085	COLLISION_NONE	NOT_SWITCH	NOT_RESET	NOT_WAYPOINT	-301.2817	1.8	-291.6775	0	0.2227915	0	0.9748662	0.007741451	0.3193893	-0.007290363	-315	1.8	-285	
45.64085	COLLISION_NONE	NOT_SWITCH	NOT_RESET	NOT_WAYPOINT	-300.8748	1.8	-291.5256	0	0.2227915	0	0.9748662	0.007741451	0.3193893	-0.007290363	-315	1.8	-285	
45.66085	COLLISION_NONE	NOT_SWITCH	NOT_RESET	NOT_WAYPOINT	-300.4679	1.8	-291.3738	0	0.2237593	0	0.9746444	0.004217625	0.3304672	0.006108761	-315	1.8	-285	
45.68085	COLLISION_NONE	NOT_SWITCH	NOT_RESET	NOT_WAYPOINT	-300.0579	1.8	-291.2261	0	0.2242431	0	0.9745333	0.039011	0.3318939	0.014112	-315	1.8	-285	
45.70086	COLLISION_NONE	NOT_SWITCH	NOT_RESET	NOT_WAYPOINT	-299.6454	1.8	-291.0805	0	0.224485	0	0.9744775	0.02448463	0.3174362	0.01431036	-315	1.8	-285	
45.72086	COLLISION_NONE	NOT_SWITCH	NOT_RESET	NOT_WAYPOINT	-299.232	1.8	-290.9354	0	0.224485	0	0.9744775	0.02448463	0.3174362	0.01431036	-315	1.8	-285	
45.74086	COLLISION_NONE	NOT_SWITCH	NOT_RESET	NOT_WAYPOINT	-298.8185	1.8	-290.7903	0	0.2246059	0	0.9744497	0.04295969	0.3274994	-0.006575584	-315	1.8	-285	
45.76086	COLLISION_NONE	NOT_SWITCH	NOT_RESET	NOT_WAYPOINT	-298.405	1.8	-290.6453	0	0.2246664	0	0.9744357	0.04968071	0.3430634	0.0209446	-315	1.8	-285	
45.78086	COLLISION_NONE	NOT_SWITCH	NOT_RESET	NOT_WAYPOINT	-297.9914	1.8	-290.5004	0	0.2246966	0	0.9744288	0.04905128	0.3292084	0.02503824	-315	1.8	-285	
45.80086	COLLISION_NONE	NOT_SWITCH	NOT_RESET	NOT_WAYPOINT	-297.5778	1.8	-290.3555	0	0.2246966	0	0.9744288	0.04905128	0.3292084	0.02503824	-315	1.8	-285	
45.82086	COLLISION_NONE	NOT_SWITCH	NOT_RESET	NOT_WAYPOINT	-297.1642	1.8	-290.2106	0	0.2247117	0	0.9744254	0.03095055	0.3296661	0.04546738	-315	1.8	-285	
45.84086	COLLISION_NONE	NOT_SWITCH	NOT_RESET	NOT_WAYPOINT	-296.7505	1.8	-290.0657	0	0.2247192	0	0.9744235	0.02394772	0.3294525	0.04526186	-315	1.8	-285	
45.86086	COLLISION_NONE	NOT_SWITCH	NOT_RESET	NOT_WAYPOINT	-296.3369	1.8	-289.9208	0	0.224723	0	0.9744227	0.02395916	0.3406372	0.05876732	-315	1.8	-285	
45.88086	COLLISION_NONE	NOT_SWITCH	NOT_RESET	NOT_WAYPOINT	-295.9233	1.8	-289.7759	0	0.224723	0	0.9744227	0.02395916	0.3406372	0.05876732	-315	1.8	-285	
45.90086	COLLISION_NONE	NOT_SWITCH	NOT_RESET	NOT_WAYPOINT	-295.5097	1.8	-289.631	0	0.2247249	0	0.9744223	0.0201354	0.3410263	0.06913424	-315	1.8	-285	
45.92086	COLLISION_NONE	NOT_SWITCH	NOT_RESET	TRIGGER_WAYPOINT	-295.0961	1.8	-289.4861	0	0.2247258	0	0.974422	0.009616852	0.3370361	0.06548882	-286.4683	1.8	-275.7295	
45.94086	COLLISION_NONE	NOT_SWITCH	NOT_RESET	NOT_WAYPOINT	-294.6825	1.8	-289.3412	0	0.2247263	0	0.974422	-0.0001392365	0.3504028	0.05759215	-286.4683	1.8	-275.7295	
45.96086	COLLISION_NONE	NOT_SWITCH	NOT_RESET	NOT_WAYPOINT	-294.2689	1.8	-289.1963	0	0.2247263	0	0.974422	-0.0001392365	0.3504028	0.05759215	-286.4683	1.8	-275.7295	
45.98086	COLLISION_NONE	NOT_SWITCH	NOT_RESET	NOT_WAYPOINT	-293.8553	1.8	-289.0514	0	0.2247265	0	0.9744219	-0.004301071	0.3476257	0.07509089	-286.4683	1.8	-275.7295	
46.00086	COLLISION_NONE	NOT_SWITCH	NOT_RESET	NOT_WAYPOINT	-293.4417	1.8	-288.9065	0	0.2247265	0	0.9744219	-0.004301071	0.3476257	0.07509089	-286.4683	1.8	-275.7295	
46.02086	COLLISION_NONE	NOT_SWITCH	NOT_RESET	NOT_WAYPOINT	-293.0281	1.8	-288.7616	0	0.2247266	0	0.9744219	0.01636887	0.3487701	0.0861752	-286.4683	1.8	-275.7295	
46.04086	COLLISION_NONE	NOT_SWITCH	NOT_RESET	NOT_WAYPOINT	-292.6145	1.8	-288.6167	0	0.2247267	0	0.9744219	0.0162549	0.3304062	0.06948829	-286.4683	1.8	-275.7295	
46.06086	COLLISION_NONE	NOT_SWITCH	NOT_RESET	NOT_WAYPOINT	-292.2009	1.8	-288.4718	0	0.2247267	0	0.9744219	0.02649641	0.3312912	0.08388042	-286.4683	1.8	-275.7295	
46.08086	COLLISION_NONE	NOT_SWITCH	NOT_RESET	NOT_WAYPOINT	-291.7872	1.8	-288.3269	0	0.2247267	0	0.9744219	0.02649641	0.3312912	0.08388042	-286.4683	1.8	-275.7295	
46.10086	COLLISION_NONE	NOT_SWITCH	NOT_RESET	NOT_WAYPOINT	-291.3736	1.8	-288.182	0	0.2247267	0	0.9744219	0.02911711	0.3068619	0.08504868	-286.4683	1.8	-275.7295	
46.12086	COLLISION_NONE	NOT_SWITCH	NOT_RESET	NOT_WAYPOINT	-290.96	1.8	-288.0371	0	0.2247267	0	0.9744219	0.02845669	0.3041916	0.1026475	-286.4683	1.8	-275.7295	
46.14087	COLLISION_NONE	NOT_SWITCH	NOT_RESET	NOT_WAYPOINT	-290.5463	1.8	-287.8922	0	0.2247267	0	0.9744219	0.02845669	0.3041916	0.1026475	-286.4683	1.8	-275.7295	
46.16087	COLLISION_NONE	NOT_SWITCH	NOT_RESET	NOT_WAYPOINT	-290.1327	1.8	-287.7473	0	0.2247267	0	0.9744219	0.02892637	0.3108673	0.09536576	-286.4683	1.8	-275.7295	
46.18087	COLLISION_NONE	NOT_SWITCH	NOT_RESET	NOT_WAYPOINT	-289.7191	1.8	-287.6024	0	0.2258906	0	0.9741527	0.008060455	0.3100662	0.09126544	-286.4683	1.8	-275.7295	
46.20087	COLLISION_NONE	NOT_SWITCH	NOT_RESET	NOT_WAYPOINT	-289.3053	1.8	-287.4585	0	0.2258906	0	0.9741527	0.008060455	0.3100662	0.09126544	-286.4683	1.8	-275.7295	
46.22087	COLLISION_NONE	NOT_SWITCH	NOT_RESET	NOT_WAYPOINT	-288.8915	1.8	-287.3146	0	0.230268	0	0.9731273	0.01574469	0.3091049	0.06703806	-286.4683	1.8	-275.7295	
46.24087	COLLISION_NONE	NOT_SWITCH	NOT_RESET	NOT_WAYPOINT	-288.478	1.8	-287.1731	0	0.2366965	0	0.9715837	-0.0004854202	0.3323746	0.04788494	-286.4683	1.8	-275.7295	
46.26087	COLLISION_NONE	NOT_SWITCH	NOT_RESET	NOT_WAYPOINT	-288.0643	1.8	-287.0349	0	0.2441405	0	0.9697399	-0.002895832	0.3527908	0.03639603	-286.4683	1.8	-275.7295	
46.28087	COLLISION_NONE	NOT_SWITCH	NOT_RESET	NOT_WAYPOINT	-287.65	1.8	-286.901	0	0.2520819	0	0.9677059	0.003674507	0.3388214	0.03372288	-286.4683	1.8	-275.7295	
46.30087	COLLISION_NONE	NOT_SWITCH	NOT_RESET	NOT_WAYPOINT	-287.2348	1.8	-286.7719	0	0.2520819	0	0.9677059	0.003674507	0.3388214	0.03372288	-286.4683	1.8	-275.7295	
46.32087	COLLISION_NONE	NOT_SWITCH	NOT_RESET	NOT_WAYPOINT	-286.8196	1.8	-286.6428	0	0.2685503	0	0.9632657	0.01107931	0.3568954	0.04014349	-286.4683	1.8	-275.7295	
46.34087	COLLISION_NONE	NOT_SWITCH	NOT_RESET	NOT_WAYPOINT	-286.4027	1.8	-286.5249	0	0.2768825	0	0.9609038	0.01099634	0.3570633	0.04363441	-286.4683	1.8	-275.7295	
46.36087	COLLISION_NONE	NOT_SWITCH	NOT_RESET	NOT_WAYPOINT	-285.984	1.8	-286.4137	0	0.2852257	0	0.9584605	-0.00646925	0.352623	0.03267622	-286.4683	1.8	-275.7295	
46.38087	COLLISION_NONE	NOT_SWITCH	NOT_RESET	NOT_WAYPOINT	-285.5635	1.8	-286.3093	0	0.3018861	0	0.953344	0.008135319	0.3632355	0.02565098	-286.4683	1.8	-275.7295	
46.40087	COLLISION_NONE	NOT_SWITCH	NOT_RESET	NOT_WAYPOINT	-285.1405	1.8	-286.2189	0	0.3101901	0	0.9506746	0.014534	0.3496628	0.03357124	-286.4683	1.8	-275.7295	
46.42087	COLLISION_NONE	NOT_SWITCH	NOT_RESET	NOT_WAYPOINT	-284.7158	1.8	-286.1359	0	0.3184724	0	0.9479322	-0.01036406	0.3347168	0.02997541	-286.4683	1.8	-275.7295	
46.44087	COLLISION_NONE	NOT_SWITCH	NOT_RESET	NOT_WAYPOINT	-284.2896	1.8	-286.0603	0	0.3267315	0	0.9451172	0.008031368	0.3449326	0.01258039	-286.4683	1.8	-275.7295	
46.46087	COLLISION_NONE	NOT_SWITCH	NOT_RESET	NOT_WAYPOINT	-283.8621	1.8	-285.9919	0	0.3349662	0	0.9422302	0.004570961	0.3260574	-0.01480389	-286.4683	1.8	-275.7295	
46.48087	COLLISION_NONE	NOT_SWITCH	NOT_RESET	NOT_WAYPOINT	-283.4335	1.8	-285.9308	0	0.3431756	0	0.9392713	0.008622646	0.3475342	-0.008639336	-286.4683	1.8	-275.7295	
46.50087	COLLISION_NONE	NOT_SWITCH	NOT_RESET	NOT_WAYPOINT	-283.004	1.8	-285.8769	0	0.351359	0	0.9362409	0.02519703	0.3311234	0.00672102	-286.4683	1.8	-275.7295	
46.52087	COLLISION_NONE	NOT_SWITCH	NOT_RESET	NOT_WAYPOINT	-282.5736	1.8	-285.8304	0	0.3595157	0	0.9331391	0.02879524	0.3310623	0.003333092	-286.4683	1.8	-275.7295	
46.54087	COLLISION_NONE	NOT_SWITCH	NOT_RESET	NOT_WAYPOINT	-282.1425	1.8	-285.7913	0	0.3757464	0	0.9267225	0.03189659	0.3318405	0.01739597	-286.4683	1.8	-275.7295	
46.56087	COLLISION_NONE	NOT_SWITCH	NOT_RESET	NOT_WAYPOINT	-281.7141	1.8	-285.7666	0	0.3838192	0	0.9234083	0.04964876	0.3393936	0.01760387	-286.4683	1.8	-275.7295	
46.58088	COLLISION_NONE	NOT_SWITCH	NOT_RESET	NOT_WAYPOINT	-281.299	1.8	-285.7587	0	0.3918627	0	0.9200237	0.04984188	0.3390579	0.01062489	-286.4683	1.8	-275.7295	
46.60088	COLLISION_NONE	NOT_SWITCH	NOT_RESET	NOT_WAYPOINT	-280.8979	1.8	-285.7671	0	0.3998764	0	0.9165691	0.05715179	0.3387756	0.0003600121	-286.4683	1.8	-275.7295	
46.62088	COLLISION_NONE	NOT_SWITCH	NOT_RESET	NOT_WAYPOINT	-280.5122	1.8	-285.7906	0	0.4078597	0	0.9130446	0.07060003	0.3215256	-0.001966953	-286.4683	1.8	-275.7295	
46.64088	COLLISION_NONE	NOT_SWITCH	NOT_RESET	NOT_WAYPOINT	-280.1417	1.8	-285.8291	0	0.4158119	0	0.9094507	0.05265665	0.3031235	-0.008701324	-286.4683	1.8	-275.7295	
46.66088	COLLISION_NONE	NOT_SWITCH	NOT_RESET	NOT_WAYPOINT	-279.7871	1.8	-285.882	0	0.4316206	0	0.9020553	0.05925035	0.3040085	0.00546217	-286.4683	1.8	-275.7295	
46.68088	COLLISION_NONE	NOT_SWITCH	NOT_RESET	NOT_WAYPOINT	-279.4575	1.8	-285.9536	0	0.439476	0	0.8982543	0.03886843	0.3023529	-0.01608562	-286.4683	1.8	-275.7295	
46.70088	COLLISION_NONE	NOT_SWITCH	NOT_RESET	NOT_WAYPOINT	-279.1915	1.8	-286.083	0	0.4472979	0	0.894385	0.03886843	0.3023529	-0.01608562	-286.4683	1.8	-275.7295	
46.72088	COLLISION_NONE	NOT_SWITCH	NOT_RESET	NOT_WAYPOINT	-279.0145	1.8	-286.2927	0	0.462839	0	0.8864424	0.04253674	0.2984543	-0.02630186	-286.4683	1.8	-275.7295	
46.74088	COLLISION_NONE	NOT_SWITCH	NOT_RESET	NOT_WAYPOINT	-279.0156	1.8	-286.6585	0	0.4705569	0	0.8823696	0.04624224	0.298233	-0.03318167	-286.4683	1.8	-275.7295	
46.76088	COLLISION_NONE	NOT_SWITCH	NOT_RESET	NOT_WAYPOINT	-279.0606	1.8	-287.0573	0	0.4782391	0	0.8782297	0.03521967	0.2838821	-0.03287697	-286.4683	1.8	-275.7295	
46.78088	COLLISION_NONE	NOT_SWITCH	NOT_RESET	NOT_WAYPOINT	-279.1232	1.8	-287.465	0	0.4858848	0	0.8740229	0.02061367	0.2807693	-0.01567602	-286.4683	1.8	-275.7295	
46.80088	COLLISION_NONE	NOT_SWITCH	NOT_RESET	TRIGGER_WAYPOINT	-279.1946	1.8	-287.8741	0	0.4858848	0	0.8740229	0.02061367	0.2807693	-0.01567602	-268.8347	1.8	-300	
46.82088	COLLISION_NONE	NOT_SWITCH	NOT_RESET	NOT_WAYPOINT	-279.2661	1.8	-288.2831	0	0.5010645	0	0.8654099	0.01710272	0.2918472	-0.00227499	-268.8347	1.8	-300	
46.84088	COLLISION_NONE	NOT_SWITCH	NOT_RESET	NOT_WAYPOINT	-279.3506	1.8	-288.6902	0	0.5085975	0	0.8610044	0.02066803	0.3029709	0.007836342	-268.8347	1.8	-300	
46.86088	COLLISION_NONE	NOT_SWITCH	NOT_RESET	NOT_WAYPOINT	-279.4411	1.8	-289.0961	0	0.5160917	0	0.8565333	0.02036428	0.28862	0.001466274	-268.8347	1.8	-300	
46.88088	COLLISION_NONE	NOT_SWITCH	NOT_RESET	NOT_WAYPOINT	-279.5377	1.8	-289.5005	0	0.5309617	0	0.8473958	0.01669025	0.2888412	0.008347511	-268.8347	1.8	-300	
46.90088	COLLISION_NONE	NOT_SWITCH	NOT_RESET	NOT_WAYPOINT	-279.6463	1.8	-289.9008	0	0.5383363	0	0.8427301	-0.004060745	0.2840118	-0.006066322	-268.8347	1.8	-300	
46.92088	COLLISION_NONE	NOT_SWITCH	NOT_RESET	NOT_WAYPOINT	-279.7619	1.8	-290.2994	0	0.54567	0	0.8380002	-0.01042986	0.3088379	0.003130436	-268.8347	1.8	-300	
46.94088	COLLISION_NONE	NOT_SWITCH	NOT_RESET	NOT_WAYPOINT	-279.8842	1.8	-290.6961	0	0.552962	0	0.8332065	-0.003126621	0.2897797	-0.03441811	-268.8347	1.8	-300	
46.96088	COLLISION_NONE	NOT_SWITCH	NOT_RESET	NOT_WAYPOINT	-280.0131	1.8	-291.0907	0	0.552962	0	0.8332065	-0.003126621	0.2897797	-0.03441811	-268.8347	1.8	-300	
46.98088	COLLISION_NONE	NOT_SWITCH	NOT_RESET	NOT_WAYPOINT	-280.142	1.8	-291.4852	0	0.560212	0	0.8283494	-0.01599789	0.3135452	-0.04287291	-268.8347	1.8	-300	
47.00089	COLLISION_NONE	NOT_SWITCH	NOT_RESET	NOT_WAYPOINT	-280.2775	1.8	-291.8775	0	0.5674192	0	0.8234291	-0.008757114	0.3207703	-0.04297829	-268.8347	1.8	-300	
47.02089	COLLISION_NONE	NOT_SWITCH	NOT_RESET	NOT_WAYPOINT	-280.4196	1.8	-292.2675	0	0.5745833	0	0.8184462	-0.01587963	0.3170471	-0.04302788	-268.8347	1.8	-300	
47.04089	COLLISION_NONE	NOT_SWITCH	NOT_RESET	NOT_WAYPOINT	-280.5682	1.8	-292.6549	0	0.5745833	0	0.8184462	-0.01587963	0.3170471	-0.04302788	-268.8347	1.8	-300	
47.06089	COLLISION_NONE	NOT_SWITCH	NOT_RESET	NOT_WAYPOINT	-280.7169	1.8	-293.0423	0	0.5817036	0	0.8134009	-0.01546812	0.3163757	-0.05698681	-268.8347	1.8	-300	
47.08089	COLLISION_NONE	NOT_SWITCH	NOT_RESET	NOT_WAYPOINT	-280.8721	1.8	-293.4271	0	0.5887796	0	0.8082936	-0.004897594	0.3165359	-0.06017351	-268.8347	1.8	-300	
47.10089	COLLISION_NONE	NOT_SWITCH	NOT_RESET	NOT_WAYPOINT	-281.0339	1.8	-293.8091	0	0.5887796	0	0.8082936	-0.004897594	0.3165359	-0.06017351	-268.8347	1.8	-300	
47.12089	COLLISION_NONE	NOT_SWITCH	NOT_RESET	NOT_WAYPOINT	-281.1957	1.8	-294.1911	0	0.5958108	0	0.8031248	-0.00599432	0.3071976	-0.03528452	-268.8347	1.8	-300	
47.14089	COLLISION_NONE	NOT_SWITCH	NOT_RESET	NOT_WAYPOINT	-281.34	1.8	-294.5598	0	0.6027966	0	0.7978949	0.0001316071	0.294136	-0.01689386	-268.8347	1.8	-300	
47.16089	COLLISION_NONE	NOT_SWITCH	NOT_RESET	NOT_WAYPOINT	-281.4645	1.8	-294.92	0	0.6027966	0	0.7978949	0.0001316071	0.294136	-0.01689386	-268.8347	1.8	-300	
47.18089	COLLISION_NONE	NOT_SWITCH	NOT_RESET	NOT_WAYPOINT	-281.5891	1.8	-295.2802	0	0.6097365	0	0.7926042	0.003422737	0.2909088	-0.01314735	-268.8347	1.8	-300	
47.20089	COLLISION_NONE	NOT_SWITCH	NOT_RESET	NOT_WAYPOINT	-281.6937	1.8	-295.6324	0	0.61663	0	0.7872531	0.0103178	0.2912903	-0.009457111	-268.8347	1.8	-300	
47.22089	COLLISION_NONE	NOT_SWITCH	NOT_RESET	NOT_WAYPOINT	-281.7273	1.8	-295.9638	0	0.6234764	0	0.7818421	-0.007169724	0.305603	0.006875038	-268.8347	1.8	-300	
47.24089	COLLISION_NONE	NOT_SWITCH	NOT_RESET	NOT_WAYPOINT	-281.6569	1.8	-296.2676	0	0.6302755	0	0.7763716	-0.003612518	0.3130646	0.01365089	-268.8347	1.8	-300	
47.26089	COLLISION_NONE	NOT_SWITCH	NOT_RESET	NOT_WAYPOINT	-281.5683	1.8	-296.5514	0	0.6302755	0	0.7763716	-0.003612518	0.3130646	0.01365089	-268.8347	1.8	-300	
47.28089	COLLISION_NONE	NOT_SWITCH	NOT_RESET	NOT_WAYPOINT	-281.4797	1.8	-296.8352	0	0.6336571	0	0.7736141	-0.004023075	0.2988739	0.01077366	-268.8347	1.8	-300	
47.30089	COLLISION_NONE	NOT_SWITCH	NOT_RESET	NOT_WAYPOINT	-281.3647	1.8	-297.0909	0	0.6336571	0	0.7736141	-0.004023075	0.2988739	0.01077366	-268.8347	1.8	-300	
47.32089	COLLISION_NONE	NOT_SWITCH	NOT_RESET	NOT_WAYPOINT	-281.2496	1.8	-297.3466	0	0.6353434	0	0.7722299	-0.02514744	0.2947159	0.01031876	-268.8347	1.8	-300	
47.34089	COLLISION_NONE	NOT_SWITCH	NOT_RESET	NOT_WAYPOINT	-281.0983	1.8	-297.5641	0	0.6361853	0	0.7715362	-0.01833439	0.3101273	0.03433704	-268.8347	1.8	-300	
47.36089	COLLISION_NONE	NOT_SWITCH	NOT_RESET	NOT_WAYPOINT	-280.9251	1.8	-297.7379	0	0.6366061	0	0.7711892	-0.003828526	0.3394394	0.05096722	-268.8347	1.8	-300	
47.38089	COLLISION_NONE	NOT_SWITCH	NOT_RESET	NOT_WAYPOINT	-280.7202	1.8	-297.852	0	0.6368164	0	0.7710156	-0.003543377	0.3501282	0.05399942	-268.8347	1.8	-300	
47.40089	COLLISION_NONE	NOT_SWITCH	NOT_RESET	NOT_WAYPOINT	-280.4776	1.8	-297.8979	0	0.6368164	0	0.7710156	-0.003543377	0.3501282	0.05399942	-268.8347	1.8	-300	
47.42089	COLLISION_NONE	NOT_SWITCH	NOT_RESET	NOT_WAYPOINT	-280.235	1.8	-297.9438	0	0.6369215	0	0.7709286	-0.01118374	0.3175278	0.03772259	-268.8347	1.8	-300	
47.4409	COLLISION_NONE	NOT_SWITCH	NOT_RESET	NOT_WAYPOINT	-279.96	1.8	-297.9334	0	0.6369215	0	0.7709287	-0.01118374	0.3175278	0.03772259	-268.8347	1.8	-300	
47.4609	COLLISION_NONE	NOT_SWITCH	NOT_RESET	NOT_WAYPOINT	-279.685	1.8	-297.9231	0	0.6369741	0	0.7708853	-0.0008382797	0.3143463	0.0381794	-268.8347	1.8	-300	
47.4809	COLLISION_NONE	NOT_SWITCH	NOT_RESET	NOT_WAYPOINT	-279.3913	1.8	-297.8816	0	0.6370004	0	0.7708636	-0.007743835	0.3251495	0.04798746	-268.8347	1.8	-300	
47.5009	COLLISION_NONE	NOT_SWITCH	NOT_RESET	NOT_WAYPOINT	-279.0898	1.8	-297.8276	0	0.6370135	0	0.7708527	0.01364899	0.325119	0.03463984	-268.8347	1.8	-300	
47.5209	COLLISION_NONE	NOT_SWITCH	NOT_RESET	NOT_WAYPOINT	-278.7854	1.8	-297.7697	0	0.6370201	0	0.7708473	0.02020311	0.3186646	0.04212952	-268.8347	1.8	-300	
47.5409	COLLISION_NONE	NOT_SWITCH	NOT_RESET	NOT_WAYPOINT	-278.4803	1.8	-297.7111	0	0.6370201	0	0.7708473	0.02020311	0.3186646	0.04212952	-268.8347	1.8	-300	
47.5609	COLLISION_NONE	NOT_SWITCH	NOT_RESET	NOT_WAYPOINT	-278.1752	1.8	-297.6526	0	0.6370233	0	0.7708445	0.009540558	0.3148346	0.04197454	-268.8347	1.8	-300	
47.5809	COLLISION_NONE	NOT_SWITCH	NOT_RESET	NOT_WAYPOINT	-277.87	1.8	-297.5941	0	0.6370249	0	0.7708432	0.01774216	0.3242264	0.0138011	-268.8347	1.8	-300	
47.6009	COLLISION_NONE	NOT_SWITCH	NOT_RESET	NOT_WAYPOINT	-277.5649	1.8	-297.5355	0	0.6370249	0	0.7708432	0.01774216	0.3242264	0.0138011	-268.8347	1.8	-300	
47.6209	COLLISION_NONE	NOT_SWITCH	NOT_RESET	NOT_WAYPOINT	-277.2597	1.8	-297.477	0	0.6370258	0	0.7708426	0.02542067	0.3307877	-0.0002570152	-268.8347	1.8	-300	
47.6409	COLLISION_NONE	NOT_SWITCH	NOT_RESET	NOT_WAYPOINT	-276.9546	1.8	-297.4185	0	0.6370262	0	0.7708422	0.02897787	0.3419113	0.009857655	-268.8347	1.8	-300	
47.6609	COLLISION_NONE	NOT_SWITCH	NOT_RESET	NOT_WAYPOINT	-276.6494	1.8	-297.3599	0	0.6370262	0	0.7708422	0.02897787	0.3419113	0.009857655	-268.8347	1.8	-300	
47.6809	COLLISION_NONE	NOT_SWITCH	NOT_RESET	NOT_WAYPOINT	-276.3443	1.8	-297.3014	0	0.6370264	0	0.770842	0.02587509	0.3374634	-0.007540226	-268.8347	1.8	-300	
47.7009	COLLISION_NONE	NOT_SWITCH	NOT_RESET	NOT_WAYPOINT	-276.0392	1.8	-297.2429	0	0.6370265	0	0.770842	0.03009367	0.3585434	-0.01196861	-268.8347	1.8	-300	
47.7209	COLLISION_NONE	NOT_SWITCH	NOT_RESET	NOT_WAYPOINT	-275.734	1.8	-297.1843	0	0.6370265	0	0.7708419	0.00533247	0.3731384	0.01461935	-268.8347	1.8	-300	
47.7409	COLLISION_NONE	NOT_SWITCH	NOT_RESET	NOT_WAYPOINT	-275.4289	1.8	-297.1258	0	0.6370265	0	0.7708419	0.0259099	0.3708496	0.0294795	-268.8347	1.8	-300	
47.7609	COLLISION_NONE	NOT_SWITCH	NOT_RESET	NOT_WAYPOINT	-275.1237	1.8	-297.0673	0	0.6370265	0	0.7708419	0.0259099	0.3708496	0.0294795	-268.8347	1.8	-300	
47.7809	COLLISION_NONE	NOT_SWITCH	NOT_RESET	NOT_WAYPOINT	-274.8186	1.8	-297.0087	0	0.6370265	0	0.7708419	0.03282833	0.3749008	0.03651333	-268.8347	1.8	-300	
47.8009	COLLISION_NONE	NOT_SWITCH	NOT_RESET	NOT_WAYPOINT	-274.5134	1.8	-296.9502	0	0.6370265	0	0.7708419	0.03282833	0.3749008	0.03651333	-268.8347	1.8	-300	
47.8209	COLLISION_NONE	NOT_SWITCH	NOT_RESET	NOT_WAYPOINT	-274.2083	1.8	-296.8917	0	0.6370265	0	0.7708419	0.03719854	0.3846893	0.01871109	-268.8347	1.8	-300	
47.8409	COLLISION_NONE	NOT_SWITCH	NOT_RESET	NOT_WAYPOINT	-273.9031	1.8	-296.8331	0	0.6370265	0	0.7708419	0.051404	0.3811188	0.008810043	-268.8347	1.8	-300	
47.8609	COLLISION_NONE	NOT_SWITCH	NOT_RESET	NOT_WAYPOINT	-273.598	1.8	-296.7746	0	0.6370265	0	0.7708419	0.05443192	0.3745499	0.01619625	-268.8347	1.8	-300	
47.88091	COLLISION_NONE	NOT_SWITCH	NOT_RESET	NOT_WAYPOINT	-273.2928	1.8	-296.7161	0	0.6370265	0	0.7708419	0.05823088	0.3741608	0.005828857	-268.8347	1.8	-300	
47.90091	COLLISION_NONE	NOT_SWITCH	NOT_RESET	NOT_WAYPOINT	-272.9855	1.8	-296.6792	0	0.6370265	0	0.7708419	0.05823088	0.3741608	0.005828857	-268.8347	1.8	-300	
47.92091	COLLISION_NONE	NOT_SWITCH	NOT_RESET	NOT_WAYPOINT	-272.6782	1.8	-296.6424	0	0.6370265	0	0.7708419	0.04085827	0.3546982	-0.02546787	-268.8347	1.8	-300	
47.94091	COLLISION_NONE	NOT_SWITCH	NOT_RESET	NOT_WAYPOINT	-272.3668	1.8	-296.633	0	0.6370265	0	0.7708419	0.04085827	0.3546982	-0.02546787	-268.8347	1.8	-300	
47.96091	COLLISION_NONE	NOT_SWITCH	NOT_RESET	NOT_WAYPOINT	-272.0554	1.8	-296.6236	0	0.6370265	0	0.7708419	0.04090166	0.3659439	-0.008343697	-268.8347	1.8	-300	
47.98091	COLLISION_NONE	NOT_SWITCH	NOT_RESET	NOT_WAYPOINT	-271.7386	1.8	-296.6447	0	0.6370265	0	0.7708419	0.05938864	0.4057083	0.004469395	-268.8347	1.8	-300	
48.00091	COLLISION_NONE	NOT_SWITCH	NOT_RESET	NOT_WAYPOINT	-271.4169	1.8	-296.6901	0	0.6370265	0	0.7708419	0.07016802	0.4167099	0.007821083	-268.8347	1.8	-300	
48.02091	COLLISION_NONE	NOT_SWITCH	NOT_RESET	NOT_WAYPOINT	-271.0912	1.8	-296.7522	0	0.6370265	0	0.7708419	0.07016802	0.4167099	0.007821083	-268.8347	1.8	-300	
48.04091	COLLISION_NONE	NOT_SWITCH	NOT_RESET	NOT_WAYPOINT	-270.7656	1.8	-296.8143	0	0.6370265	0	0.7708419	0.06633377	0.4134293	0.0148468	-268.8347	1.8	-300	
48.06091	COLLISION_NONE	NOT_SWITCH	NOT_RESET	NOT_WAYPOINT	-270.4372	1.8	-296.8864	0	0.6370265	0	0.7708419	0.06621885	0.4099274	0.01499844	-268.8347	1.8	-300	
48.08091	COLLISION_NONE	NOT_SWITCH	NOT_RESET	NOT_WAYPOINT	-270.1068	1.8	-296.9633	0	0.6370265	0	0.7708419	0.0807724	0.4205399	0.007985115	-268.8347	1.8	-300	
48.10091	COLLISION_NONE	NOT_SWITCH	NOT_RESET	NOT_WAYPOINT	-269.7753	1.8	-297.0416	0	0.6370265	0	0.7708419	0.0807724	0.4205399	0.007985115	-268.8347	1.8	-300	
48.12091	COLLISION_NONE	NOT_SWITCH	NOT_RESET	NOT_WAYPOINT	-269.4438	1.8	-297.12	0	0.6370265	0	0.7708419	0.09771299	0.4182434	0.02261782	-268.8347	1.8	-300	
48.14091	COLLISION_NONE	NOT_SWITCH	NOT_RESET	NOT_WAYPOINT	-269.1122	1.8	-297.1984	0	0.6370265	0	0.7708419	0.09472275	0.4099655	-0.001614094	-268.8347	1.8	-300	
48.16091	COLLISION_NONE	NOT_SWITCH	NOT_RESET	NOT_WAYPOINT	-268.7805	1.8	-297.2768	0	0.6370265	0	0.7708419	0.09472275	0.4099655	-0.001614094	-268.8347	1.8	-300	
48.18091	COLLISION_NONE	NOT_SWITCH	NOT_RESET	NOT_WAYPOINT	-268.4489	1.8	-297.3553	0	0.6370265	0	0.7708419	0.1126504	0.4171906	-0.008370876	-268.8347	1.8	-300	
48.20091	COLLISION_NONE	NOT_SWITCH	NOT_RESET	NOT_WAYPOINT	-268.1172	1.8	-297.4337	0	0.6370265	0	0.7708419	0.08806705	0.4165955	-0.00561285	-268.8347	1.8	-300	
48.22091	COLLISION_NONE	NOT_SWITCH	NOT_RESET	NOT_WAYPOINT	-267.7856	1.8	-297.5121	0	0.6370265	0	0.7708419	0.06003332	0.4119873	-0.01340818	-268.8347	1.8	-300	
48.24091	COLLISION_NONE	NOT_SWITCH	NOT_RESET	NOT_WAYPOINT	-267.454	1.8	-297.5905	0	0.6370265	0	0.7708419	0.07764149	0.4197083	-0.009698391	-268.8347	1.8	-300	
48.26091	COLLISION_NONE	NOT_SWITCH	NOT_RESET	NOT_WAYPOINT	-267.1223	1.8	-297.669	0	0.6370265	0	0.7708419	0.09547615	0.4198227	-0.01602459	-268.8347	1.8	-300	
48.28091	COLLISION_NONE	NOT_SWITCH	NOT_RESET	NOT_WAYPOINT	-266.7907	1.8	-297.7474	0	0.6370265	0	0.7708419	0.1095705	0.4312668	-0.005581856	-268.8347	1.8	-300	
48.30091	COLLISION_NONE	NOT_SWITCH	NOT_RESET	NOT_WAYPOINT	-266.4591	1.8	-297.8258	0	0.6370265	0	0.7708419	0.09512615	0.4278183	0.00461483	-268.8347	1.8	-300	
48.32092	COLLISION_NONE	NOT_SWITCH	NOT_RESET	NOT_WAYPOINT	-266.1274	1.8	-297.9043	0	0.6370265	0	0.7708419	0.09524393	0.4276581	0.001126766	-268.8347	1.8	-300	
48.34092	COLLISION_NONE	NOT_SWITCH	NOT_RESET	NOT_WAYPOINT	-265.7981	1.8	-297.9817	0	0.6370265	0	0.7708419	0.08768892	0.4097519	-0.001825333	-268.8347	1.8	-300	
48.36092	COLLISION_NONE	NOT_SWITCH	NOT_RESET	NOT_WAYPOINT	-265.4713	1.8	-298.0547	0	0.6370265	0	0.7708419	0.07719898	0.4094238	-0.002138138	-268.8347	1.8	-300	
48.38092	COLLISION_NONE	NOT_SWITCH	NOT_RESET	NOT_WAYPOINT	-265.1415	1.8	-298.1263	0	0.6370265	0	0.7708419	0.07793283	0.4303894	-0.006658554	-268.8347	1.8	-300	
48.40092	COLLISION_NONE	NOT_SWITCH	NOT_RESET	NOT_WAYPOINT	-264.8112	1.8	-298.1979	0	0.6370265	0	0.7708419	0.08174276	0.4263306	-0.02036142	-268.8347	1.8	-300	
48.42092	COLLISION_NONE	NOT_SWITCH	NOT_RESET	NOT_WAYPOINT	-264.4809	1.8	-298.2694	0	0.6370265	0	0.7708419	0.08861732	0.4379501	0.0004639626	-268.8347	1.8	-300	
48.44092	COLLISION_NONE	NOT_SWITCH	NOT_RESET	NOT_WAYPOINT	-264.1506	1.8	-298.3409	0	0.6370265	0	0.7708419	0.07048655	0.4198837	0.0006899834	-268.8347	1.8	-300	
48.46092	COLLISION_NONE	NOT_SWITCH	NOT_RESET	NOT_WAYPOINT	-263.8203	1.8	-298.4125	0	0.6370265	0	0.7708419	0.05915594	0.4060364	0.01144886	-268.8347	1.8	-300	
48.48092	COLLISION_NONE	NOT_SWITCH	NOT_RESET	NOT_WAYPOINT	-263.4923	1.8	-298.4832	0	0.6370265	0	0.7708419	0.07673359	0.4175873	0.02198982	-268.8347	1.8	-300	
48.50092	COLLISION_NONE	NOT_SWITCH	NOT_RESET	NOT_WAYPOINT	-263.1698	1.8	-298.5338	0	0.6370265	0	0.7708419	0.05523062	0.4177704	0.03881121	-268.8347	1.8	-300	
48.52092	COLLISION_NONE	NOT_SWITCH	NOT_RESET	NOT_WAYPOINT	-262.8557	1.8	-298.5576	0	0.6370265	0	0.7708419	0.08067179	0.4392242	0.03166103	-268.8347	1.8	-300	
48.54092	COLLISION_NONE	NOT_SWITCH	NOT_RESET	NOT_WAYPOINT	-262.5442	1.8	-298.5794	0	0.6370265	0	0.7708419	0.09065056	0.4218597	0.02923965	-268.8347	1.8	-300	
48.56092	COLLISION_NONE	NOT_SWITCH	NOT_RESET	NOT_WAYPOINT	-262.235	1.8	-298.6002	0	0.6370265	0	0.7708419	0.07964563	0.4075165	0.02952528	-268.8347	1.8	-300	
48.58092	COLLISION_NONE	NOT_SWITCH	NOT_RESET	NOT_WAYPOINT	-261.9284	1.8	-298.6176	0	0.6370265	0	0.7708419	0.08272696	0.408287	0.04359007	-268.8347	1.8	-300	
48.60092	COLLISION_NONE	NOT_SWITCH	NOT_RESET	NOT_WAYPOINT	-261.6241	1.8	-298.6289	0	0.6370265	0	0.7708419	0.08640862	0.4192352	0.05022478	-268.8347	1.8	-300	
48.62092	COLLISION_NONE	NOT_SWITCH	NOT_RESET	NOT_WAYPOINT	-261.3234	1.8	-298.6238	0	0.6370265	0	0.7708419	0.06826305	0.4011765	0.05045319	-268.8347	1.8	-300	
48.64092	COLLISION_NONE	NOT_SWITCH	NOT_RESET	NOT_WAYPOINT	-261.0314	1.8	-298.5665	0	0.6370265	0	0.7708419	0.07218313	0.4006195	0.03659678	-268.8347	1.8	-300	
48.66092	COLLISION_NONE	NOT_SWITCH	NOT_RESET	NOT_WAYPOINT	-260.7427	1.8	-298.4791	0	0.6370265	0	0.7708419	0.06089544	0.3867798	0.04735994	-268.8347	1.8	-300	
48.68092	COLLISION_NONE	NOT_SWITCH	NOT_RESET	NOT_WAYPOINT	-260.4567	1.8	-298.3636	0	0.6370265	0	0.7708419	0.07121372	0.379921	0.0444808	-268.8347	1.8	-300	
48.70092	COLLISION_NONE	NOT_SWITCH	NOT_RESET	NOT_WAYPOINT	-260.1722	1.8	-298.227	0	0.6370265	0	0.7708419	0.07529926	0.390213	0.03715372	-268.8347	1.8	-300	
48.72092	COLLISION_NONE	NOT_SWITCH	NOT_RESET	NOT_WAYPOINT	-259.8889	1.8	-298.0742	0	0.6370265	0	0.7708419	0.07890129	0.3901596	0.03376818	-268.8347	1.8	-300	
48.74092	COLLISION_NONE	NOT_SWITCH	NOT_RESET	NOT_WAYPOINT	-259.6076	1.8	-297.9064	0	0.6370265	0	0.7708419	0.07935953	0.3968353	0.02648687	-268.8347	1.8	-300	
48.76093	COLLISION_NONE	NOT_SWITCH	NOT_RESET	NOT_WAYPOINT	-259.3292	1.8	-297.7209	0	0.6370265	0	0.7708419	0.06555319	0.4072495	0.03259802	-268.8347	1.8	-300	
48.78093	COLLISION_NONE	NOT_SWITCH	NOT_RESET	NOT_WAYPOINT	-259.0536	1.8	-297.5186	0	0.6370265	0	0.7708419	0.07921314	0.4045105	0.0401473	-268.8347	1.8	-300	
48.80093	COLLISION_NONE	NOT_SWITCH	NOT_RESET	NOT_WAYPOINT	-258.78	1.8	-297.3034	0	0.6370265	0	0.7708419	0.07281017	0.4181442	0.03584337	-268.8347	1.8	-300	
48.82093	COLLISION_NONE	NOT_SWITCH	NOT_RESET	NOT_WAYPOINT	-258.5078	1.8	-297.0783	0	0.6370265	0	0.7708419	0.08673716	0.4039001	0.02290535	-268.8347	1.8	-300	
48.84093	COLLISION_NONE	NOT_SWITCH	NOT_RESET	NOT_WAYPOINT	-258.2371	1.8	-296.8402	0	0.6370265	0	0.7708419	0.07229948	0.4004517	0.03310728	-268.8347	1.8	-300	
48.86093	COLLISION_NONE	NOT_SWITCH	NOT_RESET	NOT_WAYPOINT	-257.9685	1.8	-296.5938	0	0.6370265	0	0.7708419	0.07526588	0.4013901	0.05066252	-268.8347	1.8	-300	
48.88093	COLLISION_NONE	NOT_SWITCH	NOT_RESET	NOT_WAYPOINT	-257.7024	1.8	-296.3353	0	0.6370265	0	0.7708419	0.03997374	0.3822937	0.03990698	-268.8347	1.8	-300	
48.90093	COLLISION_NONE	NOT_SWITCH	NOT_RESET	NOT_WAYPOINT	-257.4379	1.8	-296.0673	0	0.6370265	0	0.7708419	0.0145421	0.3645172	0.0504117	-268.8347	1.8	-300	
48.92093	COLLISION_NONE	NOT_SWITCH	NOT_RESET	NOT_WAYPOINT	-257.1757	1.8	-295.7871	0	0.6370265	0	0.7708419	-0.004045963	0.3509674	0.07144833	-268.8347	1.8	-300	
48.94093	COLLISION_NONE	NOT_SWITCH	NOT_RESET	NOT_WAYPOINT	-256.916	1.8	-295.4933	0	0.6370265	0	0.7708419	-0.0215683	0.3504333	0.07093263	-268.8347	1.8	-300	
48.96093	COLLISION_NONE	NOT_SWITCH	NOT_RESET	NOT_WAYPOINT	-256.6589	1.8	-295.1855	0	0.6370265	0	0.7708419	-0.0179987	0.3466949	0.06420946	-268.8347	1.8	-300	
48.98093	COLLISION_NONE	NOT_SWITCH	NOT_RESET	NOT_WAYPOINT	-256.4054	1.8	-294.8587	0	0.6370265	0	0.7708419	-0.02554083	0.3214417	0.05461216	-268.8347	1.8	-300	
49.00093	COLLISION_NONE	NOT_SWITCH	NOT_RESET	TRIGGER_WAYPOINT	-256.1557	1.8	-294.5096	0	0.6370265	0	0.7708419	-0.004275799	0.336441	0.06158829	-240.303	1.8	-290.7295	
49.02093	COLLISION_NONE	NOT_SWITCH	NOT_RESET	NOT_WAYPOINT	-255.9061	1.8	-294.1646	0	0.6370265	0	0.7708419	0.01262617	0.3267975	0.06953859	-240.303	1.8	-290.7295	
49.04093	COLLISION_NONE	NOT_SWITCH	NOT_RESET	NOT_WAYPOINT	-255.6571	1.8	-293.8219	0	0.6370265	0	0.7708419	0.01262617	0.3267975	0.06953859	-240.303	1.8	-290.7295	
49.06093	COLLISION_NONE	NOT_SWITCH	NOT_RESET	NOT_WAYPOINT	-255.4081	1.8	-293.4791	0	0.6370265	0	0.7708419	0.02989292	0.3203812	0.07396865	-240.303	1.8	-290.7295	
49.08093	COLLISION_NONE	NOT_SWITCH	NOT_RESET	NOT_WAYPOINT	-255.1575	1.8	-293.1376	0	0.6370265	0	0.7708419	0.01910114	0.3205643	0.08413315	-240.303	1.8	-290.7295	
49.10093	COLLISION_NONE	NOT_SWITCH	NOT_RESET	NOT_WAYPOINT	-254.9061	1.8	-292.7958	0	0.6370265	0	0.7708419	0.01910114	0.3205643	0.08413315	-240.303	1.8	-290.7295	
49.12093	COLLISION_NONE	NOT_SWITCH	NOT_RESET	NOT_WAYPOINT	-254.6547	1.8	-292.4541	0	0.6370265	0	0.7708419	0.01585913	0.3162155	0.06660914	-240.303	1.8	-290.7295	
49.14093	COLLISION_NONE	NOT_SWITCH	NOT_RESET	NOT_WAYPOINT	-254.4032	1.8	-292.1123	0	0.6370265	0	0.7708419	0.02257109	0.2984695	0.06071973	-240.303	1.8	-290.7295	
49.16093	COLLISION_NONE	NOT_SWITCH	NOT_RESET	NOT_WAYPOINT	-254.1518	1.8	-291.7705	0	0.6370265	0	0.7708419	0.0193243	0.2977982	0.0465312	-240.303	1.8	-290.7295	
49.18093	COLLISION_NONE	NOT_SWITCH	NOT_RESET	NOT_WAYPOINT	-253.9003	1.8	-291.4287	0	0.6370265	0	0.7708419	0.0193243	0.2977982	0.0465312	-240.303	1.8	-290.7295	
49.20094	COLLISION_NONE	NOT_SWITCH	NOT_RESET	NOT_WAYPOINT	-253.6489	1.8	-291.0869	0	0.6370265	0	0.7708419	0.012321	0.2975845	0.0463295	-240.303	1.8	-290.7295	
49.22094	COLLISION_NONE	NOT_SWITCH	NOT_RESET	NOT_WAYPOINT	-253.3974	1.8	-290.7451	0	0.6370265	0	0.7708419	0.012321	0.2975845	0.0463295	-240.303	1.8	-290.7295	
49.24094	COLLISION_NONE	NOT_SWITCH	NOT_RESET	NOT_WAYPOINT	-253.146	1.8	-290.4033	0	0.6370265	0	0.7708419	0.0202837	0.3184967	0.03863764	-240.303	1.8	-290.7295	
49.26094	COLLISION_NONE	NOT_SWITCH	NOT_RESET	NOT_WAYPOINT	-252.8945	1.8	-290.0615	0	0.6370265	0	0.7708419	0.02409124	0.3329544	0.0451107	-240.303	1.8	-290.7295	
49.28094	COLLISION_NONE	NOT_SWITCH	NOT_RESET	NOT_WAYPOINT	-252.6431	1.8	-289.7197	0	0.6370265	0	0.7708419	0.01028967	0.3433762	0.05122542	-240.303	1.8	-290.7295	
49.30094	COLLISION_NONE	NOT_SWITCH	NOT_RESET	NOT_WAYPOINT	-252.3916	1.8	-289.3779	0	0.6370265	0	0.7708419	-0.007633209	0.3249817	0.04449797	-240.303	1.8	-290.7295	
49.32094	COLLISION_NONE	NOT_SWITCH	NOT_RESET	NOT_WAYPOINT	-252.1402	1.8	-289.0361	0	0.6370265	0	0.7708419	-0.007633209	0.3249817	0.04449797	-240.303	1.8	-290.7295	
49.34094	COLLISION_NONE	NOT_SWITCH	NOT_RESET	NOT_WAYPOINT	-251.8887	1.8	-288.6943	0	0.6370265	0	0.7708419	-0.0006928444	0.3215179	0.04136372	-240.303	1.8	-290.7295	
49.36094	COLLISION_NONE	NOT_SWITCH	NOT_RESET	NOT_WAYPOINT	-251.6373	1.8	-288.3525	0	0.6363334	0	0.7714142	-0.01799679	0.3169708	0.03053999	-240.303	1.8	-290.7295	
49.38094	COLLISION_NONE	NOT_SWITCH	NOT_RESET	NOT_WAYPOINT	-251.3865	1.8	-288.0104	0	0.6363334	0	0.7714142	-0.01799679	0.3169708	0.03053999	-240.303	1.8	-290.7295	
49.40094	COLLISION_NONE	NOT_SWITCH	NOT_RESET	NOT_WAYPOINT	-251.1357	1.8	-287.6683	0	0.6326134	0	0.7744678	-0.006479263	0.3228989	-0.0009989738	-240.303	1.8	-290.7295	
49.42094	COLLISION_NONE	NOT_SWITCH	NOT_RESET	NOT_WAYPOINT	-250.8872	1.8	-287.3258	0	0.6273561	0	0.7787326	-0.0005717278	0.295311	0.007534504	-240.303	1.8	-290.7295	
49.44094	COLLISION_NONE	NOT_SWITCH	NOT_RESET	NOT_WAYPOINT	-250.642	1.8	-286.9821	0	0.6213035	0	0.7835701	0.003242016	0.2949142	-0.002831936	-240.303	1.8	-290.7295	
49.46094	COLLISION_NONE	NOT_SWITCH	NOT_RESET	NOT_WAYPOINT	-250.4005	1.8	-286.6366	0	0.6213035	0	0.7835701	0.003242016	0.2949142	-0.002831936	-240.303	1.8	-290.7295	
49.48094	COLLISION_NONE	NOT_SWITCH	NOT_RESET	NOT_WAYPOINT	-250.1591	1.8	-286.2911	0	0.6148279	0	0.7886614	0.0103178	0.2912903	-0.009457111	-240.303	1.8	-290.7295	
49.50094	COLLISION_NONE	NOT_SWITCH	NOT_RESET	NOT_WAYPOINT	-249.9221	1.8	-285.9433	0	0.6081164	0	0.7938479	0.01688433	0.2921829	0.004702568	-240.303	1.8	-290.7295	
49.52094	COLLISION_NONE	NOT_SWITCH	NOT_RESET	NOT_WAYPOINT	-249.6898	1.8	-285.5929	0	0.6012635	0	0.7990509	0.03415298	0.2893906	0.008849621	-240.303	1.8	-290.7295	
49.54094	COLLISION_NONE	NOT_SWITCH	NOT_RESET	NOT_WAYPOINT	-249.4628	1.8	-285.2395	0	0.6012635	0	0.7990509	0.03415298	0.2893906	0.008849621	-240.303	1.8	-290.7295	
49.56094	COLLISION_NONE	NOT_SWITCH	NOT_RESET	NOT_WAYPOINT	-249.2358	1.8	-284.8861	0	0.5943168	0	0.8042311	0.03687239	0.2611923	0.006802559	-240.303	1.8	-290.7295	
49.58094	COLLISION_NONE	NOT_SWITCH	NOT_RESET	NOT_WAYPOINT	-249.0143	1.8	-284.5296	0	0.5873008	0	0.8093688	0.01501846	0.2469482	0.0136652	-240.303	1.8	-290.7295	
49.60094	COLLISION_NONE	NOT_SWITCH	NOT_RESET	NOT_WAYPOINT	-248.7985	1.8	-284.1698	0	0.5802279	0	0.8144543	0.01495361	0.2323303	0.003932953	-240.303	1.8	-290.7295	
49.62094	COLLISION_NONE	NOT_SWITCH	NOT_RESET	NOT_WAYPOINT	-248.5887	1.8	-283.8067	0	0.5802279	0	0.8144543	0.01495361	0.2323303	0.003932953	-240.303	1.8	-290.7295	
49.64095	COLLISION_NONE	NOT_SWITCH	NOT_RESET	NOT_WAYPOINT	-248.3788	1.8	-283.4436	0	0.5731046	0	0.8194822	0.04031134	0.2539597	0.0002274513	-240.303	1.8	-290.7295	
49.66095	COLLISION_NONE	NOT_SWITCH	NOT_RESET	NOT_WAYPOINT	-248.1751	1.8	-283.0772	0	0.5659347	0	0.8244501	0.01227045	0.2381592	-0.02102804	-240.303	1.8	-290.7295	
49.68095	COLLISION_NONE	NOT_SWITCH	NOT_RESET	NOT_WAYPOINT	-247.9777	1.8	-282.7075	0	0.5587201	0	0.8293563	0.02289295	0.2531738	-0.007378101	-240.303	1.8	-290.7295	
49.70095	COLLISION_NONE	NOT_SWITCH	NOT_RESET	NOT_WAYPOINT	-247.7867	1.8	-282.3344	0	0.5587201	0	0.8293563	0.02289295	0.2531738	-0.007378101	-240.303	1.8	-290.7295	
49.72095	COLLISION_NONE	NOT_SWITCH	NOT_RESET	NOT_WAYPOINT	-247.5956	1.8	-281.9614	0	0.5514623	0	0.8341999	0.008816719	0.2342072	-0.02795601	-240.303	1.8	-290.7295	
49.74095	COLLISION_NONE	NOT_SWITCH	NOT_RESET	NOT_WAYPOINT	-247.411	1.8	-281.5852	0	0.544162	0	0.8389801	0.01179457	0.2314835	-0.01374388	-240.303	1.8	-290.7295	
49.76095	COLLISION_NONE	NOT_SWITCH	NOT_RESET	NOT_WAYPOINT	-247.233	1.8	-281.2059	0	0.544162	0	0.8389801	0.01179457	0.2314835	-0.01374388	-240.303	1.8	-290.7295	
49.78095	COLLISION_NONE	NOT_SWITCH	NOT_RESET	NOT_WAYPOINT	-247.0549	1.8	-280.8265	0	0.5368201	0	0.8436968	-0.006362915	0.2209167	-0.00330925	-240.303	1.8	-290.7295	
49.80095	COLLISION_NONE	NOT_SWITCH	NOT_RESET	NOT_WAYPOINT	-246.8835	1.8	-280.4442	0	0.5294372	0	0.8483492	-0.01347113	0.220871	-1.764297E-05	-240.303	1.8	-290.7295	
49.82095	COLLISION_NONE	NOT_SWITCH	NOT_RESET	NOT_WAYPOINT	-246.7188	1.8	-280.0589	0	0.5220139	0	0.852937	-0.0446682	0.2305679	0.002121449	-240.303	1.8	-290.7295	
49.84095	COLLISION_NONE	NOT_SWITCH	NOT_RESET	NOT_WAYPOINT	-246.5608	1.8	-279.6708	0	0.5145509	0	0.8574599	-0.03386259	0.2303925	-0.008050919	-240.303	1.8	-290.7295	
49.86095	COLLISION_NONE	NOT_SWITCH	NOT_RESET	NOT_WAYPOINT	-246.4096	1.8	-279.28	0	0.5145509	0	0.8574599	-0.03386259	0.2303925	-0.008050919	-240.303	1.8	-290.7295	
49.88095	COLLISION_NONE	NOT_SWITCH	NOT_RESET	NOT_WAYPOINT	-246.2584	1.8	-278.8893	0	0.5070487	0	0.8619175	-0.01584291	0.244957	-0.008169174	-240.303	1.8	-290.7295	
49.90095	COLLISION_NONE	NOT_SWITCH	NOT_RESET	NOT_WAYPOINT	-246.1141	1.8	-278.4959	0	0.4995078	0	0.8663095	-0.02200508	0.2507401	-0.0296154	-240.303	1.8	-290.7295	
49.92095	COLLISION_NONE	NOT_SWITCH	NOT_RESET	NOT_WAYPOINT	-245.9766	1.8	-278.1001	0	0.4995078	0	0.8663095	-0.02200508	0.2507401	-0.0296154	-240.303	1.8	-290.7295	
49.94095	COLLISION_NONE	NOT_SWITCH	NOT_RESET	NOT_WAYPOINT	-245.8391	1.8	-277.7043	0	0.4919289	0	0.8706354	-0.02612829	0.2367783	-0.02561045	-240.303	1.8	-290.7295	
49.96095	COLLISION_NONE	NOT_SWITCH	NOT_RESET	NOT_WAYPOINT	-245.7086	1.8	-277.3061	0	0.4843125	0	0.8748951	-0.01912498	0.2369995	-0.02541113	-240.303	1.8	-290.7295	
49.98095	COLLISION_NONE	NOT_SWITCH	NOT_RESET	NOT_WAYPOINT	-245.5851	1.8	-276.9058	0	0.4766593	0	0.8790882	-0.02747822	0.2204285	-0.000412941	-240.303	1.8	-290.7295	
50.00095	COLLISION_NONE	NOT_SWITCH	NOT_RESET	NOT_WAYPOINT	-245.4685	1.8	-276.5033	0	0.4766593	0	0.8790882	-0.02747822	0.2204285	-0.000412941	-240.303	1.8	-290.7295	
