#Surfing Trial Path#
#TimeStamp#	#Collision Event#	#Mode Switch Event#	#Reset Event#	#Waypoint Event#	#PositionX#	#PositionY#	#PositionZ#	#OrientationX#	#OrientationY#	#OrientationZ#	#OrientationW#	#HeadOrientationX#	#HeadOrientationY#	#HeadOrientationZ#	#WayPointX#	#WayPointY#	#WayPointZ#	
190.5439	COLLISION_NONE	CORRECT_SWITCH	NOT_RESET	TRIGGER_WAYPOINT	324.0727	1.8	276.4386	0	0.008224578	0	0.9999662	0.07622147	0.4720154	-0.07147272	315	1.920691	276.4386	
190.5639	COLLISION_NONE	NOT_SWITCH	NOT_RESET	NOT_WAYPOINT	323.9648	1.8	277.2348	0	0.008224578	0	0.9999662	0.07622147	0.4720154	-0.07147272	315	1.90482	277.2348	
190.5839	COLLISION_NONE	NOT_SWITCH	NOT_RESET	NOT_WAYPOINT	323.8568	1.8	278.0309	0	0.01640554	0	0.9998655	0.07579422	0.4565125	-0.08045411	315	1.88912	278.0309	
190.6039	COLLISION_NONE	NOT_SWITCH	NOT_RESET	NOT_WAYPOINT	323.6722	1.8	278.7613	0	0.02454258	0	0.9996988	0.08843994	0.4872131	-0.05584842	315	1.874865	278.7613	
190.6239	COLLISION_NONE	NOT_SWITCH	NOT_RESET	NOT_WAYPOINT	323.5772	1.8	279.4444	0	0.0326354	0	0.9994674	0.09139252	0.4883728	-0.05937979	315	1.86166	279.4444	
190.6439	COLLISION_NONE	NOT_SWITCH	NOT_RESET	NOT_WAYPOINT	323.3889	1.8	280.1595	0	0.04068372	0	0.9991722	0.09145355	0.5011597	-0.05502892	315	1.847966	280.1595	
190.6639	COLLISION_NONE	NOT_SWITCH	NOT_RESET	NOT_WAYPOINT	323.2756	1.8	280.8056	0	0.04868729	0	0.998814	0.1042175	0.4792786	-0.04459995	315	1.835707	280.8056	
190.6839	COLLISION_NONE	NOT_SWITCH	NOT_RESET	NOT_WAYPOINT	323.0819	1.8	281.5081	0	0.04868729	0	0.998814	0.1042175	0.4792786	-0.04459995	315	1.822498	281.5081	
190.7039	COLLISION_NONE	NOT_SWITCH	NOT_RESET	NOT_WAYPOINT	322.8882	1.8	282.2105	0	0.05664585	0	0.9983944	0.1031761	0.4838257	-0.05417886	315	1.809414	282.2105	
190.7239	COLLISION_NONE	NOT_SWITCH	NOT_RESET	NOT_WAYPOINT	322.756	1.8	282.8314	0	0.06455918	0	0.997914	0.1023483	0.4862976	-0.02720562	315	1.797952	282.8314	
190.7439	COLLISION_NONE	NOT_SWITCH	NOT_RESET	NOT_WAYPOINT	322.5531	1.8	283.52	0	0.06455918	0	0.997914	0.1023483	0.4862976	-0.02720562	315	1.78535	283.52	
190.7639	COLLISION_NONE	NOT_SWITCH	NOT_RESET	NOT_WAYPOINT	322.3502	1.8	284.2086	0	0.07242704	0	0.9973738	0.1027069	0.4890137	-0.02257013	315	1.772864	284.2086	
190.7839	COLLISION_NONE	NOT_SWITCH	NOT_RESET	NOT_WAYPOINT	322.2088	1.8	284.8155	0	0.08024924	0	0.9967748	0.1015778	0.5107117	-0.01522923	315	1.761953	284.8155	
190.8039	COLLISION_NONE	NOT_SWITCH	NOT_RESET	NOT_WAYPOINT	322.0038	1.8	285.3437	0	0.08802558	0	0.9961182	0.1135941	0.5238037	-0.03751597	315	1.752529	285.3437	
190.8239	COLLISION_NONE	NOT_SWITCH	NOT_RESET	NOT_WAYPOINT	321.87	1.8	285.9403	0	0.08802558	0	0.9961182	0.1135941	0.5238037	-0.03751597	315	1.741963	285.9403	
190.8439	COLLISION_NONE	NOT_SWITCH	NOT_RESET	NOT_WAYPOINT	321.7363	1.8	286.5369	0	0.0957559	0	0.9954049	0.1133995	0.4762878	-0.03123403	315	1.731481	286.5369	
190.864	COLLISION_NONE	NOT_SWITCH	NOT_RESET	NOT_WAYPOINT	321.5996	1.8	287.0313	0	0.0957559	0	0.9954049	0.1133995	0.4762878	-0.03123403	315	1.722858	287.0313	
190.884	COLLISION_NONE	NOT_SWITCH	NOT_RESET	NOT_WAYPOINT	321.4629	1.8	287.5256	0	0.10344	0	0.9946358	0.1364441	0.5085754	-0.01413661	315	1.714291	287.5256	
190.904	COLLISION_NONE	NOT_SWITCH	NOT_RESET	NOT_WAYPOINT	321.3401	1.8	288.1167	0	0.1110778	0	0.9938118	0.1204529	0.5038452	-0.01861912	315	1.70412	288.1167	
190.924	COLLISION_NONE	NOT_SWITCH	NOT_RESET	NOT_WAYPOINT	321.2104	1.8	288.6057	0	0.1110778	0	0.9938118	0.1204529	0.5038452	-0.01861912	315	1.695765	288.6057	
190.944	COLLISION_NONE	NOT_SWITCH	NOT_RESET	NOT_WAYPOINT	321.0808	1.8	289.0948	0	0.118669	0	0.9929339	0.1336136	0.4931946	-0.0006875694	315	1.687464	289.0948	
190.964	COLLISION_NONE	NOT_SWITCH	NOT_RESET	NOT_WAYPOINT	320.9782	1.8	289.6779	0	0.1262137	0	0.9920031	0.1478539	0.4970398	-0.01500571	315	1.677635	289.6779	
190.984	COLLISION_NONE	NOT_SWITCH	NOT_RESET	NOT_WAYPOINT	320.8546	1.8	290.161	0	0.1262137	0	0.9920031	0.1478539	0.4970398	-0.01500571	315	1.669549	290.161	
191.004	COLLISION_NONE	NOT_SWITCH	NOT_RESET	NOT_WAYPOINT	320.731	1.8	290.6441	0	0.1337115	0	0.9910203	0.1448593	0.4830627	-0.01582932	315	1.661513	290.6441	
191.024	COLLISION_NONE	NOT_SWITCH	NOT_RESET	NOT_WAYPOINT	320.6989	1.8	291.1655	0	0.1411626	0	0.9899864	0.1414375	0.4963074	-4.294515E-05	315	1.652898	291.1655	
191.044	COLLISION_NONE	NOT_SWITCH	NOT_RESET	NOT_WAYPOINT	320.5796	1.8	291.6367	0	0.1485667	0	0.9889024	0.138382	0.465332	-0.00665009	315	1.645163	291.6367	
191.064	COLLISION_NONE	NOT_SWITCH	NOT_RESET	NOT_WAYPOINT	320.5497	1.8	292.0604	0	0.1485667	0	0.9889024	0.138382	0.465332	-0.00665009	315	1.638248	292.0604	
191.084	COLLISION_NONE	NOT_SWITCH	NOT_RESET	NOT_WAYPOINT	320.5199	1.8	292.484	0	0.1559238	0	0.9877691	0.1205559	0.4761658	0.009169281	315	1.631371	292.484	
191.104	COLLISION_NONE	NOT_SWITCH	NOT_RESET	NOT_WAYPOINT	320.3958	1.8	292.9368	0	0.1632338	0	0.9865874	0.1275711	0.4525452	-0.006684989	315	1.624064	292.9368	
191.124	COLLISION_NONE	NOT_SWITCH	NOT_RESET	NOT_WAYPOINT	320.3535	1.8	293.3294	0	0.1632338	0	0.9865874	0.1275711	0.4525452	-0.006684989	315	1.617763	293.3294	
191.144	COLLISION_NONE	NOT_SWITCH	NOT_RESET	NOT_WAYPOINT	320.3112	1.8	293.722	0	0.1704967	0	0.9853582	0.1011124	0.4775085	-0.007787555	315	1.611493	293.722	
191.164	COLLISION_NONE	NOT_SWITCH	NOT_RESET	NOT_WAYPOINT	320.1807	1.8	294.1581	0	0.1777123	0	0.9840825	0.09956741	0.4837036	-0.009393215	315	1.604566	294.1581	
191.184	COLLISION_NONE	NOT_SWITCH	NOT_RESET	NOT_WAYPOINT	320.1318	1.8	294.5335	0	0.1848807	0	0.982761	0.1113625	0.4833984	-0.002752274	315	1.598634	294.5335	
191.204	COLLISION_NONE	NOT_SWITCH	NOT_RESET	NOT_WAYPOINT	319.999	1.8	294.96	0	0.1848807	0	0.982761	0.1113625	0.4833984	-0.002752274	315	1.591929	294.96	
191.224	COLLISION_NONE	NOT_SWITCH	NOT_RESET	NOT_WAYPOINT	319.8662	1.8	295.3865	0	0.1920018	0	0.9813946	0.1114922	0.47052	-0.01819497	315	1.585262	295.3865	
191.244	COLLISION_NONE	NOT_SWITCH	NOT_RESET	NOT_WAYPOINT	319.8058	1.8	295.7412	0	0.1990756	0	0.9799842	0.1072693	0.4570313	-0.01888159	315	1.579745	295.7412	
191.264	COLLISION_NONE	NOT_SWITCH	NOT_RESET	NOT_WAYPOINT	319.67	1.8	296.1586	0	0.1990756	0	0.9799842	0.1072693	0.4570313	-0.01888159	315	1.573285	296.1586	
191.284	COLLISION_NONE	NOT_SWITCH	NOT_RESET	NOT_WAYPOINT	319.5343	1.8	296.576	0	0.2061021	0	0.9785305	0.1055336	0.4603882	-0.03623027	315	1.56686	296.576	
191.304	COLLISION_NONE	NOT_SWITCH	NOT_RESET	NOT_WAYPOINT	319.4668	1.8	296.9174	0	0.2130813	0	0.9770345	0.1079979	0.4624939	-0.009623438	315	1.561629	296.9174	
191.3241	COLLISION_NONE	NOT_SWITCH	NOT_RESET	NOT_WAYPOINT	319.3267	1.8	297.3246	0	0.2130813	0	0.9770345	0.1079979	0.4624939	-0.009623438	315	1.555422	297.3246	
191.3441	COLLISION_NONE	NOT_SWITCH	NOT_RESET	NOT_WAYPOINT	319.1866	1.8	297.7317	0	0.2200132	0	0.9754969	0.1222305	0.45578	0.02072662	315	1.549248	297.7317	
191.3641	COLLISION_NONE	NOT_SWITCH	NOT_RESET	NOT_WAYPOINT	319.1144	1.8	298.0626	0	0.2268977	0	0.9739187	0.1176186	0.421814	0.03179261	315	1.544253	298.0626	
191.3841	COLLISION_NONE	NOT_SWITCH	NOT_RESET	NOT_WAYPOINT	318.964	1.8	298.4525	0	0.2268977	0	0.9739187	0.1176186	0.421814	0.03179261	315	1.538395	298.4525	
191.4041	COLLISION_NONE	NOT_SWITCH	NOT_RESET	NOT_WAYPOINT	318.8135	1.8	298.8423	0	0.233735	0	0.9723003	0.117218	0.4105835	0.02429596	315	1.532566	298.8423	
191.4241	COLLISION_NONE	NOT_SWITCH	NOT_RESET	NOT_WAYPOINT	318.738	1.8	299.163	0	0.2405251	0	0.9706429	0.1264305	0.4033203	0.03618604	315	1.527794	299.163	
191.4441	COLLISION_NONE	NOT_SWITCH	NOT_RESET	NOT_WAYPOINT	318.6823	1.8	299.3831	0	0.2472679	0	0.9689472	0.1213722	0.407074	0.01920196	315	1.524528	299.3831	
191.4641	COLLISION_NONE	NOT_SWITCH	NOT_RESET	NOT_WAYPOINT	318.6081	1.8	299.6992	0	0.2472679	0	0.9689472	0.1213722	0.407074	0.01920196	315	1.519857	299.6992	
191.4841	COLLISION_NONE	NOT_SWITCH	NOT_RESET	NOT_WAYPOINT	318.5338	1.8	300.0152	0	0.2539636	0	0.9672138	0.1236534	0.4197998	0.01220623	315	1.515205	300.0152	
191.5041	COLLISION_NONE	NOT_SWITCH	NOT_RESET	NOT_WAYPOINT	318.4816	1.8	300.2312	0	0.2606121	0	0.9654436	0.1199913	0.413147	0.006459445	315	1.512036	300.2312	
191.5241	COLLISION_NONE	NOT_SWITCH	NOT_RESET	NOT_WAYPOINT	318.4085	1.8	300.5425	0	0.2606121	0	0.9654436	0.1199913	0.413147	0.006459445	315	1.507483	300.5425	
191.5441	COLLISION_NONE	NOT_SWITCH	NOT_RESET	NOT_WAYPOINT	318.3354	1.8	300.8539	0	0.2672136	0	0.9636374	0.1306419	0.3876343	-0.006549209	315	1.502948	300.8539	
191.5641	COLLISION_NONE	NOT_SWITCH	NOT_RESET	NOT_WAYPOINT	318.2848	1.8	301.0653	0	0.2737682	0	0.9617957	0.103756	0.3971252	-0.01661083	315	1.499879	301.0653	
191.5841	COLLISION_NONE	NOT_SWITCH	NOT_RESET	NOT_WAYPOINT	318.2128	1.8	301.372	0	0.2802758	0	0.9599196	0.08809662	0.3866577	-0.01933032	315	1.495442	301.372	
191.6041	COLLISION_NONE	NOT_SWITCH	NOT_RESET	NOT_WAYPOINT	318.1635	1.8	301.5788	0	0.2802758	0	0.9599196	0.08809662	0.3866577	-0.01933032	315	1.492459	301.5788	
191.6241	COLLISION_NONE	NOT_SWITCH	NOT_RESET	NOT_WAYPOINT	318.1141	1.8	301.7856	0	0.2867365	0	0.9580095	0.08476257	0.3785095	-0.02188507	315	1.489484	301.7856	
191.6441	COLLISION_NONE	NOT_SWITCH	NOT_RESET	NOT_WAYPOINT	318.0433	1.8	302.0876	0	0.2931506	0	0.9560663	0.06654739	0.3781433	-0.01351768	315	1.485153	302.0876	
191.6641	COLLISION_NONE	NOT_SWITCH	NOT_RESET	NOT_WAYPOINT	317.9951	1.8	302.2898	0	0.2931506	0	0.9560663	0.06654739	0.3781433	-0.01351768	315	1.482264	302.2898	
191.6841	COLLISION_NONE	NOT_SWITCH	NOT_RESET	NOT_WAYPOINT	317.947	1.8	302.4919	0	0.299518	0	0.9540907	0.0687561	0.3603821	-0.008456588	315	1.479382	302.4919	
191.7041	COLLISION_NONE	NOT_SWITCH	NOT_RESET	NOT_WAYPOINT	317.8775	1.8	302.7893	0	0.3058388	0	0.9520833	0.07161331	0.3403015	-0.0191865	315	1.475156	302.7893	
191.7241	COLLISION_NONE	NOT_SWITCH	NOT_RESET	NOT_WAYPOINT	317.8304	1.8	302.9868	0	0.3121132	0	0.9500449	0.06445313	0.3256226	-0.01635298	315	1.472358	302.9868	
191.7441	COLLISION_NONE	NOT_SWITCH	NOT_RESET	NOT_WAYPOINT	317.7621	1.8	303.2796	0	0.3121132	0	0.9500449	0.06445313	0.3256226	-0.01635298	315	1.468223	303.2796	
191.7641	COLLISION_NONE	NOT_SWITCH	NOT_RESET	NOT_WAYPOINT	317.6938	1.8	303.5724	0	0.3183413	0	0.9479762	0.04264069	0.3356628	-0.007937521	315	1.464104	303.5724	
191.7841	COLLISION_NONE	NOT_SWITCH	NOT_RESET	NOT_WAYPOINT	317.648	1.8	303.7652	0	0.3245232	0	0.9458778	0.04450607	0.3194275	-0.006074697	315	1.461399	303.7652	
191.8042	COLLISION_NONE	NOT_SWITCH	NOT_RESET	NOT_WAYPOINT	317.5808	1.8	304.0533	0	0.3245232	0	0.9458778	0.04450607	0.3194275	-0.006074697	315	1.45737	304.0533	
191.8242	COLLISION_NONE	NOT_SWITCH	NOT_RESET	NOT_WAYPOINT	317.5136	1.8	304.3414	0	0.3306589	0	0.9437503	0.04884338	0.3145142	0.003135055	315	1.453355	304.3414	
191.8442	COLLISION_NONE	NOT_SWITCH	NOT_RESET	NOT_WAYPOINT	317.469	1.8	304.5296	0	0.3367487	0	0.9415945	0.05072021	0.315979	-0.01138735	315	1.45074	304.5296	
191.8642	COLLISION_NONE	NOT_SWITCH	NOT_RESET	NOT_WAYPOINT	317.403	1.8	304.813	0	0.3427927	0	0.9394111	0.06735229	0.3005981	-0.006341308	315	1.446814	304.813	
191.8842	COLLISION_NONE	NOT_SWITCH	NOT_RESET	NOT_WAYPOINT	317.3595	1.8	304.9965	0	0.3427927	0	0.9394111	0.06735229	0.3005981	-0.006341308	315	1.444279	304.9965	
191.9042	COLLISION_NONE	NOT_SWITCH	NOT_RESET	NOT_WAYPOINT	317.316	1.8	305.1801	0	0.348791	0	0.9372005	0.08472061	0.2906799	0.007919371	315	1.44175	305.1801	
191.9242	COLLISION_NONE	NOT_SWITCH	NOT_RESET	NOT_WAYPOINT	317.2515	1.8	305.4589	0	0.3547438	0	0.9349636	0.0451088	0.2951355	-0.006914437	315	1.437919	305.4589	
191.9442	COLLISION_NONE	NOT_SWITCH	NOT_RESET	NOT_WAYPOINT	317.2091	1.8	305.6378	0	0.3547438	0	0.9349636	0.0451088	0.2951355	-0.006914437	315	1.435469	305.6378	
191.9642	COLLISION_NONE	NOT_SWITCH	NOT_RESET	NOT_WAYPOINT	317.1667	1.8	305.8166	0	0.3606511	0	0.9327008	0.04951859	0.3029785	0.006609559	315	1.433024	305.8166	
191.9842	COLLISION_NONE	NOT_SWITCH	NOT_RESET	NOT_WAYPOINT	317.1048	1.8	306.0911	0	0.3665132	0	0.9304129	0.05137253	0.2867432	0.008502811	315	1.429282	306.0911	
192.0042	COLLISION_NONE	NOT_SWITCH	NOT_RESET	NOT_WAYPOINT	317.0636	1.8	306.2653	0	0.3723302	0	0.9281003	0.04529953	0.276062	0.02378356	315	1.426914	306.2653	
192.0242	COLLISION_NONE	NOT_SWITCH	NOT_RESET	NOT_WAYPOINT	317.0095	1.8	306.5363	0	0.3723302	0	0.9281003	0.04529953	0.276062	0.02378356	315	1.423241	306.5363	
192.0442	COLLISION_NONE	NOT_SWITCH	NOT_RESET	NOT_WAYPOINT	316.9554	1.8	306.8072	0	0.3781023	0	0.9257638	0.02345276	0.2775879	0.02929562	315	1.419581	306.8072	
192.0642	COLLISION_NONE	NOT_SWITCH	NOT_RESET	NOT_WAYPOINT	316.9157	1.8	306.9768	0	0.3838296	0	0.923404	0.02424622	0.275116	0.002376944	315	1.417296	306.9768	
192.0842	COLLISION_NONE	NOT_SWITCH	NOT_RESET	NOT_WAYPOINT	316.8917	1.8	307.0453	0	0.3895122	0	0.9210213	0.01084137	0.2597351	0.009125561	315	1.416375	307.0453	
192.1042	COLLISION_NONE	NOT_SWITCH	NOT_RESET	NOT_WAYPOINT	316.8531	1.8	307.2102	0	0.3951505	0	0.9186164	0.01486206	0.2605591	0.01658103	315	1.414159	307.2102	
192.1242	COLLISION_NONE	NOT_SWITCH	NOT_RESET	NOT_WAYPOINT	316.8313	1.8	307.2742	0	0.4007445	0	0.9161898	0.01594925	0.2644958	0.02899438	315	1.413301	307.2742	
192.1442	COLLISION_NONE	NOT_SWITCH	NOT_RESET	NOT_WAYPOINT	316.7939	1.8	307.4345	0	0.4062945	0	0.9137422	0.03425598	0.2903442	0.02928185	315	1.411153	307.4345	
192.1642	COLLISION_NONE	NOT_SWITCH	NOT_RESET	NOT_WAYPOINT	316.774	1.8	307.494	0	0.4172629	0	0.9087859	0.02322006	0.2881775	-0.004298836	315	1.410357	307.494	
192.1842	COLLISION_NONE	NOT_SWITCH	NOT_RESET	NOT_WAYPOINT	316.7212	1.8	307.7459	0	0.4226817	0	0.9062783	0.02760315	0.291748	0.007778347	315	1.406995	307.7459	
192.2042	COLLISION_NONE	NOT_SWITCH	NOT_RESET	NOT_WAYPOINT	316.6859	1.8	307.8969	0	0.4280573	0	0.9037517	0.03284454	0.2757263	-0.02395087	315	1.404984	307.8969	
192.2242	COLLISION_NONE	NOT_SWITCH	NOT_RESET	NOT_WAYPOINT	316.6688	1.8	307.9471	0	0.4333896	0	0.9012067	0.01876831	0.2675781	-0.02212179	315	1.404316	307.9471	
192.2442	COLLISION_NONE	NOT_SWITCH	NOT_RESET	NOT_WAYPOINT	316.6346	1.8	308.0934	0	0.4386791	0	0.8986438	0.0105896	0.2660217	-0.02593488	315	1.402372	308.0934	
192.2643	COLLISION_NONE	NOT_SWITCH	NOT_RESET	NOT_WAYPOINT	316.6192	1.8	308.1392	0	0.44913	0	0.8934665	0.01692963	0.2581787	-0.04382354	315	1.401765	308.1392	
192.2843	COLLISION_NONE	NOT_SWITCH	NOT_RESET	NOT_WAYPOINT	316.5683	1.8	308.3768	0	0.4542918	0	0.8908529	0.005443573	0.2527161	-0.04870078	315	1.398618	308.3768	
192.3043	COLLISION_NONE	NOT_SWITCH	NOT_RESET	NOT_WAYPOINT	316.5362	1.8	308.5138	0	0.4594116	0	0.8882235	-0.006816864	0.2674255	-0.04308689	315	1.396807	308.5138	
192.3243	COLLISION_NONE	NOT_SWITCH	NOT_RESET	NOT_WAYPOINT	316.5234	1.8	308.5503	0	0.4644894	0	0.8855787	0.0002403259	0.2565613	-0.0546048	315	1.396326	308.5503	
192.3443	COLLISION_NONE	NOT_SWITCH	NOT_RESET	NOT_WAYPOINT	316.4924	1.8	308.6826	0	0.4695255	0	0.8829189	0.00245285	0.2430725	-0.04807085	315	1.394581	308.6826	
192.3643	COLLISION_NONE	NOT_SWITCH	NOT_RESET	NOT_WAYPOINT	316.4812	1.8	308.7145	0	0.4745202	0	0.8802446	-0.005367279	0.2399902	-0.04868501	315	1.394161	308.7145	
192.3843	COLLISION_NONE	NOT_SWITCH	NOT_RESET	NOT_WAYPOINT	316.4513	1.8	308.8422	0	0.4794737	0	0.8775563	-0.005367279	0.2399902	-0.04868501	315	1.39248	308.8422	
192.4043	COLLISION_NONE	NOT_SWITCH	NOT_RESET	NOT_WAYPOINT	316.4416	1.8	308.8695	0	0.4892575	0	0.8721393	0.004745483	0.2557678	-0.05507243	315	1.392121	308.8695	
192.4243	COLLISION_NONE	NOT_SWITCH	NOT_RESET	NOT_WAYPOINT	316.3935	1.8	309.0883	0	0.4940885	0	0.8694116	-0.007049561	0.2603149	-0.06026855	315	1.389249	309.0883	
192.4443	COLLISION_NONE	NOT_SWITCH	NOT_RESET	NOT_WAYPOINT	316.3657	1.8	309.2066	0	0.498879	0	0.8666717	-0.003780365	0.2557068	-0.06204873	315	1.387699	309.2066	
192.4643	COLLISION_NONE	NOT_SWITCH	NOT_RESET	NOT_WAYPOINT	316.3585	1.8	309.2247	0	0.5036294	0	0.8639199	-0.01193619	0.2583923	-0.06439796	315	1.387462	309.2247	
192.4843	COLLISION_NONE	NOT_SWITCH	NOT_RESET	NOT_WAYPOINT	316.3318	1.8	309.3384	0	0.5130106	0	0.8583823	-0.01271439	0.2608643	-0.03744987	315	1.385975	309.3384	
192.5043	COLLISION_NONE	NOT_SWITCH	NOT_RESET	NOT_WAYPOINT	316.3437	1.8	309.2608	0	0.5176419	0	0.8555974	-0.0116272	0.264801	-0.0250378	315	1.38699	309.2608	
192.5243	COLLISION_NONE	NOT_SWITCH	NOT_RESET	NOT_WAYPOINT	316.3367	1.8	309.279	0	0.522234	0	0.8528023	0.02344894	0.256897	-0.01120484	315	1.386752	309.279	
192.5443	COLLISION_NONE	NOT_SWITCH	NOT_RESET	NOT_WAYPOINT	316.3102	1.8	309.3928	0	0.526787	0	0.8499973	0.009056091	0.2587891	-0.009698868	315	1.385265	309.3928	
192.5643	COLLISION_NONE	NOT_SWITCH	NOT_RESET	NOT_WAYPOINT	316.3046	1.8	309.4064	0	0.5313012	0	0.847183	0.0137558	0.2523804	0.00270319	315	1.385088	309.4064	
192.5843	COLLISION_NONE	NOT_SWITCH	NOT_RESET	NOT_WAYPOINT	316.2791	1.8	309.5155	0	0.5357769	0	0.8443596	0.0189476	0.2442932	0.00714305	315	1.383663	309.5155	
192.6043	COLLISION_NONE	NOT_SWITCH	NOT_RESET	NOT_WAYPOINT	316.233	1.8	309.7201	0	0.5446135	0	0.8386872	0.01991272	0.2185059	0.009469688	315	1.380999	309.7201	
192.6243	COLLISION_NONE	NOT_SWITCH	NOT_RESET	NOT_WAYPOINT	316.2311	1.8	309.7247	0	0.5489749	0	0.8358389	0.0259819	0.229187	-0.005816102	315	1.380939	309.7247	
192.6443	COLLISION_NONE	NOT_SWITCH	NOT_RESET	NOT_WAYPOINT	316.2078	1.8	309.8246	0	0.5532987	0	0.832983	0.02747726	0.2443542	0.01410684	315	1.379641	309.8246	
192.6643	COLLISION_NONE	NOT_SWITCH	NOT_RESET	NOT_WAYPOINT	316.163	1.8	310.0197	0	0.5575851	0	0.8301198	0.04150009	0.2397156	0.007977933	315	1.37711	310.0197	
192.6843	COLLISION_NONE	NOT_SWITCH	NOT_RESET	NOT_WAYPOINT	316.1407	1.8	310.1148	0	0.5618344	0	0.8272498	0.05146027	0.2214966	-0.009958357	315	1.375877	310.1148	
192.7043	COLLISION_NONE	NOT_SWITCH	NOT_RESET	NOT_WAYPOINT	316.0969	1.8	310.3052	0	0.5660468	0	0.8243732	0.04294968	0.2256775	-0.01549396	315	1.373416	310.3052	
192.7243	COLLISION_NONE	NOT_SWITCH	NOT_RESET	NOT_WAYPOINT	316.053	1.8	310.4956	0	0.5743617	0	0.8186016	0.06460953	0.2297974	-0.03387415	315	1.37096	310.4956	
192.7444	COLLISION_NONE	NOT_SWITCH	NOT_RESET	NOT_WAYPOINT	316.0092	1.8	310.6859	0	0.5784648	0	0.8157074	0.06309509	0.2445068	-0.03259733	315	1.368511	310.6859	
192.7644	COLLISION_NONE	NOT_SWITCH	NOT_RESET	NOT_WAYPOINT	315.9653	1.8	310.8763	0	0.5825319	0	0.8128079	0.06026459	0.2688599	-0.02038884	315	1.366067	310.8763	
192.7844	COLLISION_NONE	NOT_SWITCH	NOT_RESET	NOT_WAYPOINT	315.9214	1.8	311.0667	0	0.5865633	0	0.8099034	0.06210709	0.2618103	-0.0377765	315	1.363629	311.0667	
192.8044	COLLISION_NONE	NOT_SWITCH	NOT_RESET	NOT_WAYPOINT	315.8776	1.8	311.257	0	0.5905593	0	0.8069943	0.04063797	0.2703247	-0.02619335	315	1.361196	311.257	
192.8244	COLLISION_NONE	NOT_SWITCH	NOT_RESET	NOT_WAYPOINT	315.8337	1.8	311.4474	0	0.5984457	0	0.8011634	0.04239273	0.2627258	-0.01030919	315	1.35877	311.4474	
192.8444	COLLISION_NONE	NOT_SWITCH	NOT_RESET	NOT_WAYPOINT	315.7899	1.8	311.6378	0	0.6023366	0	0.7982422	0.03525162	0.2523499	-0.006011844	315	1.356349	311.6378	
192.8644	COLLISION_NONE	NOT_SWITCH	NOT_RESET	NOT_WAYPOINT	315.746	1.8	311.8282	0	0.6061931	0	0.7953175	0.02706909	0.2331238	0.006598979	315	1.353933	311.8282	
192.8844	COLLISION_NONE	NOT_SWITCH	NOT_RESET	NOT_WAYPOINT	315.7022	1.8	312.0185	0	0.6100152	0	0.7923898	0.0277977	0.234314	0.01439345	315	1.351524	312.0185	
192.9044	COLLISION_NONE	NOT_SWITCH	NOT_RESET	NOT_WAYPOINT	315.6583	1.8	312.2089	0	0.6138033	0	0.789459	0.04247284	0.2138977	0.01030537	315	1.349119	312.2089	
192.9244	COLLISION_NONE	NOT_SWITCH	NOT_RESET	NOT_WAYPOINT	315.6145	1.8	312.3993	0	0.6212783	0	0.78359	0.03139114	0.219696	0.01292491	315	1.346721	312.3993	
192.9444	COLLISION_NONE	NOT_SWITCH	NOT_RESET	NOT_WAYPOINT	315.5706	1.8	312.5896	0	0.6249658	0	0.7806522	0.02921295	0.2160645	-0.01050031	315	1.344328	312.5896	
192.9644	COLLISION_NONE	NOT_SWITCH	NOT_RESET	NOT_WAYPOINT	315.5268	1.8	312.78	0	0.6286201	0	0.7777126	0.03262329	0.2070618	-0.02482027	315	1.341941	312.78	
192.9844	COLLISION_NONE	NOT_SWITCH	NOT_RESET	NOT_WAYPOINT	315.4829	1.8	312.9704	0	0.6322415	0	0.7747714	0.01027679	0.2102356	-0.01138884	315	1.339559	312.9704	
193.0044	COLLISION_NONE	NOT_SWITCH	NOT_RESET	NOT_WAYPOINT	315.4391	1.8	313.1607	0	0.6358304	0	0.7718288	0.02881241	0.204834	-0.01801851	315	1.337183	313.1607	
193.0244	COLLISION_NONE	NOT_SWITCH	NOT_RESET	NOT_WAYPOINT	315.3952	1.8	313.3511	0	0.6429112	0	0.7659408	0.01888275	0.1974182	-0.0198383	315	1.334812	313.3511	
193.0444	COLLISION_NONE	NOT_SWITCH	NOT_RESET	NOT_WAYPOINT	315.3513	1.8	313.5415	0	0.6464036	0	0.7629957	0.02325821	0.1967773	-0.009182423	315	1.332447	313.5415	
193.0644	COLLISION_NONE	NOT_SWITCH	NOT_RESET	NOT_WAYPOINT	315.3075	1.8	313.7318	0	0.6498643	0	0.7600502	0.03504944	0.1879578	-0.005455315	315	1.330088	313.7318	
193.0844	COLLISION_NONE	NOT_SWITCH	NOT_RESET	NOT_WAYPOINT	315.2636	1.8	313.9222	0	0.6532937	0	0.7571046	0.02400589	0.20224	5.617738E-05	315	1.327733	313.9222	
193.1044	COLLISION_NONE	NOT_SWITCH	NOT_RESET	NOT_WAYPOINT	315.2198	1.8	314.1126	0	0.6566918	0	0.7541591	0.01288223	0.1995239	-0.0002212226	315	1.325385	314.1126	
193.1244	COLLISION_NONE	NOT_SWITCH	NOT_RESET	NOT_WAYPOINT	315.1759	1.8	314.3029	0	0.660059	0	0.7512138	0.002883911	0.2049866	0.01336697	315	1.323042	314.3029	
193.1444	COLLISION_NONE	NOT_SWITCH	NOT_RESET	NOT_WAYPOINT	315.1321	1.8	314.4933	0	0.6667013	0	0.7453251	0.007278442	0.1665039	-0.03338018	315	1.320704	314.4933	
193.1644	COLLISION_NONE	NOT_SWITCH	NOT_RESET	NOT_WAYPOINT	315.0882	1.8	314.6837	0	0.6699769	0	0.742382	0.009243011	0.1891785	-0.04068384	315	1.318372	314.6837	
193.1844	COLLISION_NONE	NOT_SWITCH	NOT_RESET	NOT_WAYPOINT	315.0444	1.8	314.8741	0	0.6732225	0	0.73944	0.01294327	0.2000427	-0.03352097	315	1.316045	314.8741	
193.2045	COLLISION_NONE	NOT_SWITCH	NOT_RESET	NOT_WAYPOINT	315.0005	1.8	315.0644	0	0.6764383	0	0.7364994	0.02005005	0.2019043	-0.04070666	315	1.313723	315.0644	
193.2245	COLLISION_NONE	NOT_SWITCH	NOT_RESET	NOT_WAYPOINT	314.9567	1.8	315.2548	0	0.6796244	0	0.7335603	0.02341461	0.2185364	-0.03532204	315	1.311407	315.2548	
193.2445	COLLISION_NONE	NOT_SWITCH	NOT_RESET	NOT_WAYPOINT	314.9128	1.8	315.4452	0	0.685909	0	0.7276874	0.01590729	0.2054749	-0.03559604	315	1.309097	315.4452	
193.2645	COLLISION_NONE	NOT_SWITCH	NOT_RESET	NOT_WAYPOINT	314.869	1.8	315.6355	0	0.6890078	0	0.724754	0.01596069	0.2182007	-0.03127369	315	1.306791	315.6355	
193.2845	COLLISION_NONE	NOT_SWITCH	NOT_RESET	NOT_WAYPOINT	314.8251	1.8	315.8259	0	0.6920779	0	0.7218228	0.01752472	0.2296753	-0.04608929	315	1.304491	315.8259	
193.3045	COLLISION_NONE	NOT_SWITCH	NOT_RESET	NOT_WAYPOINT	314.7813	1.8	316.0163	0	0.6951196	0	0.7188941	0.02167892	0.2303772	-0.0497539	315	1.302197	316.0163	
193.3245	COLLISION_NONE	NOT_SWITCH	NOT_RESET	NOT_WAYPOINT	314.7374	1.8	316.2066	0	0.6981331	0	0.715968	0.01486588	0.2142639	-0.04368752	315	1.299907	316.2066	
193.3445	COLLISION_NONE	NOT_SWITCH	NOT_RESET	NOT_WAYPOINT	314.6935	1.8	316.397	0	0.7040763	0	0.7101244	0.006744385	0.2254028	-0.04320273	315	1.297623	316.397	
193.3645	COLLISION_NONE	NOT_SWITCH	NOT_RESET	NOT_WAYPOINT	314.6497	1.8	316.5874	0	0.7070065	0	0.7072071	-0.003177643	0.2478943	-0.02380142	315	1.295344	316.5874	
193.3845	COLLISION_NONE	NOT_SWITCH	NOT_RESET	NOT_WAYPOINT	314.6058	1.8	316.7777	0	0.7099093	0	0.7042932	-0.03506851	0.2463989	-0.007552147	315	1.293071	316.7777	
193.4045	COLLISION_NONE	NOT_SWITCH	NOT_RESET	NOT_WAYPOINT	314.562	1.8	316.9681	0	0.7127849	0	0.7013827	-0.03440475	0.2348938	-0.004099995	315	1.290802	316.9681	
193.4245	COLLISION_NONE	NOT_SWITCH	NOT_RESET	NOT_WAYPOINT	314.5181	1.8	317.1585	0	0.7156337	0	0.6984758	-0.05342484	0.2120972	-0.01071289	315	1.288539	317.1585	
193.4445	COLLISION_NONE	NOT_SWITCH	NOT_RESET	NOT_WAYPOINT	314.4743	1.8	317.3488	0	0.7184559	0	0.6955726	-0.05675125	0.203949	-0.01325756	315	1.286282	317.3488	
193.4645	COLLISION_NONE	NOT_SWITCH	NOT_RESET	NOT_WAYPOINT	314.4304	1.8	317.5392	0	0.724021	0	0.689778	-0.05827332	0.1845703	-0.0345974	315	1.284029	317.5392	
193.4845	COLLISION_NONE	NOT_SWITCH	NOT_RESET	NOT_WAYPOINT	314.3866	1.8	317.7296	0	0.7267643	0	0.686887	-0.02637863	0.1726379	-0.03298768	315	1.281781	317.7296	
193.5045	COLLISION_NONE	NOT_SWITCH	NOT_RESET	NOT_WAYPOINT	314.3427	1.8	317.92	0	0.7294819	0	0.6840002	-0.01972961	0.1846313	-0.02938297	315	1.279539	317.92	
193.5245	COLLISION_NONE	NOT_SWITCH	NOT_RESET	NOT_WAYPOINT	314.2989	1.8	318.1103	0	0.7321739	0	0.6811179	-0.01681137	0.1815186	-0.03437319	315	1.277302	318.1103	
193.5445	COLLISION_NONE	NOT_SWITCH	NOT_RESET	NOT_WAYPOINT	314.255	1.8	318.3007	0	0.7348404	0	0.6782401	-0.01160431	0.1734314	-0.02993712	315	1.27507	318.3007	
193.5645	COLLISION_NONE	NOT_SWITCH	NOT_RESET	NOT_WAYPOINT	314.2112	1.8	318.4911	0	0.7374818	0	0.6753671	-0.01673508	0.1686707	-0.04976609	315	1.272843	318.4911	
193.5845	COLLISION_NONE	NOT_SWITCH	NOT_RESET	NOT_WAYPOINT	314.1673	1.8	318.6814	0	0.7400982	0	0.6724989	-0.02535248	0.1596069	-0.0263319	315	1.270621	318.6814	
193.6045	COLLISION_NONE	NOT_SWITCH	NOT_RESET	NOT_WAYPOINT	314.1234	1.8	318.8718	0	0.7452569	0	0.6667775	-0.006137848	0.1468811	-0.0280523	315	1.268405	318.8718	
193.6245	COLLISION_NONE	NOT_SWITCH	NOT_RESET	NOT_WAYPOINT	314.0796	1.8	319.0622	0	0.7477996	0	0.6639245	0.01161957	0.1573486	-0.02563205	315	1.266193	319.0622	
193.6445	COLLISION_NONE	NOT_SWITCH	NOT_RESET	NOT_WAYPOINT	314.0357	1.8	319.2525	0	0.7503182	0	0.6610769	0.01636887	0.1295471	-0.03156152	315	1.263986	319.2525	
193.6646	COLLISION_NONE	NOT_SWITCH	NOT_RESET	NOT_WAYPOINT	313.9919	1.8	319.4429	0	0.7528128	0	0.6582347	0.03160858	0.1463623	-0.05283925	315	1.261785	319.4429	
193.6846	COLLISION_NONE	NOT_SWITCH	NOT_RESET	NOT_WAYPOINT	313.948	1.8	319.6333	0	0.7552837	0	0.655398	0.01875687	0.1597595	-0.06609523	315	1.259588	319.6333	
193.7046	COLLISION_NONE	NOT_SWITCH	NOT_RESET	NOT_WAYPOINT	313.9042	1.8	319.8236	0	0.757731	0	0.652567	0.03469467	0.1516418	-0.0660446	315	1.257397	319.8236	
193.7246	COLLISION_NONE	NOT_SWITCH	NOT_RESET	NOT_WAYPOINT	313.8603	1.8	320.014	0	0.7625559	0	0.6469223	0.04909515	0.1497192	-0.06759864	315	1.255211	320.014	
193.7446	COLLISION_NONE	NOT_SWITCH	NOT_RESET	NOT_WAYPOINT	313.8603	1.8	320.014	0	0.7649338	0	0.6441089	0.06365967	0.1562195	-0.0773288	315	1.255211	320.014	
193.7646	COLLISION_NONE	NOT_SWITCH	NOT_RESET	NOT_WAYPOINT	313.882	1.8	319.9188	0	0.767289	0	0.6413015	0.07812881	0.1670532	-0.0745386	315	1.256304	319.9188	
193.7846	COLLISION_NONE	NOT_SWITCH	NOT_RESET	NOT_WAYPOINT	313.9252	1.8	319.7284	0	0.7696216	0	0.6385003	0.07812881	0.1670532	-0.0745386	315	1.258493	319.7284	
193.8046	COLLISION_NONE	NOT_SWITCH	NOT_RESET	NOT_WAYPOINT	313.9685	1.8	319.5381	0	0.7719319	0	0.6357054	0.06076813	0.1812439	-0.08731975	315	1.260687	319.5381	
193.8246	COLLISION_NONE	NOT_SWITCH	NOT_RESET	NOT_WAYPOINT	314.0118	1.8	319.3477	0	0.7742199	0	0.6329167	0.07270432	0.202179	-0.07345812	315	1.262886	319.3477	
193.8446	COLLISION_NONE	NOT_SWITCH	NOT_RESET	NOT_WAYPOINT	314.0551	1.8	319.1573	0	0.776486	0	0.6301345	0.07088852	0.2012939	-0.09227316	315	1.265089	319.1573	
193.8646	COLLISION_NONE	NOT_SWITCH	NOT_RESET	NOT_WAYPOINT	314.0983	1.8	318.9669	0	0.780953	0	0.6245897	0.07088852	0.2012939	-0.09227316	315	1.267298	318.9669	
193.8846	COLLISION_NONE	NOT_SWITCH	NOT_RESET	NOT_WAYPOINT	314.1416	1.8	318.7766	0	0.7831544	0	0.6218273	0.04879379	0.2255859	-0.08270468	315	1.269513	318.7766	
193.9046	COLLISION_NONE	NOT_SWITCH	NOT_RESET	NOT_WAYPOINT	314.1849	1.8	318.5862	0	0.7853345	0	0.6190717	0.05133438	0.2155151	-0.09371521	315	1.271732	318.5862	
193.9246	COLLISION_NONE	NOT_SWITCH	NOT_RESET	NOT_WAYPOINT	314.2281	1.8	318.3958	0	0.7874936	0	0.6163229	0.04994202	0.2258606	-0.1049754	315	1.273956	318.3958	
193.9446	COLLISION_NONE	NOT_SWITCH	NOT_RESET	NOT_WAYPOINT	314.2714	1.8	318.2055	0	0.7896317	0	0.613581	0.0243187	0.2293701	-0.09120105	315	1.276186	318.2055	
193.9646	COLLISION_NONE	NOT_SWITCH	NOT_RESET	NOT_WAYPOINT	314.3147	1.8	318.0151	0	0.7917494	0	0.6108462	0.0411377	0.269928	-0.08961336	315	1.27842	318.0151	
193.9846	COLLISION_NONE	NOT_SWITCH	NOT_RESET	NOT_WAYPOINT	314.358	1.8	317.8247	0	0.7959231	0	0.6053978	0.0601387	0.2842712	-0.08585018	315	1.28066	317.8247	
194.0046	COLLISION_NONE	NOT_SWITCH	NOT_RESET	NOT_WAYPOINT	314.4012	1.8	317.6344	0	0.7979798	0	0.6026843	0.04535294	0.309021	-0.06919113	315	1.282905	317.6344	
194.0246	COLLISION_NONE	NOT_SWITCH	NOT_RESET	NOT_WAYPOINT	314.4445	1.8	317.444	0	0.8000165	0	0.5999781	0.04726791	0.3189697	-0.08081801	315	1.285155	317.444	
194.0446	COLLISION_NONE	NOT_SWITCH	NOT_RESET	NOT_WAYPOINT	314.4878	1.8	317.2536	0	0.8020334	0	0.5972793	0.04996109	0.3386841	-0.08172771	315	1.28741	317.2536	
194.0646	COLLISION_NONE	NOT_SWITCH	NOT_RESET	NOT_WAYPOINT	314.5311	1.8	317.0633	0	0.8040307	0	0.5945879	0.07709503	0.3503723	-0.07558855	315	1.28967	317.0633	
194.0846	COLLISION_NONE	NOT_SWITCH	NOT_RESET	NOT_WAYPOINT	314.5743	1.8	316.8729	0	0.8060085	0	0.5919039	0.07556152	0.3473816	-0.05789655	315	1.291936	316.8729	
194.1046	COLLISION_NONE	NOT_SWITCH	NOT_RESET	NOT_WAYPOINT	314.6176	1.8	316.6825	0	0.8099068	0	0.5865586	0.06185532	0.3553772	-0.06933299	315	1.294207	316.6825	
194.1246	COLLISION_NONE	NOT_SWITCH	NOT_RESET	NOT_WAYPOINT	314.6609	1.8	316.4922	0	0.8118275	0	0.5838974	0.03559113	0.3789063	-0.0561685	315	1.296483	316.4922	
194.1447	COLLISION_NONE	NOT_SWITCH	NOT_RESET	NOT_WAYPOINT	314.7042	1.8	316.3018	0	0.8137294	0	0.5812439	0.05077362	0.361145	-0.0667263	315	1.298765	316.3018	
194.1647	COLLISION_NONE	NOT_SWITCH	NOT_RESET	NOT_WAYPOINT	314.7474	1.8	316.1114	0	0.8156128	0	0.5785981	0.0640831	0.3461304	-0.06135473	315	1.301052	316.1114	
194.1847	COLLISION_NONE	NOT_SWITCH	NOT_RESET	NOT_WAYPOINT	314.7907	1.8	315.9211	0	0.8174778	0	0.5759602	0.06550598	0.3485718	-0.0457423	315	1.303344	315.9211	
194.2047	COLLISION_NONE	NOT_SWITCH	NOT_RESET	NOT_WAYPOINT	314.834	1.8	315.7307	0	0.8193246	0	0.5733301	0.0785408	0.3570557	-0.05850649	315	1.305641	315.7307	
194.2247	COLLISION_NONE	NOT_SWITCH	NOT_RESET	NOT_WAYPOINT	314.8773	1.8	315.5403	0	0.822964	0	0.5680935	0.05638123	0.3685303	-0.05333152	315	1.307944	315.5403	
194.2447	COLLISION_NONE	NOT_SWITCH	NOT_RESET	NOT_WAYPOINT	314.9205	1.8	315.3499	0	0.824757	0	0.5654873	0.05725861	0.3831177	-0.07447794	315	1.310252	315.3499	
194.2647	COLLISION_NONE	NOT_SWITCH	NOT_RESET	NOT_WAYPOINT	314.9638	1.8	315.1596	0	0.8265325	0	0.562889	0.04572678	0.3648682	-0.08370318	315	1.312565	315.1596	
194.2847	COLLISION_NONE	NOT_SWITCH	NOT_RESET	NOT_WAYPOINT	315.0071	1.8	314.9692	0	0.8282906	0	0.5602988	0.06012344	0.3630066	-0.08520383	315	1.314884	314.9692	
194.3047	COLLISION_NONE	NOT_SWITCH	NOT_RESET	NOT_WAYPOINT	315.0504	1.8	314.7788	0	0.8300314	0	0.5577167	0.07102585	0.3970337	-0.07800643	315	1.317208	314.7788	
194.3247	COLLISION_NONE	NOT_SWITCH	NOT_RESET	NOT_WAYPOINT	315.0936	1.8	314.5885	0	0.8317551	0	0.5551428	0.07093048	0.3757935	-0.08523166	315	1.319538	314.5885	
194.3447	COLLISION_NONE	NOT_SWITCH	NOT_RESET	NOT_WAYPOINT	315.1369	1.8	314.3981	0	0.8334618	0	0.5525771	0.07192993	0.3627014	-0.07858656	315	1.321873	314.3981	
194.3647	COLLISION_NONE	NOT_SWITCH	NOT_RESET	NOT_WAYPOINT	315.1802	1.8	314.2077	0	0.8351518	0	0.5500196	0.09633636	0.3461914	-0.07438233	315	1.324213	314.2077	
194.3847	COLLISION_NONE	NOT_SWITCH	NOT_RESET	NOT_WAYPOINT	315.2234	1.8	314.0174	0	0.8368251	0	0.5474703	0.09561539	0.3748474	-0.06097043	315	1.326559	314.0174	
194.4047	COLLISION_NONE	NOT_SWITCH	NOT_RESET	NOT_WAYPOINT	315.2667	1.8	313.827	0	0.8401225	0	0.5423968	0.08360672	0.4107361	-0.05921754	315	1.32891	313.827	
194.4247	COLLISION_NONE	NOT_SWITCH	NOT_RESET	NOT_WAYPOINT	315.31	1.8	313.6366	0	0.8417469	0	0.5398725	0.07326508	0.421936	-0.04738441	315	1.331267	313.6366	
194.4447	COLLISION_NONE	NOT_SWITCH	NOT_RESET	NOT_WAYPOINT	315.3533	1.8	313.4463	0	0.8433551	0	0.5373566	0.08576202	0.4185791	-0.03436589	315	1.333629	313.4463	
194.4647	COLLISION_NONE	NOT_SWITCH	NOT_RESET	NOT_WAYPOINT	315.3965	1.8	313.2559	0	0.8449476	0	0.5348492	0.07390594	0.4444885	-0.02125508	315	1.335997	313.2559	
194.4847	COLLISION_NONE	NOT_SWITCH	NOT_RESET	NOT_WAYPOINT	315.4398	1.8	313.0655	0	0.8465242	0	0.5323502	0.07537079	0.4212952	-0.02540123	315	1.33837	313.0655	
194.5047	COLLISION_NONE	NOT_SWITCH	NOT_RESET	NOT_WAYPOINT	315.4831	1.8	312.8752	0	0.849631	0	0.5273777	0.06799316	0.4421692	-0.01418602	315	1.34075	312.8752	
194.5247	COLLISION_NONE	NOT_SWITCH	NOT_RESET	NOT_WAYPOINT	315.5264	1.8	312.6848	0	0.8511614	0	0.5249041	0.0703125	0.459137	-0.0197323	315	1.343134	312.6848	
194.5447	COLLISION_NONE	NOT_SWITCH	NOT_RESET	NOT_WAYPOINT	315.5696	1.8	312.4944	0	0.8526766	0	0.5224392	0.070961	0.4475708	-0.01628116	315	1.345524	312.4944	
194.5647	COLLISION_NONE	NOT_SWITCH	NOT_RESET	NOT_WAYPOINT	315.6129	1.8	312.304	0	0.8541768	0	0.5199828	0.05807495	0.4823303	-0.01126727	315	1.34792	312.304	
194.5847	COLLISION_NONE	NOT_SWITCH	NOT_RESET	NOT_WAYPOINT	315.6562	1.8	312.1137	0	0.855662	0	0.517535	0.06190872	0.4845886	-0.01807916	315	1.350321	312.1137	
194.6048	COLLISION_NONE	NOT_SWITCH	NOT_RESET	NOT_WAYPOINT	315.6995	1.8	311.9233	0	0.8571326	0	0.5150958	0.0615387	0.4818726	-0.02271092	315	1.352728	311.9233	
194.6248	COLLISION_NONE	NOT_SWITCH	NOT_RESET	NOT_WAYPOINT	315.7427	1.8	311.7329	0	0.8600301	0	0.5102434	0.09049606	0.4738159	-0.03819802	315	1.355141	311.7329	
194.6448	COLLISION_NONE	NOT_SWITCH	NOT_RESET	NOT_WAYPOINT	315.786	1.8	311.5426	0	0.8614573	0	0.5078301	0.08971024	0.4598389	-0.05037427	315	1.357559	311.5426	
194.6648	COLLISION_NONE	NOT_SWITCH	NOT_RESET	NOT_WAYPOINT	315.8293	1.8	311.3522	0	0.8628703	0	0.5054255	0.08937454	0.4613647	-0.05353901	315	1.359983	311.3522	
194.6848	COLLISION_NONE	NOT_SWITCH	NOT_RESET	NOT_WAYPOINT	315.8726	1.8	311.1618	0	0.8642692	0	0.5030296	0.0894165	0.4698792	-0.05064863	315	1.362412	311.1618	
194.7048	COLLISION_NONE	NOT_SWITCH	NOT_RESET	NOT_WAYPOINT	315.9158	1.8	310.9715	0	0.8656542	0	0.5006424	0.09908676	0.461731	-0.06884593	315	1.364847	310.9715	
194.7248	COLLISION_NONE	NOT_SWITCH	NOT_RESET	NOT_WAYPOINT	315.9591	1.8	310.7811	0	0.868383	0	0.4958941	0.1193161	0.4891968	-0.08297296	315	1.367289	310.7811	
194.7448	COLLISION_NONE	NOT_SWITCH	NOT_RESET	NOT_WAYPOINT	316.0024	1.8	310.5907	0	0.8697271	0	0.4935331	0.1193123	0.4849243	-0.08440672	315	1.369735	310.5907	
194.7648	COLLISION_NONE	NOT_SWITCH	NOT_RESET	NOT_WAYPOINT	316.0457	1.8	310.4004	0	0.8710577	0	0.4911808	0.1040955	0.4984131	-0.07530692	315	1.372188	310.4004	
194.7848	COLLISION_NONE	NOT_SWITCH	NOT_RESET	NOT_WAYPOINT	316.0889	1.8	310.21	0	0.872375	0	0.4888373	0.1075287	0.5278625	-0.06552207	315	1.374646	310.21	
194.8048	COLLISION_NONE	NOT_SWITCH	NOT_RESET	NOT_WAYPOINT	316.1322	1.8	310.0196	0	0.8736792	0	0.4865026	0.1056175	0.5263672	-0.05100155	315	1.37711	310.0196	
194.8248	COLLISION_NONE	NOT_SWITCH	NOT_RESET	NOT_WAYPOINT	316.1528	1.8	309.9291	0	0.8749704	0	0.4841766	0.1029015	0.4981384	-0.05298996	315	1.378284	309.9291	
194.8448	COLLISION_NONE	NOT_SWITCH	NOT_RESET	NOT_WAYPOINT	316.1517	1.8	309.9338	0	0.8775141	0	0.479551	0.1052704	0.4832153	-0.03217539	315	1.378223	309.9338	
194.8648	COLLISION_NONE	NOT_SWITCH	NOT_RESET	NOT_WAYPOINT	316.1074	1.8	310.1288	0	0.8787668	0	0.4772513	0.1031685	0.4796143	-0.05556241	315	1.375697	310.1288	
194.8848	COLLISION_NONE	NOT_SWITCH	NOT_RESET	NOT_WAYPOINT	316.063	1.8	310.3238	0	0.8800071	0	0.4749605	0.1041565	0.4665222	-0.04893345	315	1.373176	310.3238	
194.9048	COLLISION_NONE	NOT_SWITCH	NOT_RESET	NOT_WAYPOINT	316.0187	1.8	310.5188	0	0.881235	0	0.4726785	0.06569672	0.4832764	-0.04852113	315	1.370661	310.5188	
194.9248	COLLISION_NONE	NOT_SWITCH	NOT_RESET	NOT_WAYPOINT	315.9743	1.8	310.7138	0	0.8824505	0	0.4704053	0.06723404	0.4771118	-0.04692164	315	1.368153	310.7138	
194.9448	COLLISION_NONE	NOT_SWITCH	NOT_RESET	NOT_WAYPOINT	315.93	1.8	310.9088	0	0.8836539	0	0.4681408	0.05745316	0.4597473	-0.03738037	315	1.36565	310.9088	
194.9648	COLLISION_NONE	NOT_SWITCH	NOT_RESET	NOT_WAYPOINT	315.8857	1.8	311.1038	0	0.8860245	0	0.4636384	0.05889511	0.4664001	-0.02032983	315	1.363154	311.1038	
194.9848	COLLISION_NONE	NOT_SWITCH	NOT_RESET	NOT_WAYPOINT	315.8413	1.8	311.2988	0	0.8871921	0	0.4614004	0.06412125	0.4760437	-0.03227389	315	1.360663	311.2988	
195.0048	COLLISION_NONE	NOT_SWITCH	NOT_RESET	NOT_WAYPOINT	315.797	1.8	311.4938	0	0.8883479	0	0.4591711	0.07486343	0.4718018	-0.03805515	315	1.358179	311.4938	
195.0248	COLLISION_NONE	NOT_SWITCH	NOT_RESET	NOT_WAYPOINT	315.7526	1.8	311.6888	0	0.8894921	0	0.4569507	0.07728577	0.4654236	-0.01431841	315	1.3557	311.6888	
195.0448	COLLISION_NONE	NOT_SWITCH	NOT_RESET	NOT_WAYPOINT	315.7083	1.8	311.8839	0	0.8906248	0	0.4547391	0.08923721	0.4607849	-0.02020675	315	1.353228	311.8839	
195.0648	COLLISION_NONE	NOT_SWITCH	NOT_RESET	NOT_WAYPOINT	315.6639	1.8	312.0789	0	0.8928561	0	0.4503422	0.09929276	0.4595947	-0.0323607	315	1.350761	312.0789	
195.0849	COLLISION_NONE	NOT_SWITCH	NOT_RESET	NOT_WAYPOINT	315.6196	1.8	312.2739	0	0.8939549	0	0.4481569	0.09929276	0.4595947	-0.0323607	315	1.3483	312.2739	
195.1049	COLLISION_NONE	NOT_SWITCH	NOT_RESET	NOT_WAYPOINT	315.5753	1.8	312.4689	0	0.8950427	0	0.4459804	0.09514236	0.4631042	-0.02727124	315	1.345845	312.4689	
195.1249	COLLISION_NONE	NOT_SWITCH	NOT_RESET	NOT_WAYPOINT	315.5309	1.8	312.6639	0	0.8961196	0	0.4438127	0.09848404	0.4754944	-0.0233064	315	1.343396	312.6639	
195.1449	COLLISION_NONE	NOT_SWITCH	NOT_RESET	NOT_WAYPOINT	315.4866	1.8	312.8589	0	0.8971856	0	0.4416538	0.1098442	0.4462585	-0.00773719	315	1.340953	312.8589	
195.1649	COLLISION_NONE	NOT_SWITCH	NOT_RESET	NOT_WAYPOINT	315.4422	1.8	313.0539	0	0.8992854	0	0.4373623	0.1087151	0.467926	-0.0004139245	315	1.338516	313.0539	
195.1849	COLLISION_NONE	NOT_SWITCH	NOT_RESET	NOT_WAYPOINT	315.3979	1.8	313.2489	0	0.9003195	0	0.4352296	0.09537125	0.4694824	0.01210541	315	1.336084	313.2489	
195.2049	COLLISION_NONE	NOT_SWITCH	NOT_RESET	NOT_WAYPOINT	315.3535	1.8	313.4439	0	0.9013432	0	0.4331057	0.06807709	0.459198	-0.008404493	315	1.333659	313.4439	
195.2249	COLLISION_NONE	NOT_SWITCH	NOT_RESET	NOT_WAYPOINT	315.3092	1.8	313.6389	0	0.9023565	0	0.4309905	0.06131363	0.460022	0.003409624	315	1.331239	313.6389	
195.2449	COLLISION_NONE	NOT_SWITCH	NOT_RESET	NOT_WAYPOINT	315.2649	1.8	313.8339	0	0.9033596	0	0.428884	0.07614899	0.4821472	0.01376021	315	1.328825	313.8339	
195.2649	COLLISION_NONE	NOT_SWITCH	NOT_RESET	NOT_WAYPOINT	315.2205	1.8	314.0289	0	0.9043525	0	0.4267863	0.07539368	0.4681702	0.001615703	315	1.326416	314.0289	
195.2849	COLLISION_NONE	NOT_SWITCH	NOT_RESET	NOT_WAYPOINT	315.1762	1.8	314.2239	0	0.9063085	0	0.4226169	0.06495667	0.4581299	0.006246567	315	1.324013	314.2239	
195.3049	COLLISION_NONE	NOT_SWITCH	NOT_RESET	NOT_WAYPOINT	315.1318	1.8	314.4189	0	0.9072716	0	0.4205452	0.09425354	0.4527893	-0.004677862	315	1.321617	314.4189	
195.3249	COLLISION_NONE	NOT_SWITCH	NOT_RESET	NOT_WAYPOINT	315.0875	1.8	314.614	0	0.9082251	0	0.4184822	0.08215714	0.4673767	-0.01017889	315	1.319226	314.614	
195.3449	COLLISION_NONE	NOT_SWITCH	NOT_RESET	NOT_WAYPOINT	315.0432	1.8	314.809	0	0.9091688	0	0.4164279	0.07170105	0.4530334	-0.007027388	315	1.31684	314.809	
195.3649	COLLISION_NONE	NOT_SWITCH	NOT_RESET	NOT_WAYPOINT	314.9988	1.8	315.004	0	0.910103	0	0.4143821	0.08318329	0.4627991	-0.000646919	315	1.31446	315.004	
195.3849	COLLISION_NONE	NOT_SWITCH	NOT_RESET	NOT_WAYPOINT	314.9545	1.8	315.199	0	0.9110278	0	0.4123451	0.08684921	0.4694214	0.005070776	315	1.312086	315.199	
195.4049	COLLISION_NONE	NOT_SWITCH	NOT_RESET	NOT_WAYPOINT	314.9101	1.8	315.394	0	0.9119431	0	0.4103166	0.08182144	0.4731445	-0.01191202	315	1.309717	315.394	
195.4249	COLLISION_NONE	NOT_SWITCH	NOT_RESET	NOT_WAYPOINT	314.8658	1.8	315.589	0	0.9128493	0	0.4082968	0.07922363	0.4796448	-0.02454126	315	1.307354	315.589	
195.4449	COLLISION_NONE	NOT_SWITCH	NOT_RESET	NOT_WAYPOINT	314.8214	1.8	315.784	0	0.9137462	0	0.4062855	0.06717682	0.5027466	-0.02713323	315	1.304997	315.784	
195.4649	COLLISION_NONE	NOT_SWITCH	NOT_RESET	NOT_WAYPOINT	314.7771	1.8	315.979	0	0.9155129	0	0.4022887	0.1053619	0.5002136	-0.02638185	315	1.302645	315.979	
195.4849	COLLISION_NONE	NOT_SWITCH	NOT_RESET	NOT_WAYPOINT	314.7328	1.8	316.174	0	0.9163828	0	0.4003031	0.09563065	0.4956055	-0.01252392	315	1.300299	316.174	
195.5049	COLLISION_NONE	NOT_SWITCH	NOT_RESET	NOT_WAYPOINT	314.6884	1.8	316.369	0	0.917244	0	0.3983261	0.1085167	0.507782	0.00946641	315	1.297958	316.369	
195.5249	COLLISION_NONE	NOT_SWITCH	NOT_RESET	NOT_WAYPOINT	314.6441	1.8	316.564	0	0.9180963	0	0.3963575	0.1219063	0.5147705	-9.909272E-05	315	1.295623	316.564	
195.545	COLLISION_NONE	NOT_SWITCH	NOT_RESET	NOT_WAYPOINT	314.5997	1.8	316.759	0	0.91894	0	0.3943975	0.1205177	0.5166016	-0.01428264	315	1.293294	316.759	
195.565	COLLISION_NONE	NOT_SWITCH	NOT_RESET	NOT_WAYPOINT	314.5554	1.8	316.954	0	0.9206018	0	0.3905029	0.118248	0.5123901	-0.004387826	315	1.29097	316.954	
195.585	COLLISION_NONE	NOT_SWITCH	NOT_RESET	NOT_WAYPOINT	314.511	1.8	317.149	0	0.92142	0	0.3885682	0.1178818	0.5096436	-0.009012073	315	1.288651	317.149	
195.605	COLLISION_NONE	NOT_SWITCH	NOT_RESET	NOT_WAYPOINT	314.4667	1.800001	317.3441	0	0.9222299	0	0.386642	0.1290321	0.5209351	-0.005816132	315	1.286338	317.3441	
195.625	COLLISION_NONE	NOT_SWITCH	NOT_RESET	NOT_WAYPOINT	314.4224	1.800001	317.5391	0	0.9230316	0	0.3847242	0.1229897	0.5271912	0.01520216	315	1.284031	317.5391	
195.645	COLLISION_NONE	NOT_SWITCH	NOT_RESET	NOT_WAYPOINT	314.378	1.800001	317.7341	0	0.9238251	0	0.3828148	0.1240463	0.5311279	0.02763513	315	1.281729	317.7341	
195.665	COLLISION_NONE	NOT_SWITCH	NOT_RESET	NOT_WAYPOINT	314.3337	1.800001	317.9291	0	0.9246106	0	0.3809138	0.1242981	0.5040894	0.02215239	315	1.279432	317.9291	
195.685	COLLISION_NONE	NOT_SWITCH	NOT_RESET	NOT_WAYPOINT	314.2893	1.800001	318.1241	0	0.9261577	0	0.3771367	0.1229897	0.473999	0.03431568	315	1.27714	318.1241	
195.705	COLLISION_NONE	NOT_SWITCH	NOT_RESET	NOT_WAYPOINT	314.245	1.800001	318.3191	0	0.9269194	0	0.3752607	0.1197205	0.4786072	0.03612381	315	1.274854	318.3191	
195.725	COLLISION_NONE	NOT_SWITCH	NOT_RESET	NOT_WAYPOINT	314.2007	1.800001	318.5141	0	0.9276733	0	0.373393	0.1037903	0.4909058	0.03741363	315	1.272574	318.5141	
195.745	COLLISION_NONE	NOT_SWITCH	NOT_RESET	NOT_WAYPOINT	314.1563	1.800001	318.7091	0	0.9284196	0	0.3715335	0.1038208	0.4994507	0.04033491	315	1.270299	318.7091	
195.765	COLLISION_NONE	NOT_SWITCH	NOT_RESET	NOT_WAYPOINT	314.112	1.800001	318.9041	0	0.9291583	0	0.3696823	0.1038284	0.5036926	0.04176748	315	1.268029	318.9041	
195.785	COLLISION_NONE	NOT_SWITCH	NOT_RESET	NOT_WAYPOINT	314.0676	1.800001	319.0991	0	0.9298894	0	0.3678393	0.09572601	0.519104	0.04372165	315	1.265764	319.0991	
195.805	COLLISION_NONE	NOT_SWITCH	NOT_RESET	NOT_WAYPOINT	314.0233	1.800001	319.2941	0	0.930613	0	0.3660046	0.103878	0.516449	0.04609931	315	1.263505	319.2941	
195.825	COLLISION_NONE	NOT_SWITCH	NOT_RESET	NOT_WAYPOINT	313.9789	1.800001	319.4891	0	0.9313294	0	0.364178	0.103157	0.5109863	0.03684157	315	1.261251	319.4891	
195.845	COLLISION_NONE	NOT_SWITCH	NOT_RESET	NOT_WAYPOINT	313.9346	1.800001	319.6841	0	0.9327402	0	0.3605494	0.104454	0.4836121	0.04234099	315	1.259002	319.6841	
195.865	COLLISION_NONE	NOT_SWITCH	NOT_RESET	NOT_WAYPOINT	313.8903	1.800001	319.8792	0	0.9334348	0	0.3587473	0.11269	0.5065002	0.05343387	315	1.256759	319.8792	
195.885	COLLISION_NONE	NOT_SWITCH	NOT_RESET	NOT_WAYPOINT	313.8686	1.8	319.9743	0	0.9341223	0	0.3569534	0.1152802	0.5006714	0.04380667	315	1.255667	319.9743	
195.905	COLLISION_NONE	NOT_SWITCH	NOT_RESET	NOT_WAYPOINT	313.8686	1.8	319.9743	0	0.9348027	0	0.3551674	0.09943771	0.4873657	0.02534714	315	1.255667	319.9743	
195.925	COLLISION_NONE	NOT_SWITCH	NOT_RESET	NOT_WAYPOINT	313.8903	1.8	319.8791	0	0.9361429	0	0.3516198	0.1096687	0.4840698	0.04970482	315	1.25676	319.8791	
195.945	COLLISION_NONE	NOT_SWITCH	NOT_RESET	NOT_WAYPOINT	313.9552	1.8	319.5936	0	0.9368027	0	0.349858	0.1225395	0.4877014	0.06879961	315	1.260046	319.5936	
195.965	COLLISION_NONE	NOT_SWITCH	NOT_RESET	NOT_WAYPOINT	314.0202	1.8	319.308	0	0.9374559	0	0.3481042	0.1233864	0.4852295	0.04185432	315	1.263344	319.308	
195.985	COLLISION_NONE	NOT_SWITCH	NOT_RESET	NOT_WAYPOINT	314.0852	1.8	319.0225	0	0.9381023	0	0.3463584	0.1224518	0.5195923	0.04242313	315	1.266653	319.0225	
196.0051	COLLISION_NONE	NOT_SWITCH	NOT_RESET	NOT_WAYPOINT	314.1501	1.8	318.737	0	0.9387421	0	0.3446206	0.1180534	0.5032654	0.02599755	315	1.269974	318.737	
196.0251	COLLISION_NONE	NOT_SWITCH	NOT_RESET	NOT_WAYPOINT	314.2151	1.8	318.4515	0	0.9393754	0	0.3428906	0.1191025	0.5029297	0.03698918	315	1.273305	318.4515	
196.0451	COLLISION_NONE	NOT_SWITCH	NOT_RESET	NOT_WAYPOINT	314.2801	1.8	318.166	0	0.9400022	0	0.3411686	0.1168938	0.5206909	0.03192225	315	1.276649	318.166	
196.0651	COLLISION_NONE	NOT_SWITCH	NOT_RESET	NOT_WAYPOINT	314.3451	1.8	317.8804	0	0.9412366	0	0.3377481	0.1144829	0.5270996	0.008177638	315	1.280004	317.8804	
196.0851	COLLISION_NONE	NOT_SWITCH	NOT_RESET	NOT_WAYPOINT	314.41	1.8	317.5949	0	0.9418443	0	0.3360497	0.1102142	0.5448303	0.003336459	315	1.283371	317.5949	
196.1051	COLLISION_NONE	NOT_SWITCH	NOT_RESET	NOT_WAYPOINT	314.475	1.8	317.3094	0	0.9424458	0	0.334359	0.120945	0.5406189	-0.002423018	315	1.286749	317.3094	
196.1251	COLLISION_NONE	NOT_SWITCH	NOT_RESET	NOT_WAYPOINT	314.54	1.8	317.0239	0	0.9430411	0	0.3326761	0.1173019	0.5382385	-0.006714731	315	1.290139	317.0239	
