#Walking Trial Path#
#TimeStamp#	#Collision Event#	#Mode Switch Event#	#Reset Event#	#Waypoint Event#	#PositionX#	#PositionY#	#PositionZ#	#OrientationX#	#OrientationY#	#OrientationZ#	#OrientationW#	#HeadOrientationX#	#HeadOrientationY#	#HeadOrientationZ#	#WayPointX#	#WayPointY#	#WayPointZ#	
133.8118	COLLISION_NONE	WAIT_SWITCH	NOT_RESET	NOT_WAYPOINT	-296.9118	1.721601	-316.3589	0	0	0	1	0.03630638	0.04983521	-0.001176	-282.2224	1.14635	-315	
133.8318	COLLISION_NONE	NOT_SWITCH	NOT_RESET	NOT_WAYPOINT	-298.1429	1.78432	-316.3387	0	0	0	1	0.02143669	0.03701782	-0.01841152	-282.2224	1.14635	-315	
133.8518	COLLISION_NONE	NOT_SWITCH	NOT_RESET	NOT_WAYPOINT	-299.0043	1.796864	-316.3201	0	0	0	1	0.02143669	0.03701782	-0.01841152	-282.2224	1.14635	-315	
133.8718	COLLISION_NONE	NOT_SWITCH	NOT_RESET	NOT_WAYPOINT	-299.8716	1.799373	-316.3013	0	0	0	1	0.0440855	0.04449463	-0.04563338	-282.2224	1.14635	-315	
133.8918	COLLISION_NONE	NOT_SWITCH	NOT_RESET	NOT_WAYPOINT	-300.3402	1.799875	-316.2843	0	0	0	1	0.03406715	0.03567505	-0.05708534	-282.2224	1.14635	-315	
133.9118	COLLISION_NONE	NOT_SWITCH	NOT_RESET	NOT_WAYPOINT	-300.4345	1.799975	-316.2659	0	0	0	1	0.04320431	0.04769897	-0.04926831	-282.2224	1.14635	-315	
133.9318	COLLISION_NONE	NOT_SWITCH	NOT_RESET	NOT_WAYPOINT	-300.6307	1.799995	-316.259	0	0	0	1	0.04320431	0.04769897	-0.04926831	-282.2224	1.14635	-315	
133.9518	COLLISION_NONE	NOT_SWITCH	NOT_RESET	NOT_WAYPOINT	-300.8268	1.799999	-316.252	0	0	0	1	0.03586006	0.01470947	-0.04871196	-282.2224	1.14635	-315	
133.9718	COLLISION_NONE	NOT_SWITCH	NOT_RESET	NOT_WAYPOINT	-300.9133	1.8	-316.2341	0	0	0	1	0.02654552	0.02062988	-0.05784017	-282.2224	1.14635	-315	
133.9918	COLLISION_NONE	NOT_SWITCH	NOT_RESET	NOT_WAYPOINT	-301.1077	1.8	-316.2274	0	0	0	1	0.04606342	0.004058838	-0.05023092	-282.2224	1.14635	-315	
134.0118	COLLISION_NONE	NOT_SWITCH	NOT_RESET	NOT_WAYPOINT	-301.1902	1.8	-316.2097	0	0	0	1	0.04606342	0.004058838	-0.05023092	-282.2224	1.14635	-315	
134.0318	COLLISION_NONE	NOT_SWITCH	NOT_RESET	NOT_WAYPOINT	-301.2727	1.8	-316.1921	0	0	0	1	0.05529404	0.01266479	-0.04217476	-282.2224	1.14635	-315	
134.0518	COLLISION_NONE	NOT_SWITCH	NOT_RESET	NOT_WAYPOINT	-301.4638	1.8	-316.1859	0	0	0	1	0.05908298	0.01971436	-0.05791456	-282.2224	1.14635	-315	
134.0718	COLLISION_NONE	NOT_SWITCH	NOT_RESET	NOT_WAYPOINT	-301.5425	1.8	-316.1686	0	0	0	1	0.0613451	0.03491211	-0.04879236	-282.2224	1.14635	-315	
134.0918	COLLISION_NONE	NOT_SWITCH	NOT_RESET	NOT_WAYPOINT	-301.732	1.8	-316.1626	0	0	0	1	0.06534958	0.03103638	-0.04583728	-282.2224	1.14635	-315	
134.1118	COLLISION_NONE	NOT_SWITCH	NOT_RESET	NOT_WAYPOINT	-301.8069	1.8	-316.1456	0	0	0	1	0.06534958	0.03103638	-0.04583728	-282.2224	1.14635	-315	
134.1318	COLLISION_NONE	NOT_SWITCH	NOT_RESET	NOT_WAYPOINT	-301.8818	1.8	-316.1286	0	0	0	1	0.06012154	0.04226685	-0.03830832	-282.2224	1.14635	-315	
134.1518	COLLISION_NONE	NOT_SWITCH	NOT_RESET	NOT_WAYPOINT	-302.0682	1.8	-316.1231	0	0	0	1	0.06699657	0.03912354	-0.039617	-282.2224	1.14635	-315	
134.1718	COLLISION_NONE	NOT_SWITCH	NOT_RESET	NOT_WAYPOINT	-302.1394	1.8	-316.1064	0	0	0	1	0.04555225	0.05944824	-0.03989923	-282.2224	1.14635	-315	
134.1918	COLLISION_NONE	NOT_SWITCH	NOT_RESET	NOT_WAYPOINT	-302.3244	1.8	-316.101	0	0	0	1	0.04555225	0.05944824	-0.03989923	-282.2224	1.14635	-315	
134.2119	COLLISION_NONE	NOT_SWITCH	NOT_RESET	NOT_WAYPOINT	-302.5094	1.8	-316.0956	0	0	0	1	0.063097	0.04910278	-0.05742788	-282.2224	1.14635	-315	
134.2319	COLLISION_NONE	NOT_SWITCH	NOT_RESET	NOT_WAYPOINT	-302.5731	1.8	-316.0793	0	0	0	1	0.04204941	0.04309082	-0.07020921	-282.2224	1.14635	-315	
134.2519	COLLISION_NONE	NOT_SWITCH	NOT_RESET	NOT_WAYPOINT	-302.7568	1.8	-316.074	0	0	0	1	0.03703117	0.05450439	-0.04481339	-282.2224	1.14635	-315	
134.2719	COLLISION_NONE	NOT_SWITCH	NOT_RESET	NOT_WAYPOINT	-302.8167	1.8	-316.0582	0	0	0	1	0.02815819	0.05181885	-0.02104551	-282.2224	1.14635	-315	
134.2919	COLLISION_NONE	NOT_SWITCH	NOT_RESET	NOT_WAYPOINT	-302.9992	1.8	-316.0529	0	0	0	1	0.02815819	0.05181885	-0.02104551	-282.2224	1.14635	-315	
134.3119	COLLISION_NONE	NOT_SWITCH	NOT_RESET	NOT_WAYPOINT	-303.1817	1.8	-316.0476	0	0	0	1	0.04907799	0.05361938	-0.00795114	-282.2224	1.14635	-315	
134.3319	COLLISION_NONE	NOT_SWITCH	NOT_RESET	NOT_WAYPOINT	-303.2342	1.8	-316.0323	0	0	0	1	0.04380417	0.04522705	-0.03125769	-282.2224	1.14635	-315	
134.3519	COLLISION_NONE	NOT_SWITCH	NOT_RESET	NOT_WAYPOINT	-303.4156	1.8	-316.027	0	0	0	1	0.04618835	0.03134155	-0.01996946	-282.2224	1.14635	-315	
134.3719	COLLISION_NONE	NOT_SWITCH	NOT_RESET	NOT_WAYPOINT	-303.4645	1.8	-316.0122	0	0	0	1	0.05610943	0.0435791	-0.008756578	-282.2224	1.14635	-315	
134.3919	COLLISION_NONE	NOT_SWITCH	NOT_RESET	NOT_WAYPOINT	-303.645	1.8	-316.0068	0	0	0	1	0.05610943	0.0435791	-0.008756578	-282.2224	1.14635	-315	
134.4119	COLLISION_NONE	NOT_SWITCH	NOT_RESET	NOT_WAYPOINT	-303.8254	1.8	-316.0014	0	0	0	1	0.04604149	0.01412964	-0.004260719	-282.2224	1.14635	-315	
134.4319	COLLISION_NONE	NOT_SWITCH	NOT_RESET	NOT_WAYPOINT	-303.8669	1.8	-315.9873	0	0	0	1	0.05407619	0.007049561	-0.01631063	-282.2224	1.14635	-315	
134.4519	COLLISION_NONE	NOT_SWITCH	NOT_RESET	NOT_WAYPOINT	-304.0465	1.8	-315.9817	0	0	0	1	0.06088924	0.007324219	-0.01787513	-282.2224	1.14635	-315	
134.4719	COLLISION_NONE	NOT_SWITCH	NOT_RESET	NOT_WAYPOINT	-304.0844	1.8	-315.9682	0	0	0	1	0.06088924	0.007324219	-0.01787513	-282.2224	1.14635	-315	
134.4919	COLLISION_NONE	NOT_SWITCH	NOT_RESET	NOT_WAYPOINT	-304.1224	1.8	-315.9547	0	0	0	1	0.07351112	0.004974365	-0.009771109	-282.2224	1.14635	-315	
134.5119	COLLISION_NONE	NOT_SWITCH	NOT_RESET	NOT_WAYPOINT	-304.3004	1.8	-315.9492	0	0	0	1	0.07478905	-0.00390625	-0.03456104	-282.2224	1.14635	-315	
134.5319	COLLISION_NONE	NOT_SWITCH	NOT_RESET	NOT_WAYPOINT	-304.3348	1.8	-315.9363	0	0	0	1	0.09397125	-0.01721191	-0.04506528	-282.2224	1.14635	-315	
134.5519	COLLISION_NONE	NOT_SWITCH	NOT_RESET	NOT_WAYPOINT	-304.5121	1.8	-315.9305	0	0	0	1	0.1050615	-0.008911133	-0.04459375	-282.2224	1.14635	-315	
134.5719	COLLISION_NONE	NOT_SWITCH	NOT_RESET	NOT_WAYPOINT	-304.543	1.8	-315.9183	0	0	0	1	0.1029596	-0.009399414	-0.03692627	-282.2224	1.14635	-315	
134.5919	COLLISION_NONE	NOT_SWITCH	NOT_RESET	NOT_WAYPOINT	-304.7196	1.8	-315.9122	0	0	0	1	0.1026831	0.01348877	-0.02418816	-282.2224	1.14635	-315	
134.6119	COLLISION_NONE	NOT_SWITCH	NOT_RESET	NOT_WAYPOINT	-304.5977	1.8	-315.8955	0	0	0	1	0.1065645	0.0145874	-0.007185578	-282.2224	1.14635	-315	
134.6319	COLLISION_NONE	NOT_SWITCH	NOT_RESET	NOT_WAYPOINT	-304.6835	1.8	-315.8952	0	0	0	1	0.1182833	0.02993774	-0.003806531	-282.2224	1.14635	-315	
134.6519	COLLISION_NONE	NOT_SWITCH	NOT_RESET	NOT_WAYPOINT	-304.8036	1.8	-315.8777	0	0	0	1	0.1327868	0.059021	-0.02002114	-282.2224	1.14635	-315	
134.672	COLLISION_NONE	NOT_SWITCH	NOT_RESET	NOT_WAYPOINT	-304.8503	1.8	-315.8951	0	0	0	1	0.1301556	0.05911255	-0.01584303	-282.2224	1.14635	-315	
134.692	COLLISION_NONE	NOT_SWITCH	NOT_RESET	NOT_WAYPOINT	-305.0004	1.8	-315.8611	0	0	0	1	0.1188745	0.0592041	-0.002525508	-282.2224	1.14635	-315	
134.712	COLLISION_NONE	NOT_SWITCH	NOT_RESET	NOT_WAYPOINT	-305.0447	1.8	-315.876	0	0	0	1	0.1060343	0.08294678	-0.0122022	-282.2224	1.14635	-315	
134.732	COLLISION_NONE	NOT_SWITCH	NOT_RESET	NOT_WAYPOINT	-305.1946	1.8	-315.8446	0	0	0	1	0.1054077	0.0647583	-0.0142808	-282.2224	1.14635	-315	
134.752	COLLISION_NONE	NOT_SWITCH	NOT_RESET	NOT_WAYPOINT	-305.2363	1.8	-315.8577	0	0	0	1	0.09829903	0.07629395	0.0008388162	-282.2224	1.14635	-315	
134.772	COLLISION_NONE	NOT_SWITCH	NOT_RESET	NOT_WAYPOINT	-305.4935	1.8	-315.7858	0	0	0	1	0.09829903	0.07629395	0.0008388162	-282.2224	1.14635	-315	
134.792	COLLISION_NONE	NOT_SWITCH	NOT_RESET	NOT_WAYPOINT	-305.4996	1.8	-315.8167	0	0	0	1	0.0766983	0.08132935	0.001697361	-282.2224	1.14635	-315	
134.812	COLLISION_NONE	NOT_SWITCH	NOT_RESET	NOT_WAYPOINT	-305.8018	1.8	-315.7065	0	0	0	1	0.07942295	0.07778931	-0.002237618	-282.2224	1.14635	-315	
134.832	COLLISION_NONE	NOT_SWITCH	NOT_RESET	NOT_WAYPOINT	-305.8097	1.8	-315.7513	0	0	0	1	0.09203339	0.07543945	0.005876184	-282.2224	1.14635	-315	
134.852	COLLISION_NONE	NOT_SWITCH	NOT_RESET	NOT_WAYPOINT	-305.9412	1.8	-315.7066	0	0	0	1	0.09697723	0.07601929	0.011904	-282.2224	1.14635	-315	
134.872	COLLISION_NONE	NOT_SWITCH	NOT_RESET	NOT_WAYPOINT	-305.8825	1.8	-315.7962	0	0	0	1	0.07108021	0.08563232	0.02418464	-282.2224	1.14635	-315	
134.892	COLLISION_NONE	NOT_SWITCH	NOT_RESET	NOT_WAYPOINT	-305.9521	1.8	-315.7658	0	0	0	1	0.0755806	0.07226563	0.02779454	-282.2224	1.14635	-315	
134.912	COLLISION_NONE	NOT_SWITCH	NOT_RESET	NOT_WAYPOINT	-306.0568	1.8	-315.78	0	0	0	1	0.06177998	0.06750488	0.03125185	-282.2224	1.14635	-315	
134.932	COLLISION_NONE	NOT_SWITCH	NOT_RESET	NOT_WAYPOINT	-306.1253	1.8	-315.7524	0	0	0	1	0.06373024	0.07485962	0.02308416	-282.2224	1.14635	-315	
134.952	COLLISION_NONE	NOT_SWITCH	NOT_RESET	NOT_WAYPOINT	-306.264	1.8	-315.8038	0	0	0	1	0.06433296	0.08190918	0.0260002	-282.2224	1.14635	-315	
134.972	COLLISION_NONE	NOT_SWITCH	NOT_RESET	NOT_WAYPOINT	-306.277	1.8	-315.7795	0	0	0	1	0.05412865	0.08151245	0.02833098	-282.2224	1.14635	-315	
134.992	COLLISION_NONE	NOT_SWITCH	NOT_RESET	NOT_WAYPOINT	-306.4244	1.8	-315.7875	0	0	0	1	0.04520798	0.07217407	0.00588882	-282.2224	1.14635	-315	
135.012	COLLISION_NONE	NOT_SWITCH	NOT_RESET	NOT_WAYPOINT	-306.3122	1.8	-315.745	0	0	0	1	0.04597092	0.0723877	0.009295762	-282.2224	1.14635	-315	
135.032	COLLISION_NONE	NOT_SWITCH	NOT_RESET	NOT_WAYPOINT	-306.3664	1.8	-315.7502	0	0	0	1	0.05103397	0.06954956	0.0155499	-282.2224	1.14635	-315	
135.052	COLLISION_NONE	NOT_SWITCH	NOT_RESET	NOT_WAYPOINT	-306.4836	1.8	-315.7302	0	0	0	1	0.05683613	0.06689453	0.02522844	-282.2224	1.14635	-315	
135.072	COLLISION_NONE	NOT_SWITCH	NOT_RESET	NOT_WAYPOINT	-306.4699	1.8	-315.7607	0	0	0	1	0.05790424	0.07745361	0.01342905	-282.2224	1.14635	-315	
135.092	COLLISION_NONE	NOT_SWITCH	NOT_RESET	NOT_WAYPOINT	-306.6037	1.8	-315.7275	0	0	0	1	0.06972599	0.06634521	-0.01352698	-282.2224	1.14635	-315	
135.112	COLLISION_NONE	NOT_SWITCH	NOT_RESET	NOT_WAYPOINT	-306.5239	1.8	-315.7902	0	0	0	1	0.07435894	0.08062744	-0.008491814	-282.2224	1.14635	-315	
135.132	COLLISION_NONE	NOT_SWITCH	NOT_RESET	NOT_WAYPOINT	-306.5895	1.8	-315.7696	0	0	0	1	0.07600117	0.07766724	-0.001453698	-282.2224	1.14635	-315	
135.1521	COLLISION_NONE	NOT_SWITCH	NOT_RESET	NOT_WAYPOINT	-306.6895	1.8	-315.7747	0	0	0	1	0.09326363	0.0791626	-0.005431116	-282.2224	1.14635	-315	
135.1721	COLLISION_NONE	NOT_SWITCH	NOT_RESET	NOT_WAYPOINT	-306.7532	1.8	-315.7548	0	0	0	1	0.09077072	0.07427979	-0.01530266	-282.2224	1.14635	-315	
135.1921	COLLISION_NONE	NOT_SWITCH	NOT_RESET	NOT_WAYPOINT	-306.852	1.8	-315.7595	0	0	0	1	0.07802105	0.08157349	-0.009361207	-282.2224	1.14635	-315	
135.2121	COLLISION_NONE	NOT_SWITCH	NOT_RESET	NOT_WAYPOINT	-306.8771	1.8	-315.7166	0	0	0	1	0.08069801	0.09106445	-0.02865809	-282.2224	1.14635	-315	
135.2321	COLLISION_NONE	NOT_SWITCH	NOT_RESET	NOT_WAYPOINT	-306.988	1.8	-315.7397	0	0	0	1	0.08263302	0.07626343	-0.03517276	-282.2224	1.14635	-315	
135.2521	COLLISION_NONE	NOT_SWITCH	NOT_RESET	NOT_WAYPOINT	-307.0258	1.8	-315.7106	0	0	0	1	0.09933186	0.08023071	-0.05717325	-282.2224	1.14635	-315	
135.2721	COLLISION_NONE	NOT_SWITCH	NOT_RESET	NOT_WAYPOINT	-307.2114	1.8	-315.7668	0	0	0	1	0.09854317	0.08001709	-0.06056678	-282.2224	1.14635	-315	
135.2921	COLLISION_NONE	NOT_SWITCH	NOT_RESET	NOT_WAYPOINT	-307.197	1.8	-315.7323	0	0	0	1	0.098979	0.09545898	-0.04386723	-282.2224	1.14635	-315	
135.3121	COLLISION_NONE	NOT_SWITCH	NOT_RESET	NOT_WAYPOINT	-307.3155	1.8	-315.7461	0	0	0	1	0.1128855	0.04904175	-0.04353356	-282.2224	1.14635	-315	
135.3321	COLLISION_NONE	NOT_SWITCH	NOT_RESET	NOT_WAYPOINT	-307.2514	1.8	-315.6878	0	0	0	1	0.09919453	0.0630188	-0.04148471	-282.2224	1.14635	-315	
135.3521	COLLISION_NONE	NOT_SWITCH	NOT_RESET	NOT_WAYPOINT	-307.319	1.8	-315.7015	0	0	0	1	0.09849644	0.05935669	-0.04463428	-282.2224	1.14635	-315	
135.3721	COLLISION_NONE	NOT_SWITCH	NOT_RESET	NOT_WAYPOINT	-307.4001	1.8	-315.6754	0	0	0	1	0.07258129	0.05789185	-0.03151989	-282.2224	1.14635	-315	
135.3921	COLLISION_NONE	NOT_SWITCH	NOT_RESET	NOT_WAYPOINT	-307.4664	1.8	-315.6872	0	0	0	1	0.07643986	0.05041504	-0.04618126	-282.2224	1.14635	-315	
135.4121	COLLISION_NONE	NOT_SWITCH	NOT_RESET	NOT_WAYPOINT	-307.5468	1.8	-315.6628	0	0	0	1	0.08829021	0.05895996	-0.04230177	-282.2224	1.14635	-315	
135.4321	COLLISION_NONE	NOT_SWITCH	NOT_RESET	NOT_WAYPOINT	-307.596	1.8	-315.7082	0	0	0	1	0.1030531	0.04446411	-0.05533004	-282.2224	1.14635	-315	
135.4521	COLLISION_NONE	NOT_SWITCH	NOT_RESET	NOT_WAYPOINT	-307.6661	1.8	-315.666	0	0	0	1	0.1012783	0.04135132	-0.04750407	-282.2224	1.14635	-315	
135.4721	COLLISION_NONE	NOT_SWITCH	NOT_RESET	NOT_WAYPOINT	-307.7274	1.8	-315.6891	0	0	0	1	0.1002045	0.0418396	-0.03651869	-282.2224	1.14635	-315	
135.4921	COLLISION_NONE	NOT_SWITCH	NOT_RESET	NOT_WAYPOINT	-307.8012	1.8	-315.6568	0	0	0	1	0.09846687	0.03720093	-0.04298723	-282.2224	1.14635	-315	
135.5121	COLLISION_NONE	NOT_SWITCH	NOT_RESET	NOT_WAYPOINT	-307.8507	1.8	-315.7229	0	0	0	1	0.08523655	0.02139282	-0.05318552	-282.2224	1.14635	-315	
135.5321	COLLISION_NONE	NOT_SWITCH	NOT_RESET	NOT_WAYPOINT	-307.897	1.8	-315.683	0	0	0	1	0.0709343	0.01715088	-0.05321509	-282.2224	1.14635	-315	
135.5521	COLLISION_NONE	NOT_SWITCH	NOT_RESET	NOT_WAYPOINT	-307.9757	1.8	-315.7046	0	0	0	1	0.0726757	0.009216309	-0.0602116	-282.2224	1.14635	-315	
135.5721	COLLISION_NONE	NOT_SWITCH	NOT_RESET	NOT_WAYPOINT	-308.0001	1.8	-315.6235	0	0	0	1	0.07188797	0.02008057	-0.06442672	-282.2224	1.14635	-315	
135.5921	COLLISION_NONE	NOT_SWITCH	NOT_RESET	NOT_WAYPOINT	-308.0482	1.8	-315.652	0	0	0	1	0.07160759	0.009735107	-0.0492329	-282.2224	1.14635	-315	
135.6122	COLLISION_NONE	NOT_SWITCH	NOT_RESET	NOT_WAYPOINT	-308.1244	1.8	-315.6172	0	0	0	1	0.08444405	0.02114868	-0.0565744	-282.2224	1.14635	-315	
135.6322	COLLISION_NONE	NOT_SWITCH	NOT_RESET	NOT_WAYPOINT	-308.1753	1.8	-315.6359	0	0	0	1	0.08524036	0.0324707	-0.05400443	-282.2224	1.14635	-315	
135.6522	COLLISION_NONE	NOT_SWITCH	NOT_RESET	NOT_WAYPOINT	-308.2798	1.8	-315.5601	0	0	0	1	0.08453655	0.02880859	-0.05715162	-282.2224	1.14635	-315	
135.6722	COLLISION_NONE	NOT_SWITCH	NOT_RESET	NOT_WAYPOINT	-308.2823	1.8	-315.5654	0	0	0	1	0.0857029	0.05749512	-0.05241096	-282.2224	1.14635	-315	
135.6922	COLLISION_NONE	NOT_SWITCH	NOT_RESET	NOT_WAYPOINT	-308.4103	1.8	-315.5493	0	0	0	1	0.08655643	0.05426025	-0.04876	-282.2224	1.14635	-315	
135.7122	COLLISION_NONE	NOT_SWITCH	NOT_RESET	NOT_WAYPOINT	-308.4122	1.8	-315.5519	0	0	0	1	0.0892725	0.03967285	-0.0518809	-282.2224	1.14635	-315	
135.7322	COLLISION_NONE	NOT_SWITCH	NOT_RESET	NOT_WAYPOINT	-308.6668	1.8	-315.5224	0	0	0	1	0.07729149	0.02505493	-0.04089618	-282.2224	1.14635	-315	
135.7522	COLLISION_NONE	NOT_SWITCH	NOT_RESET	NOT_WAYPOINT	-308.595	1.8	-315.5349	0	0	0	1	0.068923	0.03540039	-0.04694861	-282.2224	1.14635	-315	
135.7722	COLLISION_NONE	NOT_SWITCH	NOT_RESET	NOT_WAYPOINT	-308.6502	1.8	-315.5285	0	0	0	1	0.04502583	0.02676392	-0.04091591	-282.2224	1.14635	-315	
135.7922	COLLISION_NONE	NOT_SWITCH	NOT_RESET	NOT_WAYPOINT	-308.7384	1.8	-315.5266	0	0	0	1	0.03647423	0.02182007	-0.04581302	-282.2224	1.14635	-315	
135.8122	COLLISION_NONE	NOT_SWITCH	NOT_RESET	NOT_WAYPOINT	-308.7748	1.8	-315.5181	0	0	0	1	0.03910255	0.02172852	-0.04999119	-282.2224	1.14635	-315	
135.8322	COLLISION_NONE	NOT_SWITCH	NOT_RESET	NOT_WAYPOINT	-308.8623	1.8	-315.5163	0	0	0	1	0.0438385	0.01959229	-0.02933717	-282.2224	1.14635	-315	
135.8522	COLLISION_NONE	NOT_SWITCH	NOT_RESET	NOT_WAYPOINT	-308.897	1.8	-315.5079	0	0	0	1	0.04811478	0.01654053	-0.02647829	-282.2224	1.14635	-315	
135.8722	COLLISION_NONE	NOT_SWITCH	NOT_RESET	NOT_WAYPOINT	-309.0359	1.8	-315.5128	0	0	0	1	0.04997635	0.02734375	-0.0348919	-282.2224	1.14635	-315	
135.8922	COLLISION_NONE	NOT_SWITCH	NOT_RESET	NOT_WAYPOINT	-309.0207	1.8	-315.501	0	0	0	1	0.05600071	0.03848267	-0.04067034	-282.2224	1.14635	-315	
135.9122	COLLISION_NONE	NOT_SWITCH	NOT_RESET	NOT_WAYPOINT	-309.1213	1.8	-315.5023	0	0	0	1	0.05556583	0.03500366	-0.02597469	-282.2224	1.14635	-315	
135.9322	COLLISION_NONE	NOT_SWITCH	NOT_RESET	NOT_WAYPOINT	-309.0494	1.8	-315.4817	0	0	0	1	0.06956291	0.0184021	-0.02784973	-282.2224	1.14635	-315	
135.9522	COLLISION_NONE	NOT_SWITCH	NOT_RESET	NOT_WAYPOINT	-309.0938	1.8	-315.4843	0	0	0	1	0.05003929	0.02389526	-0.0346337	-282.2224	1.14635	-315	
135.9722	COLLISION_NONE	NOT_SWITCH	NOT_RESET	NOT_WAY