#Walking Trial Path#
#TimeStamp#	#Collision Event#	#Mode Switch Event#	#Reset Event#	#Waypoint Event#	#PositionX#	#PositionY#	#PositionZ#	#OrientationX#	#OrientationY#	#OrientationZ#	#OrientationW#	#HeadOrientationX#	#HeadOrientationY#	#HeadOrientationZ#	#WayPointX#	#WayPointY#	#WayPointZ#	
1.919999	COLLISION_NONE	WAIT_SWITCH	NOT_RESET	NOT_WAYPOINT	-315	1.8	-315	0	0	0	1	-0.1061001	-0.246521	0.003189147	0	0	0	
1.939999	COLLISION_NONE	NOT_SWITCH	NOT_RESET	NOT_WAYPOINT	-315	1.8	-315	0	0	0	1	-0.1061001	-0.246521	0.003189147	0	0	0	
1.959999	COLLISION_NONE	NOT_SWITCH	NOT_RESET	NOT_WAYPOINT	-315	1.8	-315	0	0	0	1	-0.003421783	-0.01123047	0.001631141	0	0	0	
1.979999	COLLISION_NONE	NOT_SWITCH	NOT_RESET	NOT_WAYPOINT	-315	1.8	-315	0	0	0	1	-0.01856613	-0.01379395	-0.01631773	0	0	0	
1.999999	COLLISION_NONE	NOT_SWITCH	NOT_RESET	NOT_WAYPOINT	-315	1.8	-315	0	0	0	1	-0.01333904	-0.01394653	-0.02468777	0	0	0	
2.019999	COLLISION_NONE	NOT_SWITCH	NOT_RESET	NOT_WAYPOINT	-315	1.8	-315	0	0	0	1	-0.003947258	-0.01220703	-0.01614422	0	0	0	
2.039999	COLLISION_NONE	NOT_SWITCH	NOT_RESET	NOT_WAYPOINT	-315	1.8	-315	0	0	0	1	0.0009450912	0.00289917	-0.01121986	0	0	0	
2.059999	COLLISION_NONE	NOT_SWITCH	NOT_RESET	NOT_WAYPOINT	-315	1.8	-315	0	0	0	1	-0.00195694	0.003723145	0.007351816	0	0	0	
2.079999	COLLISION_NONE	NOT_SWITCH	NOT_RESET	NOT_WAYPOINT	-315	1.8	-315	0	0	0	1	-0.007096291	-0.01065063	0.01680326	0	0	0	
2.099999	COLLISION_NONE	NOT_SWITCH	NOT_RESET	NOT_WAYPOINT	-315	1.8	-315	0	0	0	1	0.01767635	-0.006713867	5.823374E-05	0	0	0	
2.119999	COLLISION_NONE	NOT_SWITCH	NOT_RESET	NOT_WAYPOINT	-315	1.8	-315	0	0	0	1	0.01767635	-0.006713867	5.823374E-05	0	0	0	
2.139999	COLLISION_NONE	NOT_SWITCH	NOT_RESET	NOT_WAYPOINT	-315	1.8	-315	0	0	0	1	0.01500034	0.01895142	0.002320528	0	0	0	
2.159999	COLLISION_NONE	NOT_SWITCH	NOT_RESET	NOT_WAYPOINT	-315	1.8	-315	0	0	0	1	-0.01708889	0.02334595	-0.01227295	0	0	0	
2.179999	COLLISION_NONE	NOT_SWITCH	NOT_RESET	NOT_WAYPOINT	-315	1.8	-315	0	0	0	1	-0.01708889	0.02334595	-0.01227295	0	0	0	
2.199999	COLLISION_NONE	NOT_SWITCH	NOT_RESET	NOT_WAYPOINT	-315	1.8	-315	0	0	0	1	-0.001906395	0.03543091	-0.009457171	0	0	0	
2.219999	COLLISION_NONE	NOT_SWITCH	NOT_RESET	NOT_WAYPOINT	-315	1.8	-315	0	0	0	1	-0.005036354	0.03457642	-0.0230574	0	0	0	
2.239999	COLLISION_NONE	NOT_SWITCH	NOT_RESET	NOT_WAYPOINT	-315	1.8	-315	0	0	0	1	0.005379677	0.0607605	-0.009478986	0	0	0	
2.259999	COLLISION_NONE	NOT_SWITCH	NOT_RESET	NOT_WAYPOINT	-315	1.8	-315	0	0	0	1	0.008746147	0.07202148	-0.01108652	0	0	0	
2.279999	COLLISION_NONE	NOT_SWITCH	NOT_RESET	NOT_WAYPOINT	-315	1.8	-315	0	0	0	1	0.008746147	0.07202148	-0.01108652	0	0	0	
2.299999	COLLISION_NONE	NOT_SWITCH	NOT_RESET	NOT_WAYPOINT	-315	1.8	-315	0	0	0	1	0.02175617	0.1107483	0.01177466	0	0	0	
2.319999	COLLISION_NONE	NOT_SWITCH	NOT_RESET	NOT_WAYPOINT	-315	1.8	-315	0	0	0	1	0.03074837	0.1296692	0.01906538	0	0	0	
2.339998	COLLISION_NONE	NOT_SWITCH	NOT_RESET	NOT_WAYPOINT	-315	1.8	-315	0	0	0	1	0.02899456	0.1154175	0.02773064	0	0	0	
2.359998	COLLISION_NONE	NOT_SWITCH	NOT_RESET	NOT_WAYPOINT	-315	1.8	-315	0	0	0	1	0.02899456	0.1154175	0.02773064	0	0	0	
2.379998	COLLISION_NONE	NOT_SWITCH	NOT_RESET	NOT_WAYPOINT	-315	1.8	-315	0	0	0	1	0.0256424	0.1007996	0.02960598	0	0	0	
2.399998	COLLISION_NONE	NOT_SWITCH	NOT_RESET	NOT_WAYPOINT	-315	1.8	-315	0	0	0	1	0.00715065	0.08511353	0.02781618	0	0	0	
2.419998	COLLISION_NONE	NOT_SWITCH	NOT_RESET	NOT_WAYPOINT	-315	1.8	-315	0	0	0	1	-0.00796032	0.09362793	0.009015083	0	0	0	
2.439998	COLLISION_NONE	NOT_SWITCH	NOT_RESET	NOT_WAYPOINT	-315	1.8	-315	0	0	0	1	-0.00796032	0.09362793	0.009015083	0	0	0	
2.459998	COLLISION_NONE	NOT_SWITCH	NOT_RESET	NOT_WAYPOINT	-315	1.8	-315	0	0	0	1	-0.002038002	0.1082153	0.002970815	0	0	0	
2.479998	COLLISION_NONE	NOT_SWITCH	NOT_RESET	NOT_WAYPOINT	-315	1.8	-315	0	0	0	1	-0.003339767	0.08639526	-0.002250075	0	0	0	
2.499998	COLLISION_NONE	NOT_SWITCH	NOT_RESET	NOT_WAYPOINT	-315	1.8	-315	0	0	0	1	-0.01434422	0.08572388	-0.003283143	0	0	0	
2.519998	COLLISION_NONE	NOT_SWITCH	NOT_RESET	NOT_WAYPOINT	-315	1.8	-315	0	0	0	1	-0.01896572	0.08187866	0.008815348	0	0	0	
2.539998	COLLISION_NONE	NOT_SWITCH	NOT_RESET	NOT_WAYPOINT	-315	1.8	-315	0	0	0	1	-0.01896572	0.08187866	0.008815348	0	0	0	
2.559998	COLLISION_NONE	NOT_SWITCH	NOT_RESET	NOT_WAYPOINT	-315	1.8	-315	0	0	0	1	-0.01949215	0.08093262	-0.008957207	0	0	0	
2.579998	COLLISION_NONE	NOT_SWITCH	NOT_RESET	NOT_WAYPOINT	-315	1.8	-315	0	0	0	1	-0.0255022	0.09194946	-0.004830182	0	0	0	
2.599998	COLLISION_NONE	NOT_SWITCH	NOT_RESET	NOT_WAYPOINT	-315	1.8	-315	0	0	0	1	-0.04292393	0.08773804	0.01379454	0	0	0	
2.619998	COLLISION_NONE	NOT_SWITCH	NOT_RESET	NOT_WAYPOINT	-315	1.8	-315	0	0	0	1	-0.04292393	0.08773804	0.01379454	0	0	0	
2.639998	COLLISION_NONE	NOT_SWITCH	NOT_RESET	NOT_WAYPOINT	-315	1.8	-315	0	0	0	1	-0.04399586	0.07717896	0.02562159	0	0	0	
2.659998	COLLISION_NONE	NOT_SWITCH	NOT_RESET	NOT_WAYPOINT	-315	1.8	-315	0	0	0	1	-0.04470634	0.07351685	0.02248055	0	0	0	
2.679998	COLLISION_NONE	NOT_SWITCH	NOT_RESET	NOT_WAYPOINT	-315	1.8	-315	0	0	0	1	-0.02065754	0.0642395	0.01774204	0	0	0	
2.699998	COLLISION_NONE	NOT_SWITCH	NOT_RESET	NOT_WAYPOINT	-315	1.8	-315	0	0	0	1	-0.02065754	0.0642395	0.01774204	0	0	0	
2.719998	COLLISION_NONE	NOT_SWITCH	NOT_RESET	NOT_WAYPOINT	-315	1.8	-315	0	0	0	1	-0.04095173	0.05838013	0.008409679	0	0	0	
2.739998	COLLISION_NONE	NOT_SWITCH	NOT_RESET	NOT_WAYPOINT	-315	1.8	-315	0	0	0	1	-0.04312229	0.0508728	-0.001292288	0	0	0	
2.759998	COLLISION_NONE	NOT_SWITCH	NOT_RESET	NOT_WAYPOINT	-315	1.8	-315	0	0	0	1	-0.01928043	0.03890991	0.008603513	0	0	0	
2.779998	COLLISION_NONE	NOT_SWITCH	NOT_RESET	NOT_WAYPOINT	-315	1.8	-315	0	0	0	1	-0.01928043	0.03890991	0.008603513	0	0	0	
2.799998	COLLISION_NONE	NOT_SWITCH	NOT_RESET	NOT_WAYPOINT	-315	1.8	-315	0	0	0	1	-0.005919456	0.04022217	0.01982856	0	0	0	
2.819998	COLLISION_NONE	NOT_SWITCH	NOT_RESET	NOT_WAYPOINT	-315	1.8	-315	0	0	0	1	0.01875305	0.02694702	0.01880819	0	0	0	
2.839998	COLLISION_NONE	NOT_SWITCH	NOT_RESET	NOT_WAYPOINT	-315	1.8	-315	0	0	0	1	0.02267933	0.02713013	0.003557026	0	0	0	
2.859998	COLLISION_NONE	CORRECT_SWITCH	NOT_RESET	NOT_WAYPOINT	-315	1.8	-315	0	0	0	1	0.02503395	0.02780151	0.01374698	0	0	0	
2.879998	COLLISION_NONE	NOT_SWITCH	NOT_RESET	NOT_WAYPOINT	-314.9987	1.8	-314.8824	0	0	0	1	0.02503395	0.02780151	0.01374698	0	0	0	
2.899998	COLLISION_NONE	NOT_SWITCH	NOT_RESET	NOT_WAYPOINT	-314.9974	1.8	-314.7648	0	0	0	1	0.02217388	0.02706909	0.01801604	0	0	0	
2.919998	COLLISION_NONE	NOT_SWITCH	NOT_RESET	NOT_WAYPOINT	-314.9949	1.8	-314.5296	0	0	0	1	0.0324297	0.01449585	0.0310418	0	0	0	
2.939998	COLLISION_NONE	NOT_SWITCH	NOT_RESET	NOT_WAYPOINT	-314.9917	1.8	-314.232	0	0	0	1	0.0324297	0.01449585	0.0310418	0	0	0	
2.959998	COLLISION_NONE	NOT_SWITCH	NOT_RESET	NOT_WAYPOINT	-314.9885	1.8	-313.9344	0	0	0	1	0.02825928	0.01416016	0.0284192	0	0	0	
2.979998	COLLISION_NONE	NOT_SWITCH	NOT_RESET	NOT_WAYPOINT	-314.9853	1.8	-313.6368	0	0	0	1	0.03817844	0.01531982	0.04044962	0	0	0	
2.999998	COLLISION_NONE	NOT_SWITCH	NOT_RESET	NOT_WAYPOINT	-314.9821	1.8	-313.3392	0	0	0	1	0.03817844	0.01531982	0.04044962	0	0	0	
3.019998	COLLISION_NONE	NOT_SWITCH	NOT_RESET	NOT_WAYPOINT	-314.9789	1.8	-313.0416	0	0	0	1	0.05735683	0.03463745	0.0453918	0	0	0	
3.039998	COLLISION_NONE	NOT_SWITCH	NOT_RESET	NOT_WAYPOINT	-314.9757	1.8	-312.744	0	0	0	1	0.05992699	0.04910278	0.04010689	0	0	0	
3.059998	COLLISION_NONE	NOT_SWITCH	NOT_RESET	NOT_WAYPOINT	-314.9725	1.8	-312.4464	0	0	0	1	0.05676842	0.05929565	0.02569807	0	0	0	
3.079998	COLLISION_NONE	NOT_SWITCH	NOT_RESET	NOT_WAYPOINT	-314.9693	1.8	-312.1488	0	0	0	1	0.05676842	0.05929565	0.02569807	0	0	0	
3.099998	COLLISION_NONE	NOT_SWITCH	NOT_RESET	NOT_WAYPOINT	-314.9661	1.8	-311.8512	0	0	0	1	0.05975151	0.04397583	0.008204401	0	0	0	
3.119998	COLLISION_NONE	NOT_SWITCH	NOT_RESET	NOT_WAYPOINT	-314.9629	1.8	-311.5536	0	0	0	1	0.07825089	0.05963135	0.009996414	0	0	0	
3.139998	COLLISION_NONE	NOT_SWITCH	NOT_RESET	NOT_WAYPOINT	-314.9597	1.8	-311.256	0	0	0	1	0.08086586	0.07064819	0.004987538	0	0	0	
3.159998	COLLISION_NONE	NOT_SWITCH	NOT_RESET	NOT_WAYPOINT	-314.9565	1.8	-310.9583	0	0	0	1	0.08086586	0.07064819	0.004987538	0	0	0	
3.179998	COLLISION_NONE	NOT_SWITCH	NOT_RESET	NOT_WAYPOINT	-314.9532	1.8	-310.6607	0	0	0	1	0.08833504	0.06503296	0.02169371	0	0	0	
3.199998	COLLISION_NONE	NOT_SWITCH	NOT_RESET	NOT_WAYPOINT	-314.95	1.8	-310.3631	0	0	0	1	0.05620098	0.06176758	0.007659316	0	0	0	
3.219998	COLLISION_NONE	NOT_SWITCH	NOT_RESET	NOT_WAYPOINT	-314.9468	1.8	-310.0655	0	0	0	1	0.05975151	0.04397583	0.008204401	0	0	0	
3.239998	COLLISION_NONE	NOT_SWITCH	NOT_RESET	NOT_WAYPOINT	-314.9436	1.8	-309.7679	0	0	0	1	0.05975151	0.04397583	0.008204401	0	0	0	
3.259998	COLLISION_NONE	NOT_SWITCH	NOT_RESET	NOT_WAYPOINT	-314.9404	1.8	-309.4703	0	0	0	1	0.07195187	0.04833984	-0.002065241	0	0	0	
3.279998	COLLISION_NONE	NOT_SWITCH	NOT_RESET	NOT_WAYPOINT	-314.9372	1.8	-309.1727	0	0	0	1	0.07195187	0.04833984	-0.002065241	0	0	0	
3.299998	COLLISION_NONE	NOT_SWITCH	NOT_RESET	NOT_WAYPOINT	-314.934	1.8	-308.8751	0	0	0	1	0.07561302	0.04772949	-0.01722091	0	0	0	
3.319998	COLLISION_NONE	NOT_SWITCH	NOT_RESET	NOT_WAYPOINT	-314.9308	1.8	-308.5775	0	0	0	1	0.08007431	0.04736328	-0.02899361	0	0	0	
3.339998	COLLISION_NONE	NOT_SWITCH	NOT_RESET	NOT_WAYPOINT	-314.9276	1.8	-308.2799	0	0	0	1	0.1093855	0.04901123	-0.04294968	0	0	0	
3.359998	COLLISION_NONE	NOT_SWITCH	NOT_RESET	NOT_WAYPOINT	-314.9244	1.8	-307.9823	0	0	0	1	0.1093855	0.04901123	-0.04294968	0	0	0	
3.379997	COLLISION_NONE	NOT_SWITCH	NOT_RESET	NOT_WAYPOINT	-314.9212	1.8	-307.6847	0	0	0	1	0.1361628	0.04577637	-0.06676495	0	0	0	
3.399997	COLLISION_NONE	NOT_SWITCH	NOT_RESET	NOT_WAYPOINT	-314.918	1.8	-307.3871	0	0	0	1	0.124052	0.04907227	-0.05707848	0	0	0	
3.419997	COLLISION_NONE	NOT_SWITCH	NOT_RESET	NOT_WAYPOINT	-314.9148	1.8	-307.0894	0	0	0	1	0.1316395	0.04959106	-0.05525362	0	0	0	
3.439997	COLLISION_NONE	NOT_SWITCH	NOT_RESET	NOT_WAYPOINT	-314.9116	1.8	-306.7918	0	0	0	1	0.1080751	0.04785156	-0.06412125	0	0	0	
3.459997	COLLISION_NONE	NOT_SWITCH	NOT_RESET	NOT_WAYPOINT	-314.9084	1.8	-306.4942	0	0	0	1	0.124052	0.04907227	-0.05707848	0	0	0	
3.479997	COLLISION_NONE	NOT_SWITCH	NOT_RESET	NOT_WAYPOINT	-314.9052	1.8	-306.1966	0	0	0	1	0.1235456	0.04812622	-0.07485962	0	0	0	
3.499997	COLLISION_NONE	NOT_SWITCH	NOT_RESET	NOT_WAYPOINT	-314.902	1.8	-305.899	0	0	0	1	0.138155	0.03863525	-0.07385558	0	0	0	
3.519997	COLLISION_NONE	NOT_SWITCH	NOT_RESET	NOT_WAYPOINT	-314.8988	1.8	-305.6014	0	0	0	1	0.1348886	0.06768799	-0.05735511	0	0	0	
3.539997	COLLISION_NONE	NOT_SWITCH	NOT_RESET	NOT_WAYPOINT	-314.8956	1.8	-305.3038	0	0	0	1	0.1366749	0.05780029	-0.04980451	0	0	0	
3.559997	COLLISION_NONE	NOT_SWITCH	NOT_RESET	NOT_WAYPOINT	-314.8924	1.8	-305.0062	0	0	0	1	0.1348886	0.06768799	-0.05735511	0	0	0	
3.579997	COLLISION_NONE	NOT_SWITCH	NOT_RESET	NOT_WAYPOINT	-314.8892	1.8	-304.7086	0	0	0	1	0.1363459	0.07305908	-0.03650272	0	0	0	
3.599997	COLLISION_NONE	NOT_SWITCH	NOT_RESET	NOT_WAYPOINT	-314.886	1.8	-304.411	0	0	0	1	0.1376457	0.07421875	-0.0153293	0	0	0	
3.619997	COLLISION_NONE	NOT_SWITCH	NOT_RESET	NOT_WAYPOINT	-314.8828	1.8	-304.1134	0	0	0	1	0.1349993	0.06323242	-0.01031524	0	0	0	
3.639997	COLLISION_NONE	NOT_SWITCH	NOT_RESET	NOT_WAYPOINT	-314.8795	1.8	-303.8158	0	0	0	1	0.1276855	0.06195068	-0.02651733	0	0	0	
3.659997	COLLISION_NONE	NOT_SWITCH	NOT_RESET	NOT_WAYPOINT	-314.8763	1.8	-303.5182	0	0	0	1	0.08932781	0.04486084	-0.02012771	0	0	0	
3.679997	COLLISION_NONE	NOT_SWITCH	NOT_RESET	NOT_WAYPOINT	-314.8731	1.8	-303.2206	0	0	0	1	0.09087753	0.04528809	-0.01332283	0	0	0	
3.699997	COLLISION_NONE	NOT_SWITCH	NOT_RESET	NOT_WAYPOINT	-314.8699	1.8	-302.9229	0	0	0	1	0.0923624	0.06027222	-0.007601798	0	0	0	
3.719997	COLLISION_NONE	NOT_SWITCH	NOT_RESET	NOT_WAYPOINT	-314.8667	1.8	-302.6253	0	0	0	1	0.1134872	0.04171753	-0.03976214	0	0	0	
3.739997	COLLISION_NONE	NOT_SWITCH	NOT_RESET	NOT_WAYPOINT	-314.8635	1.8	-302.3277	0	0	0	1	0.1134872	0.04171753	-0.03976214	0	0	0	
3.759997	COLLISION_NONE	NOT_SWITCH	NOT_RESET	NOT_WAYPOINT	-314.8603	1.8	-302.0301	0	0	0	1	0.1160545	0.03207397	-0.02881187	0	0	0	
3.779997	COLLISION_NONE	NOT_SWITCH	NOT_RESET	NOT_WAYPOINT	-314.8571	1.8	-301.7325	0	0	0	1	0.1040344	0.02084351	-0.01805574	0	0	0	
3.799997	COLLISION_NONE	NOT_SWITCH	NOT_RESET	NOT_WAYPOINT	-314.8539	1.8	-301.4349	0	0	0	1	0.09024143	-0.004577637	0.001365423	0	0	0	
3.819997	COLLISION_NONE	NOT_SWITCH	NOT_RESET	NOT_WAYPOINT	-314.8507	1.8	-301.1373	0	0	0	1	0.09024143	-0.004577637	0.001365423	0	0	0	
3.839997	COLLISION_NONE	NOT_SWITCH	NOT_RESET	NOT_WAYPOINT	-314.8475	1.8	-300.8397	0	0	0	1	0.09250641	0.0105896	0.01048982	0	0	0	
3.859997	COLLISION_NONE	NOT_SWITCH	NOT_RESET	NOT_WAYPOINT	-314.8443	1.8	-300.5421	0	0	0	1	0.09451199	0.01541138	0.03481698	0	0	0	
3.879997	COLLISION_NONE	NOT_SWITCH	NOT_RESET	NOT_WAYPOINT	-314.8411	1.8	-300.2445	0	0	0	1	0.1069784	0.0199585	0.04240316	0	0	0	
3.899997	COLLISION_NONE	NOT_SWITCH	NOT_RESET	NOT_WAYPOINT	-314.8379	1.8	-299.9469	0	0	0	1	0.1088181	0.01965332	0.03481883	0	0	0	
3.919997	COLLISION_NONE	NOT_SWITCH	NOT_RESET	NOT_WAYPOINT	-314.8347	1.8	-299.6493	0	0	0	1	0.09514713	0.03356934	0.03688705	0	0	0	
3.939997	COLLISION_NONE	NOT_SWITCH	NOT_RESET	NOT_WAYPOINT	-314.8315	1.8	-299.3517	0	0	0	1	0.06093502	0.004852295	0.01451057	0	0	0	
3.959997	COLLISION_NONE	NOT_SWITCH	NOT_RESET	NOT_WAYPOINT	-314.8283	1.8	-299.054	0	0	0	1	0.05877972	0.02996826	0.02026653	0	0	0	
3.979997	COLLISION_NONE	NOT_SWITCH	NOT_RESET	NOT_WAYPOINT	-314.8251	1.8	-298.7564	0	0	0	1	0.06319618	0.02001953	0.02363396	0	0	0	
3.999997	COLLISION_NONE	NOT_SWITCH	NOT_RESET	NOT_WAYPOINT	-314.8219	1.8	-298.4588	0	0	0	1	0.03043079	0.021698	0.03811902	0	0	0	
4.019997	COLLISION_NONE	NOT_SWITCH	NOT_RESET	NOT_WAYPOINT	-314.8187	1.8	-298.1612	0	0	0	1	0.03565502	0.01196289	0.0448795	0	0	0	
4.039997	COLLISION_NONE	NOT_SWITCH	NOT_RESET	NOT_WAYPOINT	-314.8155	1.8	-297.8636	0	0	0	1	0.03724384	0.02197266	0.03654307	0	0	0	
4.059997	COLLISION_NONE	NOT_SWITCH	NOT_RESET	NOT_WAYPOINT	-314.8123	1.8	-297.566	0	0	0	1	0.02090931	0.02490234	0.04363924	0	0	0	
4.079997	COLLISION_NONE	NOT_SWITCH	NOT_RESET	NOT_WAYPOINT	-314.8091	1.8	-297.2684	0	0	0	1	0.02579975	0.05108643	0.04773152	0	0	0	
4.099997	COLLISION_NONE	NOT_SWITCH	NOT_RESET	NOT_WAYPOINT	-314.8058	1.8	-296.9708	0	0	0	1	0.0299654	0.05148315	0.0503484	0	0	0	
4.119997	COLLISION_NONE	NOT_SWITCH	NOT_RESET	NOT_WAYPOINT	-314.8026	1.8	-296.6732	0	0	0	1	0.03811264	0.06158447	0.02257693	0	0	0	
4.139997	COLLISION_NONE	NOT_SWITCH	NOT_RESET	NOT_WAYPOINT	-314.7994	1.8	-296.3756	0	0	0	1	0.0431776	0.04763794	0.02966279	0	0	0	
4.159997	COLLISION_NONE	NOT_SWITCH	NOT_RESET	NOT_WAYPOINT	-314.7962	1.8	-296.078	0	0	0	1	0.0431776	0.04763794	0.02966279	0	0	0	
4.179997	COLLISION_NONE	NOT_SWITCH	NOT_RESET	NOT_WAYPOINT	-314.793	1.8	-295.7804	0	0	0	1	0.06424427	0.05368042	0.04240453	0	0	0	
4.199997	COLLISION_NONE	NOT_SWITCH	NOT_RESET	NOT_WAYPOINT	-314.7898	1.8	-295.4828	0	0	0	1	0.04351616	0.06655884	0.04611319	0	0	0	
4.219997	COLLISION_NONE	NOT_SWITCH	NOT_RESET	NOT_WAYPOINT	-314.7866	1.8	-295.1852	0	0	0	1	0.04516602	0.05249023	0.05398881	0	0	0	
4.239997	COLLISION_NONE	NOT_SWITCH	NOT_RESET	TRIGGER_WAYPOINT	-314.7834	1.8	-294.8875	0	0	0	1	0.05153847	0.04837036	0.03489244	-315	1.8	-279	
4.259997	COLLISION_NONE	NOT_SWITCH	NOT_RESET	NOT_WAYPOINT	-314.7802	1.8	-294.5899	0	0	0	1	0.04395199	0.04788208	0.0330618	-315	1.8	-279	
4.279997	COLLISION_NONE	NOT_SWITCH	NOT_RESET	NOT_WAYPOINT	-314.777	1.8	-294.2923	0	0	0	1	0.03559017	0.04711914	0.02783793	-315	1.8	-279	
4.299997	COLLISION_NONE	NOT_SWITCH	NOT_RESET	NOT_WAYPOINT	-314.7569	1.8	-293.9967	0	0	0	1	0.02503872	0.0715332	0.0283671	-315	1.8	-279	
4.319997	COLLISION_NONE	NOT_SWITCH	NOT_RESET	NOT_WAYPOINT	-314.6726	1.8	-293.7018	0	0	0	1	0.02007389	0.07092285	0.02235979	-315	1.8	-279	
4.339997	COLLISION_NONE	NOT_SWITCH	NOT_RESET	NOT_WAYPOINT	-314.4722	1.8	-293.4061	0	0	0	1	0.02007389	0.07092285	0.02235979	-315	1.8	-279	
4.359997	COLLISION_NONE	NOT_SWITCH	NOT_RESET	NOT_WAYPOINT	-314.2717	1.8	-293.1104	0	0.001110109	0	0.9999994	0.03087044	0.06890869	0.03802615	-315	1.8	-279	
4.379997	COLLISION_NONE	NOT_SWITCH	NOT_RESET	NOT_WAYPOINT	-314.0059	1.8	-292.8141	0	0.005817214	0	0.9999831	0.05259705	0.07003784	0.02224475	-315	1.8	-279	
4.399997	COLLISION_NONE	NOT_SWITCH	NOT_RESET	NOT_WAYPOINT	-313.7156	1.8	-292.5193	0	0.01253381	0	0.9999214	0.04825306	0.06542969	0.01996636	-315	1.8	-279	
4.419997	COLLISION_NONE	NOT_SWITCH	NOT_RESET	NOT_WAYPOINT	-313.4165	1.8	-292.2277	0	0.01253381	0	0.9999214	0.04825306	0.06542969	0.01996636	-315	1.8	-279	
4.439997	COLLISION_NONE	NOT_SWITCH	NOT_RESET	NOT_WAYPOINT	-313.1174	1.8	-291.9361	0	0.02025453	0	0.9997948	0.02941608	0.06503296	0.03146678	-315	1.8	-279	
4.459997	COLLISION_NONE	NOT_SWITCH	NOT_RESET	NOT_WAYPOINT	-312.8138	1.8	-291.6481	0	0.02847628	0	0.9995944	0.03549862	0.05056763	0.02759194	-315	1.8	-279	
4.479997	COLLISION_NONE	NOT_SWITCH	NOT_RESET	NOT_WAYPOINT	-312.5067	1.8	-291.364	0	0.03694716	0	0.9993172	0.04228401	0.05084229	0.02603102	-315	1.8	-279	
4.499997	COLLISION_NONE	NOT_SWITCH	NOT_RESET	NOT_WAYPOINT	-312.1961	1.8	-291.0841	0	0.03694716	0	0.9993172	0.04228401	0.05084229	0.02603102	-315	1.8	-279	
4.519997	COLLISION_NONE	NOT_SWITCH	NOT_RESET	NOT_WAYPOINT	-311.8855	1.8	-290.8042	0	0.04554087	0	0.9989625	0.0626955	0.05325317	0.03559661	-315	1.8	-279	
4.539997	COLLISION_NONE	NOT_SWITCH	NOT_RESET	NOT_WAYPOINT	-311.5713	1.8	-290.5289	0	0.05419391	0	0.9985304	0.04536343	0.06625366	0.03852707	-315	1.8	-279	
4.559997	COLLISION_NONE	NOT_SWITCH	NOT_RESET	NOT_WAYPOINT	-311.2533	1.8	-290.2584	0	0.06287423	0	0.9980215	0.04197025	0.06613159	0.03930491	-315	1.8	-279	
4.579997	COLLISION_NONE	NOT_SWITCH	NOT_RESET	NOT_WAYPOINT	-310.9314	1.8	-289.9929	0	0.06287423	0	0.9980215	0.04197025	0.06613159	0.03930491	-315	1.8	-279	
4.599997	COLLISION_NONE	NOT_SWITCH	NOT_RESET	NOT_WAYPOINT	-310.6095	1.8	-289.7274	0	0.07156545	0	0.9974359	0.05798149	0.06390381	0.04662722	-315	1.8	-279	
4.619997	COLLISION_NONE	NOT_SWITCH	NOT_RESET	NOT_WAYPOINT	-310.2835	1.8	-289.4672	0	0.08025906	0	0.996774	0.06686211	0.05361938	0.03821754	-315	1.8	-279	
4.639997	COLLISION_NONE	NOT_SWITCH	NOT_RESET	NOT_WAYPOINT	-309.9535	1.8	-289.2124	0	0.08895049	0	0.9960361	0.06958199	0.03900146	0.03510547	-315	1.8	-279	
4.659997	COLLISION_NONE	NOT_SWITCH	NOT_RESET	NOT_WAYPOINT	-309.6194	1.8	-288.9632	0	0.08895049	0	0.9960361	0.06958199	0.03900146	0.03510547	-315	1.8	-279	
4.679996	COLLISION_NONE	NOT_SWITCH	NOT_RESET	NOT_WAYPOINT	-309.2852	1.8	-288.7141	0	0.09763711	0	0.9952221	0.0656786	0.03790283	0.01810741	-315	1.8	-279	
4.699996	COLLISION_NONE	NOT_SWITCH	NOT_RESET	NOT_WAYPOINT	-308.947	1.8	-288.4706	0	0.1063173	0	0.9943323	0.05702305	0.03793335	0.02726787	-315	1.8	-279	
4.719996	COLLISION_NONE	NOT_SWITCH	NOT_RESET	NOT_WAYPOINT	-308.6047	1.8	-288.233	0	0.1149898	0	0.9933667	0.02693939	0.03607178	0.0378269	-315	1.8	-279	
4.739996	COLLISION_NONE	NOT_SWITCH	NOT_RESET	NOT_WAYPOINT	-308.2584	1.8	-288.0014	0	0.1149898	0	0.9933667	0.02693939	0.03607178	0.0378269	-315	1.8	-279	
4.759996	COLLISION_NONE	NOT_SWITCH	NOT_RESET	NOT_WAYPOINT	-307.912	1.8	-287.7698	0	0.1236539	0	0.9923254	0.007062912	0.03463745	0.04602921	-315	1.8	-279	
4.779996	COLLISION_NONE	NOT_SWITCH	NOT_RESET	NOT_WAYPOINT	-307.5618	1.8	-287.5442	0	0.1323086	0	0.9912086	0.003484726	0.04043579	0.01407981	-315	1.8	-279	
4.799996	COLLISION_NONE	NOT_SWITCH	NOT_RESET	NOT_WAYPOINT	-307.2077	1.8	-287.3247	0	0.1409533	0	0.9900163	0.001870155	0.05450439	0.006184638	-315	1.8	-279	
4.819996	COLLISION_NONE	NOT_SWITCH	NOT_RESET	NOT_WAYPOINT	-306.8498	1.8	-287.1115	0	0.1409533	0	0.9900163	0.001870155	0.05450439	0.006184638	-315	1.8	-279	
4.839996	COLLISION_NONE	NOT_SWITCH	NOT_RESET	NOT_WAYPOINT	-306.4919	1.8	-286.8982	0	0.1495873	0	0.9887486	-0.01142788	0.03866577	-0.003946245	-315	1.8	-279	
4.859996	COLLISION_NONE	NOT_SWITCH	NOT_RESET	NOT_WAYPOINT	-306.1304	1.8	-286.6912	0	0.15821	0	0.9874055	-0.01447201	0.02325439	-0.01645631	-315	1.8	-279	
4.879996	COLLISION_NONE	NOT_SWITCH	NOT_RESET	NOT_WAYPOINT	-305.7653	1.8	-286.4905	0	0.1668206	0	0.9859873	-0.01628494	0.02355957	-0.008884549	-315	1.8	-279	
4.899996	COLLISION_NONE	NOT_SWITCH	NOT_RESET	NOT_WAYPOINT	-305.3968	1.8	-286.2963	0	0.1668206	0	0.9859873	-0.01628494	0.02355957	-0.008884549	-315	1.8	-279	
4.919996	COLLISION_NONE	NOT_SWITCH	NOT_RESET	NOT_WAYPOINT	-305.0282	1.8	-286.102	0	0.1754185	0	0.984494	-0.01679897	0.02258301	-0.02666032	-315	1.8	-279	
4.939996	COLLISION_NONE	NOT_SWITCH	NOT_RESET	NOT_WAYPOINT	-304.6564	1.8	-285.9142	0	0.1840031	0	0.9829257	-0.0179491	0.03765869	-0.01676214	-315	1.8	-279	
4.959996	COLLISION_NONE	NOT_SWITCH	NOT_RESET	NOT_WAYPOINT	-304.2813	1.8	-285.7329	0	0.1925736	0	0.9812826	-0.01548576	0.0333252	-0.02061373	-315	1.8	-279	
4.979996	COLLISION_NONE	NOT_SWITCH	NOT_RESET	NOT_WAYPOINT	-303.9031	1.8	-285.5582	0	0.1925736	0	0.9812826	-0.01548576	0.0333252	-0.02061373	-315	1.8	-279	
4.999996	COLLISION_NONE	NOT_SWITCH	NOT_RESET	NOT_WAYPOINT	-303.5249	1.8	-285.3835	0	0.2011294	0	0.9795647	-0.01941967	0.03222656	-0.03759873	-315	1.8	-279	
5.019996	COLLISION_NONE	NOT_SWITCH	NOT_RESET	NOT_WAYPOINT	-303.1438	1.8	-285.2154	0	0.20967	0	0.9777722	-0.01409721	0.02865601	-0.04571909	-315	1.8	-279	
5.039996	COLLISION_NONE	NOT_SWITCH	NOT_RESET	NOT_WAYPOINT	-302.7597	1.8	-285.054	0	0.2181946	0	0.9759053	-6.67572E-06	0.02062988	-0.01595122	-315	1.8	-279	
5.059996	COLLISION_NONE	NOT_SWITCH	NOT_RESET	NOT_WAYPOINT	-302.3729	1.8	-284.8993	0	0.2181946	0	0.9759053	-6.67572E-06	0.02062988	-0.01595122	-315	1.8	-279	
5.079996	COLLISION_NONE	NOT_SWITCH	NOT_RESET	NOT_WAYPOINT	-301.9861	1.8	-284.7447	0	0.2267025	0	0.973964	0.01126289	0.02053833	-0.02929777	-315	1.8	-279	
5.099996	COLLISION_NONE	NOT_SWITCH	NOT_RESET	NOT_WAYPOINT	-301.5966	1.8	-284.5968	0	0.2351932	0	0.9719486	0.01413441	0.02218628	-0.00133121	-315	1.8	-279	
5.119996	COLLISION_NONE	NOT_SWITCH	NOT_RESET	NOT_WAYPOINT	-301.2047	1.8	-284.4557	0	0.2351932	0	0.9719486	0.01413441	0.02218628	-0.00133121	-315	1.8	-279	
5.139996	COLLISION_NONE	NOT_SWITCH	NOT_RESET	NOT_WAYPOINT	-300.8127	1.8	-284.3146	0	0.243666	0	0.9698592	-0.001241684	-0.003723145	0.01132947	-315	1.8	-279	
5.159996	COLLISION_NONE	NOT_SWITCH	NOT_RESET	NOT_WAYPOINT	-300.4183	1.8	-284.1804	0	0.2521203	0	0.967696	0.0118885	0.02761841	-0.02640176	-315	1.8	-279	
5.179996	COLLISION_NONE	NOT_SWITCH	NOT_RESET	NOT_WAYPOINT	-300.0216	1.8	-284.0531	0	0.2605553	0	0.9654589	0.006140709	0.02682495	-0.03581434	-315	1.8	-279	
5.199996	COLLISION_NONE	NOT_SWITCH	NOT_RESET	NOT_WAYPOINT	-299.6228	1.8	-283.9327	0	0.2605553	0	0.9654589	0.006140709	0.02682495	-0.03581434	-315	1.8	-279	
5.219996	COLLISION_NONE	NOT_SWITCH	NOT_RESET	NOT_WAYPOINT	-299.224	1.8	-283.8123	0	0.2681565	0	0.9633754	0.01474285	0.01727295	-0.02983731	-315	1.8	-279	
5.239996	COLLISION_NONE	NOT_SWITCH	NOT_RESET	NOT_WAYPOINT	-298.823	1.8	-283.6989	0	0.2719509	0	0.9623111	0.02254009	0.03155518	-0.04348016	-315	1.8	-279	
5.259996	COLLISION_NONE	NOT_SWITCH	NOT_RESET	NOT_WAYPOINT	-298.4197	1.8	-283.592	0	0.2719509	0	0.9623111	0.02254009	0.03155518	-0.04348016	-315	1.8	-279	
5.279996	COLLISION_NONE	NOT_SWITCH	NOT_RESET	NOT_WAYPOINT	-298.0164	1.8	-283.4852	0	0.2738465	0	0.9617734	0.01991558	0.02053833	-0.03846294	-315	1.8	-279	
5.299996	COLLISION_NONE	NOT_SWITCH	NOT_RESET	NOT_WAYPOINT	-297.6105	1.8	-283.3839	0	0.274794	0	0.9615031	0.01310253	0.02023315	-0.03688323	-315	1.8	-279	
5.319996	COLLISION_NONE	NOT_SWITCH	NOT_RESET	NOT_WAYPOINT	-297.2021	1.8	-283.2866	0	0.2752675	0	0.9613677	0.02042961	0.02151489	-0.02068675	-315	1.8	-279	
5.339996	COLLISION_NONE	NOT_SWITCH	NOT_RESET	NOT_WAYPOINT	-296.7918	1.8	-283.1912	0	0.2752675	0	0.9613677	0.02042961	0.02151489	-0.02068675	-315	1.8	-279	
5.359996	COLLISION_NONE	NOT_SWITCH	NOT_RESET	NOT_WAYPOINT	-296.3815	1.8	-283.0957	0	0.2755043	0	0.9612998	0.02871037	0.03674316	-0.0165357	-315	1.8	-279	
5.379996	COLLISION_NONE	NOT_SWITCH	NOT_RESET	NOT_WAYPOINT	-295.9705	1.8	-283.0007	0	0.2756227	0	0.9612659	0.0278244	0.04150391	-0.005890548	-315	1.8	-279	
5.399996	COLLISION_NONE	NOT_SWITCH	NOT_RESET	NOT_WAYPOINT	-295.5595	1.8	-282.9058	0	0.2756819	0	0.9612489	0.03439426	0.05206299	-0.00821352	-315	1.8	-279	
5.419996	COLLISION_NONE	NOT_SWITCH	NOT_RESET	NOT_WAYPOINT	-295.1484	1.8	-282.811	0	0.2756819	0	0.9612489	0.03439426	0.05206299	-0.00821352	-315	1.8	-279	
5.439996	COLLISION_NONE	NOT_SWITCH	NOT_RESET	NOT_WAYPOINT	-294.7373	1.8	-282.7161	0	0.2757114	0	0.9612405	0.02871609	0.05892944	-0.0182004	-315	1.8	-279	
5.459996	COLLISION_NONE	NOT_SWITCH	NOT_RESET	NOT_WAYPOINT	-294.3263	1.8	-282.6213	0	0.2757262	0	0.9612362	0.02766991	0.04837036	-0.006395161	-315	1.8	-279	
5.479996	COLLISION_NONE	NOT_SWITCH	NOT_RESET	NOT_WAYPOINT	-293.9152	1.8	-282.5265	0	0.2757336	0	0.9612341	0.03133106	0.04776001	-0.02155274	-315	1.8	-279	
5.499996	COLLISION_NONE	NOT_SWITCH	NOT_RESET	NOT_WAYPOINT	-293.5041	1.8	-282.4316	0	0.2757336	0	0.9612341	0.03133106	0.04776001	-0.02155274	-315	1.8	-279	
5.519996	COLLISION_NONE	NOT_SWITCH	NOT_RESET	NOT_WAYPOINT	-293.093	1.8	-282.3368	0	0.2757373	0	0.961233	0.0248785	0.05438232	-0.03493845	-315	1.8	-279	
5.539996	COLLISION_NONE	NOT_SWITCH	NOT_RESET	NOT_WAYPOINT	-292.682	1.8	-282.242	0	0.2757392	0	0.9612325	0.01889038	0.05279541	-0.04427278	-315	1.8	-279	
5.559996	COLLISION_NONE	NOT_SWITCH	NOT_RESET	NOT_WAYPOINT	-292.2709	1.8	-282.1472	0	0.2757401	0	0.9612322	0.0169735	0.07867432	-0.03859675	-315	1.8	-279	
5.579996	COLLISION_NONE	NOT_SWITCH	NOT_RESET	NOT_WAYPOINT	-291.8598	1.8	-282.0524	0	0.2757401	0	0.9612322	0.0169735	0.07867432	-0.03859675	-315	1.8	-279	
5.599996	COLLISION_NONE	NOT_SWITCH	NOT_RESET	NOT_WAYPOINT	-291.4488	1.8	-281.9576	0	0.2757405	0	0.9612321	0.03931904	0.07583618	-0.05064988	-315	1.8	-279	
5.619996	COLLISION_NONE	NOT_SWITCH	NOT_RESET	NOT_WAYPOINT	-291.0377	1.8	-281.8627	0	0.2757407	0	0.9612321	0.04693317	0.07632446	-0.04883224	-315	1.8	-279	
5.639996	COLLISION_NONE	NOT_SWITCH	NOT_RESET	NOT_WAYPOINT	-290.6266	1.8	-281.7679	0	0.2757409	0	0.961232	0.03937244	0.06130981	-0.04955918	-315	1.8	-279	
5.659996	COLLISION_NONE	NOT_SWITCH	NOT_RESET	NOT_WAYPOINT	-290.2155	1.8	-281.6731	0	0.2757409	0	0.961232	0.04534054	0.08700562	-0.05644763	-315	1.8	-279	
5.679996	COLLISION_NONE	NOT_SWITCH	NOT_RESET	TRIGGER_WAYPOINT	-289.8045	1.8	-281.5783	0	0.275741	0	0.961232	0.07288837	0.07443237	-0.06173474	-280.762	1.8	-267.8754	
5.699996	COLLISION_NONE	NOT_SWITCH	NOT_RESET	NOT_WAYPOINT	-289.3934	1.8	-281.4835	0	0.275741	0	0.961232	0.07961464	0.078125	-0.06355077	-280.762	1.8	-267.8754	
5.719995	COLLISION_NONE	NOT_SWITCH	NOT_RESET	NOT_WAYPOINT	-288.9823	1.8	-281.3886	0	0.275741	0	0.961232	0.09067249	0.06430054	-0.06143826	-280.762	1.8	-267.8754	
5.739995	COLLISION_NONE	NOT_SWITCH	NOT_RESET	NOT_WAYPOINT	-288.5713	1.8	-281.2938	0	0.275741	0	0.961232	0.09587669	0.05456543	-0.05467808	-280.762	1.8	-267.8754	
5.759995	COLLISION_NONE	NOT_SWITCH	NOT_RESET	NOT_WAYPOINT	-288.1602	1.8	-281.199	0	0.275741	0	0.961232	0.09587669	0.05456543	-0.05467808	-280.762	1.8	-267.8754	
5.779995	COLLISION_NONE	NOT_SWITCH	NOT_RESET	NOT_WAYPOINT	-287.7491	1.8	-281.1042	0	0.275741	0	0.961232	0.08986664	0.05450439	-0.0497129	-280.762	1.8	-267.8754	
5.799995	COLLISION_NONE	NOT_SWITCH	NOT_RESET	NOT_WAYPOINT	-287.338	1.8	-281.0094	0	0.275741	0	0.961232	0.06939888	0.06665039	-0.0603745	-280.762	1.8	-267.8754	
5.819995	COLLISION_NONE	NOT_SWITCH	NOT_RESET	NOT_WAYPOINT	-286.927	1.8	-280.9146	0	0.2761176	0	0.9611239	0.07392406	0.06283569	-0.07188225	-280.762	1.8	-267.8754	
5.839995	COLLISION_NONE	NOT_SWITCH	NOT_RESET	NOT_WAYPOINT	-286.5158	1.8	-280.8201	0	0.2761176	0	0.9611239	0.07392406	0.06283569	-0.07188225	-280.762	1.8	-267.8754	
5.859995	COLLISION_NONE	NOT_SWITCH	NOT_RESET	NOT_WAYPOINT	-286.1047	1.8	-280.7256	0	0.2801723	0	0.9599498	0.06448174	0.08670044	-0.08233988	-280.762	1.8	-267.8754	
5.879995	COLLISION_NONE	NOT_SWITCH	NOT_RESET	NOT_WAYPOINT	-285.6942	1.8	-280.6333	0	0.2863811	0	0.9581158	0.0328331	0.09545898	-0.07941777	-280.762	1.8	-267.8754	
5.899995	COLLISION_NONE	NOT_SWITCH	NOT_RESET	NOT_WAYPOINT	-285.2838	1.8	-280.5442	0	0.2936547	0	0.9559116	0.03711033	0.09240723	-0.07656479	-280.762	1.8	-267.8754	
5.919995	COLLISION_NONE	NOT_SWITCH	NOT_RESET	NOT_WAYPOINT	-284.8836	1.8	-280.4739	0	0.2936547	0	0.9559116	0.03711033	0.09240723	-0.07656479	-280.762	1.8	-267.8754	
5.939995	COLLISION_NONE	NOT_SWITCH	NOT_RESET	NOT_WAYPOINT	-284.4835	1.8	-280.4036	0	0.3014484	0	0.9534825	0.03370285	0.1033325	-0.07660186	-280.762	1.8	-267.8754	
5.959995	COLLISION_NONE	NOT_SWITCH	NOT_RESET	NOT_WAYPOINT	-284.0961	1.8	-280.3508	0	0.3094898	0	0.9509028	0.00163269	0.09664917	-0.0903936	-280.762	1.8	-267.8754	
5.979995	COLLISION_NONE	NOT_SWITCH	NOT_RESET	NOT_WAYPOINT	-283.7217	1.8	-280.3151	0	0.3094898	0	0.9509028	0.00163269	0.09664917	-0.0903936	-280.762	1.8	-267.8754	
5.999995	COLLISION_NONE	NOT_SWITCH	NOT_RESET	NOT_WAYPOINT	-283.3474	1.8	-280.2794	0	0.3176426	0	0.9482106	0.02945328	0.1064148	-0.07947248	-280.762	1.8	-267.8754	
6.019995	COLLISION_NONE	NOT_SWITCH	NOT_RESET	NOT_WAYPOINT	-282.9865	1.8	-280.2605	0	0.3258385	0	0.9454255	0.03143406	0.08816528	-0.08572054	-280.762	1.8	-267.8754	
6.039995	COLLISION_NONE	NOT_SWITCH	NOT_RESET	NOT_WAYPOINT	-282.6303	1.8	-280.2451	0	0.3340432	0	0.9425578	0.02847672	0.09240723	-0.06741774	-280.762	1.8	-267.8754	
6.059995	COLLISION_NONE	NOT_SWITCH	NOT_RESET	NOT_WAYPOINT	-282.2862	1.8	-280.2436	0	0.3340432	0	0.9425578	0.02847672	0.09240723	-0.06741774	-280.762	1.8	-267.8754	
6.079995	COLLISION_NONE	NOT_SWITCH	NOT_RESET	NOT_WAYPOINT	-281.942	1.8	-280.242	0	0.3422392	0	0.9396129	0.02655315	0.1072083	-0.06090832	-280.762	1.8	-267.8754	
6.099995	COLLISION_NONE	NOT_SWITCH	NOT_RESET	NOT_WAYPOINT	-281.6197	1.8	-280.2676	0	0.3504175	0	0.9365937	0.01968956	0.1214294	-0.06042832	-280.762	1.8	-267.8754	
6.119995	COLLISION_NONE	NOT_SWITCH	NOT_RESET	NOT_WAYPOINT	-281.3338	1.8	-280.3402	0	0.3585733	0	0.9335017	-0.006681442	0.1044617	-0.06395829	-280.762	1.8	-267.8754	
6.139995	COLLISION_NONE	NOT_SWITCH	NOT_RESET	NOT_WAYPOINT	-281.1067	1.8	-280.4888	0	0.3585733	0	0.9335017	-0.006681442	0.1044617	-0.06395829	-280.762	1.8	-267.8754	
6.159995	COLLISION_NONE	NOT_SWITCH	NOT_RESET	NOT_WAYPOINT	-280.8796	1.8	-280.6374	0	0.3667038	0	0.9303378	0.004411697	0.1016846	-0.06267112	-280.762	1.8	-267.8754	
6.179995	COLLISION_NONE	NOT_SWITCH	NOT_RESET	NOT_WAYPOINT	-280.7253	1.8	-280.8797	0	0.3748075	0	0.9271027	-0.002419472	0.1124878	-0.06192273	-280.762	1.8	-267.8754	
6.199995	COLLISION_NONE	NOT_SWITCH	NOT_RESET	NOT_WAYPOINT	-280.6443	1.8	-281.2119	0	0.3828831	0	0.9237968	-0.001821518	0.09890747	-0.04306656	-280.762	1.8	-267.8754	
6.219995	COLLISION_NONE	NOT_SWITCH	NOT_RESET	NOT_WAYPOINT	-280.611	1.8	-281.5964	0	0.3828831	0	0.9237968	-0.001821518	0.09890747	-0.04306656	-280.762	1.8	-267.8754	
6.239995	COLLISION_NONE	NOT_SWITCH	NOT_RESET	NOT_WAYPOINT	-280.5777	1.8	-281.981	0	0.3909298	0	0.9204205	-0.001821518	0.09890747	-0.04306656	-280.762	1.8	-267.8754	
6.259995	COLLISION_NONE	NOT_SWITCH	NOT_RESET	NOT_WAYPOINT	-280.5719	1.8	-282.3898	0	0.3989469	0	0.9169741	0.005756378	0.08831787	-0.04039985	-280.762	1.8	-267.8754	
6.279995	COLLISION_NONE	NOT_SWITCH	NOT_RESET	NOT_WAYPOINT	-280.5785	1.8	-282.8053	0	0.4069336	0	0.9134578	0.004272461	0.08444214	-0.04694515	-280.762	1.8	-267.8754	
6.299995	COLLISION_NONE	NOT_SWITCH	NOT_RESET	NOT_WAYPOINT	-280.5928	1.8	-283.2224	0	0.4069336	0	0.9134578	0.004272461	0.08444214	-0.04694515	-280.762	1.8	-267.8754	
6.319995	COLLISION_NONE	NOT_SWITCH	NOT_RESET	NOT_WAYPOINT	-280.6071	1.8	-283.6395	0	0.4148894	0	0.9098719	0.01188564	0.08496094	-0.04513043	-280.762	1.8	-267.8754	
6.339995	COLLISION_NONE	NOT_SWITCH	NOT_RESET	NOT_WAYPOINT	-280.6277	1.8	-284.0567	0	0.4228137	0	0.9062167	-0.007255554	0.08529663	-0.01924002	-280.762	1.8	-267.8754	
6.359995	COLLISION_NONE	NOT_SWITCH	NOT_RESET	NOT_WAYPOINT	-280.6543	1.8	-284.4736	0	0.4307057	0	0.9024925	1.907349E-06	0.1106262	-0.01924723	-280.762	1.8	-267.8754	
6.379995	COLLISION_NONE	NOT_SWITCH	NOT_RESET	NOT_WAYPOINT	-280.687	1.8	-284.8899	0	0.4307057	0	0.9024925	1.907349E-06	0.1106262	-0.01924723	-280.762	1.8	-267.8754	
6.399995	COLLISION_NONE	NOT_SWITCH	NOT_RESET	NOT_WAYPOINT	-280.7198	1.8	-285.3061	0	0.4385649	0	0.8986995	0.009401321	0.1123352	-0.01069659	-280.762	1.8	-267.8754	
6.419995	COLLISION_NONE	NOT_SWITCH	NOT_RESET	NOT_WAYPOINT	-280.7588	1.8	-285.7216	0	0.4463907	0	0.8948382	0.006867409	0.09793091	-0.005438745	-280.762	1.8	-267.8754	
6.439995	COLLISION_NONE	NOT_SWITCH	NOT_RESET	NOT_WAYPOINT	-280.8043	1.8	-286.1363	0	0.4541826	0	0.8909087	0.0003910065	0.08236694	-0.01714849	-280.762	1.8	-267.8754	
6.459995	COLLISION_NONE	NOT_SWITCH	NOT_RESET	NOT_WAYPOINT	-280.8565	1.8	-286.55	0	0.4541826	0	0.8909087	0.0003910065	0.08236694	-0.01714849	-280.762	1.8	-267.8754	
6.479995	COLLISION_NONE	NOT_SWITCH	NOT_RESET	NOT_WAYPOINT	-280.9087	1.8	-286.9637	0	0.4619398	0	0.8869113	0.01266766	0.084198	0.005072594	-280.762	1.8	-267.8754	
6.499995	COLLISION_NONE	NOT_SWITCH	NOT_RESET	NOT_WAYPOINT	-280.9677	1.8	-287.3764	0	0.4696619	0	0.8828464	0.009983063	0.08770752	0.008996189	-280.762	1.8	-267.8754	
6.519995	COLLISION_NONE	NOT_SWITCH	NOT_RESET	NOT_WAYPOINT	-281.0336	1.8	-287.788	0	0.4696619	0	0.8828464	0.009983063	0.08770752	0.008996189	-280.762	1.8	-267.8754	
6.539995	COLLISION_NONE	NOT_SWITCH	NOT_RESET	NOT_WAYPOINT	-281.0995	1.8	-288.1996	0	0.4773482	0	0.8787142	0.03098202	0.08612061	0.02231437	-280.762	1.8	-267.8754	
6.559995	COLLISION_NONE	NOT_SWITCH	NOT_RESET	NOT_WAYPOINT	-281.1723	1.8	-288.6099	0	0.4849982	0	0.8745152	0.05433464	0.1073303	0.04416692	-280.762	1.8	-267.8754	
6.579995	COLLISION_NONE	NOT_SWITCH	NOT_RESET	NOT_WAYPOINT	-281.2522	1.8	-289.0188	0	0.4926112	0	0.8702495	0.06007957	0.0970459	0.05441177	-280.762	1.8	-267.8754	
6.599995	COLLISION_NONE	NOT_SWITCH	NOT_RESET	NOT_WAYPOINT	-281.3391	1.8	-289.4263	0	0.4926112	0	0.8702495	0.06007957	0.0970459	0.05441177	-280.762	1.8	-267.8754	
6.619995	COLLISION_NONE	NOT_SWITCH	NOT_RESET	NOT_WAYPOINT	-281.426	1.8	-289.8337	0	0.5001867	0	0.8659176	0.06200409	0.08224487	0.0479055	-280.762	1.8	-267.8754	
6.639995	COLLISION_NONE	NOT_SWITCH	NOT_RESET	NOT_WAYPOINT	-281.52	1.8	-290.2396	0	0.5077242	0	0.8615198	0.06749535	0.07177734	0.0402835	-280.762	1.8	-267.8754	
6.659995	COLLISION_NONE	NOT_SWITCH	NOT_RESET	NOT_WAYPOINT	-281.621	1.8	-290.6438	0	0.5152229	0	0.8570563	0.06933403	0.08255005	0.03187567	-280.762	1.8	-267.8754	
6.679995	COLLISION_NONE	NOT_SWITCH	NOT_RESET	NOT_WAYPOINT	-281.729	1.8	-291.0461	0	0.5152229	0	0.8570563	0.06933403	0.08255005	0.03187567	-280.762	1.8	-267.8754	
6.699995	COLLISION_NONE	NOT_SWITCH	NOT_RESET	NOT_WAYPOINT	-281.837	1.8	-291.4485	0	0.5226824	0	0.8525275	0.08869553	0.07192993	0.006737351	-280.762	1.8	-267.8754	
6.719995	COLLISION_NONE	NOT_SWITCH	NOT_RESET	NOT_WAYPOINT	-281.952	1.8	-291.8489	0	0.5301021	0	0.8479338	0.07738113	0.07394409	0.005524337	-280.762	1.8	-267.8754	
6.739995	COLLISION_NONE	NOT_SWITCH	NOT_RESET	NOT_WAYPOINT	-282.0739	1.8	-292.2472	0	0.5374815	0	0.8432756	0.07999897	0.08493042	0.0005177855	-280.762	1.8	-267.8754	
6.759995	COLLISION_NONE	NOT_SWITCH	NOT_RESET	NOT_WAYPOINT	-282.2029	1.8	-292.6434	0	0.5374815	0	0.8432756	0.07999897	0.08493042	0.0005177855	-280.762	1.8	-267.8754	
6.779994	COLLISION_NONE	NOT_SWITCH	NOT_RESET	NOT_WAYPOINT	-282.3318	1.8	-293.0395	0	0.5448199	0	0.8385531	0.08567238	0.08917236	0.009677529	-280.762	1.8	-267.8754	
6.799994	COLLISION_NONE	NOT_SWITCH	NOT_RESET	NOT_WAYPOINT	-282.4428	1.8	-293.4231	0	0.5521168	0	0.8337668	0.08594704	0.09951782	-0.005527496	-280.762	1.8	-267.8754	
6.819994	COLLISION_NONE	NOT_SWITCH	NOT_RESET	NOT_WAYPOINT	-282.5356	1.8	-293.795	0	0.5593717	0	0.828917	0.08070755	0.08859253	0.003662944	-280.762	1.8	-267.8754	
6.839994	COLLISION_NONE	NOT_SWITCH	NOT_RESET	NOT_WAYPOINT	-282.6097	1.8	-294.1564	0	0.5593717	0	0.828917	0.08070755	0.08859253	0.003662944	-280.762	1.8	-267.8754	
6.859994	COLLISION_NONE	NOT_SWITCH	NOT_RESET	NOT_WAYPOINT	-282.6837	1.8	-294.5177	0	0.566584	0	0.8240041	0.07170773	0.05862427	-0.00280869	-280.762	1.8	-267.8754	
6.879994	COLLISION_NONE	NOT_SWITCH	NOT_RESET	NOT_WAYPOINT	-282.739	1.8	-294.8689	0	0.5737531	0	0.8190284	0.06099987	0.06829834	-0.01905799	-280.762	1.8	-267.8754	
6.899994	COLLISION_NONE	NOT_SWITCH	NOT_RESET	NOT_WAYPOINT	-282.7854	1.8	-295.2142	0	0.5808786	0	0.8139903	0.04329491	0.05285645	-0.01745772	-280.762	1.8	-267.8754	
6.919994	COLLISION_NONE	NOT_SWITCH	NOT_RESET	NOT_WAYPOINT	-282.7655	1.8	-295.5324	0	0.5808786	0	0.8139903	0.04329491	0.05285645	-0.01745772	-280.762	1.8	-267.8754	
6.939994	COLLISION_NONE	NOT_SWITCH	NOT_RESET	NOT_WAYPOINT	-282.7456	1.8	-295.8506	0	0.5879598	0	0.8088902	0.02291203	0.06155396	-0.02787286	-280.762	1.8	-267.8754	
6.959994	COLLISION_NONE	NOT_SWITCH	NOT_RESET	NOT_WAYPOINT	-282.6271	1.8	-296.1318	0	0.5949962	0	0.8037286	0.02698898	0.06533813	-0.02549553	-280.762	1.8	-267.8754	
6.979994	COLLISION_NONE	NOT_SWITCH	NOT_RESET	NOT_WAYPOINT	-282.3968	1.8	-296.3749	0	0.5949962	0	0.8037286	0.02698898	0.06533813	-0.02549553	-280.762	1.8	-267.8754	
6.999994	COLLISION_NONE	NOT_SWITCH	NOT_RESET	NOT_WAYPOINT	-282.1664	1.8	-296.618	0	0.6019872	0	0.7985057	0.03386402	0.06222534	-0.02681702	-280.762	1.8	-267.8754	
7.019994	COLLISION_NONE	NOT_SWITCH	NOT_RESET	NOT_WAYPOINT	-281.8516	1.8	-296.8369	0	0.6089325	0	0.7932221	0.04302883	0.07421875	-0.01902127	-280.762	1.8	-267.8754	
7.039994	COLLISION_NONE	NOT_SWITCH	NOT_RESET	NOT_WAYPOINT	-281.4984	1.8	-297.0494	0	0.6158314	0	0.787878	0.04977894	0.07794189	-0.02085358	-280.762	1.8	-267.8754	
7.059994	COLLISION_NONE	NOT_SWITCH	NOT_RESET	NOT_WAYPOINT	-281.1368	1.8	-297.2668	0	0.6158314	0	0.787878	0.04977894	0.07794189	-0.02085358	-280.762	1.8	-267.8754	
7.079994	COLLISION_NONE	NOT_SWITCH	NOT_RESET	NOT_WAYPOINT	-280.7753	1.8	-297.4843	0	0.6226833	0	0.7824739	0.05837917	0.06838989	-0.01487702	-280.762	1.8	-267.8754	
7.099994	COLLISION_NONE	NOT_SWITCH	NOT_RESET	NOT_WAYPOINT	-280.4214	1.8	-297.6813	0	0.6289625	0	0.7774356	0.05210972	0.06665039	-0.042063	-280.762	1.8	-267.8754	
7.119994	COLLISION_NONE	NOT_SWITCH	NOT_RESET	NOT_WAYPOINT	-280.0743	1.8	-297.8578	0	0.6330121	0	0.7741419	0.06913471	0.07843018	-0.04681671	-280.762	1.8	-267.8754	
7.139994	COLLISION_NONE	NOT_SWITCH	NOT_RESET	NOT_WAYPOINT	-279.7341	1.8	-298.0139	0	0.6360379	0	0.7716577	0.06380177	0.07095337	-0.03787053	-280.762	1.8	-267.8754	
7.159994	COLLISION_NONE	NOT_SWITCH	NOT_RESET	NOT_WAYPOINT	-279.4067	1.8	-298.1292	0	0.6365414	0	0.7712426	0.0653162	0.08590698	-0.03216255	-280.762	1.8	-267.8754	
7.179994	COLLISION_NONE	NOT_SWITCH	NOT_RESET	NOT_WAYPOINT	-279.0854	1.8	-298.2243	0	0.636793	0	0.7710348	0.05237484	0.08895874	-0.02585453	-280.762	1.8	-267.8754	
7.199994	COLLISION_NONE	NOT_SWITCH	NOT_RESET	NOT_WAYPOINT	-278.77	1.8	-298.299	0	0.6369187	0	0.7709309	0.05813789	0.08978271	-0.01645362	-280.762	1.8	-267.8754	
7.219994	COLLISION_NONE	NOT_SWITCH	NOT_RESET	NOT_WAYPOINT	-278.46	1.8	-298.3536	0	0.637013	0	0.770853	0.0625515	0.1149902	-0.03013241	-280.762	1.8	-267.8754	
7.239994	COLLISION_NONE	NOT_SWITCH	NOT_RESET	NOT_WAYPOINT	-278.1588	1.8	-298.3786	0	0.6370288	0	0.77084	0.06489086	0.1156921	-0.01994163	-280.762	1.8	-267.8754	
7.259994	COLLISION_NONE	NOT_SWITCH	NOT_RESET	NOT_WAYPOINT	-277.8601	1.8	-298.4012	0	0.6370366	0	0.7708336	0.08067513	0.1348572	-0.01419646	-280.762	1.8	-267.8754	
7.279994	COLLISION_NONE	NOT_SWITCH	NOT_RESET	NOT_WAYPOINT	-277.5639	1.8	-298.423	0	0.6370425	0	0.7708287	0.08744621	0.1255798	-0.000639081	-280.762	1.8	-267.8754	
7.299994	COLLISION_NONE	NOT_SWITCH	NOT_RESET	NOT_WAYPOINT	-277.2725	1.8	-298.4387	0	0.6370435	0	0.7708279	0.08891773	0.1405334	0.005089581	-280.762	1.8	-267.8754	
7.319994	COLLISION_NONE	NOT_SWITCH	NOT_RESET	NOT_WAYPOINT	-276.9831	1.8	-298.4461	0	0.637044	0	0.7708275	0.09274673	0.1561279	0.02100956	-280.762	1.8	-267.8754	
7.339994	COLLISION_NONE	NOT_SWITCH	NOT_RESET	NOT_WAYPOINT	-276.6951	1.8	-298.4431	0	0.6370442	0	0.7708273	0.0807333	0.1545105	0.01663655	-280.762	1.8	-267.8754	
7.359994	COLLISION_NONE	NOT_SWITCH	NOT_RESET	NOT_WAYPOINT	-276.4077	1.8	-298.4283	0	0.6370444	0	0.7708271	0.08447742	0.1615601	0.0009089112	-280.762	1.8	-267.8754	
7.379994	COLLISION_NONE	NOT_SWITCH	NOT_RESET	NOT_WAYPOINT	-276.1202	1.8	-298.39	0	0.6370444	0	0.7708271	0.08370972	0.1613159	-0.002491653	-280.762	1.8	-267.8754	
7.399994	COLLISION_NONE	NOT_SWITCH	NOT_RESET	TRIGGER_WAYPOINT	-275.8305	1.8	-298.3433	0	0.6370444	0	0.7708271	0.08556557	0.1721191	-0.01090509	-259.6017	1.8	-297	
7.419994	COLLISION_NONE	NOT_SWITCH	NOT_RESET	NOT_WAYPOINT	-275.539	1.8	-298.292	0	0.6370444	0	0.7708271	0.0771904	0.1713867	-0.01613331	-259.6017	1.8	-297	
7.439994	COLLISION_NONE	NOT_SWITCH	NOT_RESET	NOT_WAYPOINT	-275.2463	1.8	-298.2392	0	0.6370444	0	0.7708271	0.0914278	0.1790466	-0.01636428	-259.6017	1.8	-297	
7.459994	COLLISION_NONE	NOT_SWITCH	NOT_RESET	NOT_WAYPOINT	-274.9532	1.8	-298.1862	0	0.6370444	0	0.7708271	0.09330273	0.1546631	-0.007743359	-259.6017	1.8	-297	
7.479994	COLLISION_NONE	NOT_SWITCH	NOT_RESET	NOT_WAYPOINT	-274.6603	1.8	-298.1332	0	0.6370444	0	0.7708271	0.09592724	0.1545715	-0.01192474	-259.6017	1.8	-297	
7.499994	COLLISION_NONE	NOT_SWITCH	NOT_RESET	NOT_WAYPOINT	-274.3675	1.8	-298.0803	0	0.6370444	0	0.7708271	0.09414577	0.1644592	-0.01948214	-259.6017	1.8	-297	
7.519994	COLLISION_NONE	NOT_SWITCH	NOT_RESET	NOT_WAYPOINT	-274.0746	1.8	-298.0274	0	0.6370444	0	0.7708271	0.09368515	0.1505127	-0.02188706	-259.6017	1.8	-297	
7.539994	COLLISION_NONE	NOT_SWITCH	NOT_RESET	NOT_WAYPOINT	-273.7817	1.8	-297.9745	0	0.6370444	0	0.7708271	0.06967163	0.1342163	-0.01523966	-259.6017	1.8	-297	
7.559994	COLLISION_NONE	NOT_SWITCH	NOT_RESET	NOT_WAYPOINT	-273.4821	1.8	-297.9659	0	0.6370444	0	0.7708271	0.06967163	0.1342163	-0.01523966	-259.6017	1.8	-297	
7.579994	COLLISION_NONE	NOT_SWITCH	NOT_RESET	NOT_WAYPOINT	-273.1825	1.8	-297.9572	0	0.6370444	0	0.7708271	0.06094265	0.1376343	-0.006335437	-259.6017	1.8	-297	
7.599994	COLLISION_NONE	NOT_SWITCH	NOT_RESET	NOT_WAYPOINT	-272.8606	1.8	-298.0653	0	0.6372488	0	0.7706583	0.06689358	0.1633301	-0.01321036	-259.6017	1.8	-297	
7.619994	COLLISION_NONE	NOT_SWITCH	NOT_RESET	NOT_WAYPOINT	-272.5223	1.8	-298.2549	0	0.638336	0	0.7697579	0.08432293	0.168396	0.000412941	-259.6017	1.8	-297	
7.639994	COLLISION_NONE	NOT_SWITCH	NOT_RESET	NOT_WAYPOINT	-272.1775	1.8	-298.4786	0	0.638336	0	0.7697579	0.08432293	0.168396	0.000412941	-259.6017	1.8	-297	
7.659994	COLLISION_NONE	NOT_SWITCH	NOT_RESET	NOT_WAYPOINT	-271.8326	1.8	-298.7023	0	0.6416791	0	0.7669733	0.07887745	0.1548157	0.0242216	-259.6017	1.8	-297	
7.679994	COLLISION_NONE	NOT_SWITCH	NOT_RESET	NOT_WAYPOINT	-271.4874	1.8	-298.9377	0	0.6466804	0	0.7627611	0.08436966	0.155426	0.01578009	-259.6017	1.8	-297	
7.699994	COLLISION_NONE	NOT_SWITCH	NOT_RESET	NOT_WAYPOINT	-271.1635	1.8	-299.1762	0	0.6524835	0	0.757803	0.08294392	0.1500244	-0.005075634	-259.6017	1.8	-297	
7.719994	COLLISION_NONE	NOT_SWITCH	NOT_RESET	NOT_WAYPOINT	-270.8611	1.8	-299.4174	0	0.6524835	0	0.757803	0.08294392	0.1500244	-0.005075634	-259.6017	1.8	-297	
7.739994	COLLISION_NONE	NOT_SWITCH	NOT_RESET	NOT_WAYPOINT	-270.5587	1.8	-299.6586	0	0.6586602	0	0.7524406	0.08271885	0.1473083	0.009567499	-259.6017	1.8	-297	
7.759994	COLLISION_NONE	NOT_SWITCH	NOT_RESET	NOT_WAYPOINT	-270.2778	1.8	-299.9021	0	0.6649971	0	0.746846	0.06244564	0.14151	0.0002012849	-259.6017	1.8	-297	
7.779994	COLLISION_NONE	NOT_SWITCH	NOT_RESET	NOT_WAYPOINT	-270.0182	1.8	-300.1475	0	0.6713879	0	0.7411063	0.06816769	0.1534119	0.008796096	-259.6017	1.8	-297	
7.799994	COLLISION_NONE	NOT_SWITCH	NOT_RESET	NOT_WAYPOINT	-269.7712	1.8	-300.393	0	0.6713879	0	0.7411063	0.06816769	0.1534119	0.008796096	-259.6017	1.8	-297	
7.819993	COLLISION_NONE	NOT_SWITCH	NOT_RESET	NOT_WAYPOINT	-269.5241	1.8	-300.6386	0	0.6777793	0	0.7352655	0.07551861	0.1426697	-0.006412268	-259.6017	1.8	-297	
7.839993	COLLISION_NONE	NOT_SWITCH	NOT_RESET	NOT_WAYPOINT	-269.2802	1.8	-300.8828	0	0.6841449	0	0.7293462	0.0800581	0.138855	-0.017923	-259.6017	1.8	-297	
7.859993	COLLISION_NONE	NOT_SWITCH	NOT_RESET	NOT_WAYPOINT	-269.0463	1.8	-301.1265	0	0.6904711	0	0.72336	0.073246	0.1274719	-0.01552612	-259.6017	1.8	-297	
7.879993	COLLISION_NONE	NOT_SWITCH	NOT_RESET	NOT_WAYPOINT	-268.8408	1.8	-301.3725	0	0.6904711	0	0.72336	0.073246	0.1274719	-0.01552612	-259.6017	1.8	-297	
7.899993	COLLISION_NONE	NOT_SWITCH	NOT_RESET	NOT_WAYPOINT	-268.6353	1.8	-301.6186	0	0.6967511	0	0.717313	0.0709095	0.1379089	-0.02655208	-259.6017	1.8	-297	
7.919993	COLLISION_NONE	NOT_SWITCH	NOT_RESET	NOT_WAYPOINT	-268.4876	1.8	-301.8706	0	0.7029812	0	0.7112085	0.06676197	0.1360168	-0.04346615	-259.6017	1.8	-297	
7.939993	COLLISION_NONE	NOT_SWITCH	NOT_RESET	NOT_WAYPOINT	-268.4427	1.8	-302.1332	0	0.7091593	0	0.7050483	0.08593082	0.1467896	-0.07018042	-259.6017	1.8	-297	
7.959993	COLLISION_NONE	NOT_SWITCH	NOT_RESET	NOT_WAYPOINT	-268.5165	1.8	-302.4069	0	0.7091593	0	0.7050483	0.08593082	0.1467896	-0.07018042	-259.6017	1.8	-297	
7.979993	COLLISION_NONE	NOT_SWITCH	NOT_RESET	NOT_WAYPOINT	-268.5903	1.8	-302.6806	0	0.7152842	0	0.6988337	0.06434536	0.1498718	-0.05473858	-259.6017	1.8	-297	
7.999993	COLLISION_NONE	NOT_SWITCH	NOT_RESET	NOT_WAYPOINT	-268.7822	1.8	-302.963	0	0.721355	0	0.6925655	0.07307339	0.1464539	-0.06364155	-259.6017	1.8	-297	
8.019994	COLLISION_NONE	NOT_SWITCH	NOT_RESET	NOT_WAYPOINT	-269.0552	1.8	-303.2473	0	0.727371	0	0.6862444	0.06372547	0.1428223	-0.0576449	-259.6017	1.8	-297	
8.039994	COLLISION_NONE	NOT_SWITCH	NOT_RESET	NOT_WAYPOINT	-269.3566	1.8	-303.5284	0	0.727371	0	0.6862444	0.06372547	0.1428223	-0.0576449	-259.6017	1.8	-297	
8.059995	COLLISION_NONE	NOT_SWITCH	NOT_RESET	NOT_WAYPOINT	-269.658	1.8	-303.8094	0	0.7333318	0	0.6798709	0.05860996	0.1380005	-0.06333417	-259.6017	1.8	-297	
8.079995	COLLISION_NONE	NOT_SWITCH	NOT_RESET	NOT_WAYPOINT	-269.9695	1.8	-304.0863	0	0.7392368	0	0.6734456	0.07428932	0.1501465	-0.07494003	-259.6017	1.8	-297	
8.099996	COLLISION_NONE	NOT_SWITCH	NOT_RESET	NOT_WAYPOINT	-270.2861	1.8	-304.3587	0	0.7450855	0	0.6669691	0.0766201	0.1637878	-0.08012593	-259.6017	1.8	-297	
8.119996	COLLISION_NONE	NOT_SWITCH	NOT_RESET	NOT_WAYPOINT	-270.6068	1.8	-304.6267	0	0.7450855	0	0.6669691	0.0766201	0.1637878	-0.08012593	-259.6017	1.8	-297	
8.139997	COLLISION_NONE	NOT_SWITCH	NOT_RESET	NOT_WAYPOINT	-270.9274	1.8	-304.8947	0	0.7508774	0	0.6604416	0.06937599	0.1480408	-0.09526098	-259.6017	1.8	-297	
8.159997	COLLISION_NONE	NOT_SWITCH	NOT_RESET	NOT_WAYPOINT	-271.2517	1.8	-305.158	0	0.7566122	0	0.6538639	0.06151676	0.1593323	-0.08353865	-259.6017	1.8	-297	
8.179997	COLLISION_NONE	NOT_SWITCH	NOT_RESET	NOT_WAYPOINT	-271.5797	1.8	-305.4163	0	0.7622893	0	0.6472364	0.06917286	0.1453552	-0.08063525	-259.6017	1.8	-297	
8.199998	COLLISION_NONE	NOT_SWITCH	NOT_RESET	NOT_WAYPOINT	-271.9114	1.8	-305.6695	0	0.7622893	0	0.6472364	0.06917286	0.1453552	-0.08063525	-259.6017	1.8	-297	
8.219998	COLLISION_NONE	NOT_SWITCH	NOT_RESET	NOT_WAYPOINT	-272.2431	1.8	-305.9227	0	0.7679085	0	0.6405596	0.09906673	0.1445007	-0.07653344	-259.6017	1.8	-297	
8.239999	COLLISION_NONE	NOT_SWITCH	NOT_RESET	NOT_WAYPOINT	-272.5786	1.8	-306.1706	0	0.7734691	0	0.6338341	0.09031677	0.1720276	-0.08383441	-259.6017	1.8	-297	
8.259999	COLLISION_NONE	NOT_SWITCH	NOT_RESET	NOT_WAYPOINT	-272.918	1.8	-306.4128	0	0.7789708	0	0.6270602	0.08011055	0.1716003	-0.08148855	-259.6017	1.8	-297	
8.28	COLLISION_NONE	NOT_SWITCH	NOT_RESET	NOT_WAYPOINT	-273.2612	1.8	-306.6494	0	0.7789708	0	0.6270602	0.08011055	0.1716003	-0.08148855	-259.6017	1.8	-297	
8.3	COLLISION_NONE	NOT_SWITCH	NOT_RESET	NOT_WAYPOINT	-273.6044	1.8	-306.8859	0	0.7844132	0	0.6202387	0.07032394	0.186615	-0.06243598	-259.6017	1.8	-297	
8.320001	COLLISION_NONE	NOT_SWITCH	NOT_RESET	NOT_WAYPOINT	-273.9515	1.8	-307.1166	0	0.7897958	0	0.6133698	0.05981445	0.1758423	-0.04488218	-259.6017	1.8	-297	
8.340001	COLLISION_NONE	NOT_SWITCH	NOT_RESET	NOT_WAYPOINT	-274.3025	1.8	-307.3413	0	0.7951184	0	0.6064543	0.06627274	0.1913757	-0.033149	-259.6017	1.8	-297	
8.360002	COLLISION_NONE	NOT_SWITCH	NOT_RESET	NOT_WAYPOINT	-274.6572	1.8	-307.5599	0	0.7951184	0	0.6064543	0.06627274	0.1913757	-0.033149	-259.6017	1.8	-297	
8.380002	COLLISION_NONE	NOT_SWITCH	NOT_RESET	NOT_WAYPOINT	-275.0119	1.8	-307.7785	0	0.8003803	0	0.5994926	0.07421303	0.1877136	-0.04543775	-259.6017	1.8	-297	
8.400002	COLLISION_NONE	NOT_SWITCH	NOT_RESET	NOT_WAYPOINT	-275.3703	1.8	-307.9909	0	0.8055813	0	0.5924852	0.06921291	0.1880493	-0.01921719	-259.6017	1.8	-297	
8.420003	COLLISION_NONE	NOT_SWITCH	NOT_RESET	NOT_WAYPOINT	-275.7323	1.8	-308.1971	0	0.810721	0	0.5854328	0.09145355	0.2012329	-0.01802748	-259.6017	1.8	-297	
8.440003	COLLISION_NONE	NOT_SWITCH	NOT_RESET	NOT_WAYPOINT	-276.0979	1.8	-308.3969	0	0.8157989	0	0.5783357	0.09493828	0.1979065	-0.01855409	-259.6017	1.8	-297	
8.460004	COLLISION_NONE	NOT_SWITCH	NOT_RESET	NOT_WAYPOINT	-276.4668	1.8	-308.5904	0	0.8157989	0	0.5783357	0.09493828	0.1979065	-0.01855409	-259.6017	1.8	-297	
8.480004	COLLISION_NONE	NOT_SWITCH	NOT_RESET	NOT_WAYPOINT	-276.8358	1.8	-308.7838	0	0.8208147	0	0.5711946	0.09799576	0.211792	-0.02031869	-259.6017	1.8	-297	
8.500005	COLLISION_NONE	NOT_SWITCH	NOT_RESET	NOT_WAYPOINT	-277.2081	1.8	-308.9708	0	0.825768	0	0.56401	0.08934689	0.2118225	-0.01118106	-259.6017	1.8	-297	
8.520005	COLLISION_NONE	NOT_SWITCH	NOT_RESET	NOT_WAYPOINT	-277.5836	1.8	-309.1512	0	0.8306584	0	0.5567824	0.08030128	0.2185059	-0.02039677	-259.6017	1.8	-297	
8.540006	COLLISION_NONE	NOT_SWITCH	NOT_RESET	NOT_WAYPOINT	-277.9584	1.8	-309.3284	0	0.8306584	0	0.5567824	0.08030128	0.2185059	-0.02039677	-259.6017	1.8	-297	
8.560006	COLLISION_NONE	NOT_SWITCH	NOT_RESET	NOT_WAYPOINT	-278.3332	1.8	-309.5056	0	0.8354855	0	0.5495124	0.08345032	0.2289429	-0.02191609	-259.6017	1.8	-297	
8.580007	COLLISION_NONE	NOT_SWITCH	NOT_RESET	NOT_WAYPOINT	-278.7058	1.8	-309.6767	0	0.8402491	0	0.5422006	0.07926559	0.2286072	-0.02453899	-259.6017	1.8	-297	
8.600007	COLLISION_NONE	NOT_SWITCH	NOT_RESET	NOT_WAYPOINT	-279.0687	1.8	-309.8403	0	0.8449486	0	0.5348475	0.08509636	0.2259827	-0.01487786	-259.6017	1.8	-297	
8.620008	COLLISION_NONE	NOT_SWITCH	NOT_RESET	NOT_WAYPOINT	-279.428	1.8	-310.0007	0	0.8449486	0	0.5348475	0.08509636	0.2259827	-0.01487786	-259.6017	1.8	-297	
8.640008	COLLISION_NONE	NOT_SWITCH	NOT_RESET	NOT_WAYPOINT	-279.7873	1.8	-310.161	0	0.8495838	0	0.5274537	0.09090519	0.2122498	-0.004380584	-259.6017	1.8	-297	
8.660008	COLLISION_NONE	NOT_SWITCH	NOT_RESET	TRIGGER_WAYPOINT	-280.1456	1.8	-310.3189	0	0.8541543	0	0.5200197	0.07886028	0.2232056	0.004711032	-280.762	1.8	-326.1246	
8.680009	COLLISION_NONE	NOT_SWITCH	NOT_RESET	NOT_WAYPOINT	-280.5043	1.8	-310.4729	0	0.8586597	0	0.5125461	0.06228065	0.1927185	-0.003604114	-280.762	1.8	-326.1246	
8.700009	COLLISION_NONE	NOT_SWITCH	NOT_RESET	NOT_WAYPOINT	-280.8678	1.8	-310.6194	0	0.8630998	0	0.5050335	0.06886196	0.1792297	0.01029474	-280.762	1.8	-326.1246	
8.72001	COLLISION_NONE	NOT_SWITCH	NOT_RESET	NOT_WAYPOINT	-281.2348	1.8	-310.7592	0	0.8630998	0	0.5050335	0.06886196	0.1792297	0.01029474	-280.762	1.8	-326.1246	
8.74001	COLLISION_NONE	NOT_SWITCH	NOT_RESET	NOT_WAYPOINT	-281.6018	1.8	-310.8989	0	0.8674741	0	0.4974824	0.05422783	0.1776428	0.01010692	-280.762	1.8	-326.1246	
8.760011	COLLISION_NONE	NOT_SWITCH	NOT_RESET	NOT_WAYPOINT	-281.9714	1.8	-311.0324	0	0.8717824	0	0.4898934	0.0577383	0.1743774	0.009556293	-280.762	1.8	-326.1246	
8.780011	COLLISION_NONE	NOT_SWITCH	NOT_RESET	NOT_WAYPOINT	-282.34	1.8	-311.1629	0	0.8717824	0	0.4898934	0.0577383	0.1743774	0.009556293	-280.762	1.8	-326.1246	
8.800012	COLLISION_NONE	NOT_SWITCH	NOT_RESET	NOT_WAYPOINT	-282.7086	1.8	-311.2935	0	0.8760243	0	0.4822671	0.06142139	0.2070007	-0.008078337	-280.762	1.8	-326.1246	
8.820012	COLLISION_NONE	NOT_SWITCH	NOT_RESET	NOT_WAYPOINT	-283.0773	1.8	-311.4196	0	0.8801994	0	0.4746041	0.06902695	0.2075195	-0.006253421	-280.762	1.8	-326.1246	
8.840013	COLLISION_NONE	NOT_SWITCH	NOT_RESET	NOT_WAYPOINT	-283.4469	1.8	-311.5401	0	0.8843076	0	0.4669049	0.0834856	0.1937866	-0.004895985	-280.762	1.8	-326.1246	
8.860013	COLLISION_NONE	NOT_SWITCH	NOT_RESET	NOT_WAYPOINT	-283.8214	1.8	-311.6512	0	0.8883483	0	0.4591702	0.07178593	0.1784058	-0.008270621	-280.762	1.8	-326.1246	
8.880013	COLLISION_NONE	NOT_SWITCH	NOT_RESET	NOT_WAYPOINT	-284.1993	1.8	-311.7542	0	0.8962266	0	0.4435965	0.06683064	0.1778259	-0.01428968	-280.762	1.8	-326.1246	
8.900014	COLLISION_NONE	NOT_SWITCH	NOT_RESET	NOT_WAYPOINT	-284.5816	1.8	-311.8421	0	0.9000636	0	0.4357586	0.0683918	0.1782837	-0.007496536	-280.762	1.8	-326.1246	
8.920014	COLLISION_NONE	NOT_SWITCH	NOT_RESET	NOT_WAYPOINT	-284.9659	1.8	-311.9231	0	0.903832	0	0.4278876	0.07334232	0.1899414	-0.002299726	-280.762	1.8	-326.1246	
8.940015	COLLISION_NONE	NOT_SWITCH	NOT_RESET	NOT_WAYPOINT	-285.3518	1.8	-311.9975	0	0.911162	0	0.4120484	0.07792091	0.1860962	-0.01382035	-280.762	1.8	-326.1246	
8.960015	COLLISION_NONE	NOT_SWITCH	NOT_RESET	NOT_WAYPOINT	-285.7395	1.8	-312.0585	0	0.9147231	0	0.4040814	0.07944584	0.2106323	-0.02322316	-280.762	1.8	-326.1246	
8.980016	COLLISION_NONE	NOT_SWITCH	NOT_RESET	NOT_WAYPOINT	-286.1286	1.8	-312.1127	0	0.9182145	0	0.3960836	0.1110983	0.223999	-0.02775258	-280.762	1.8	-326.1246	
9.000016	COLLISION_NONE	NOT_SWITCH	NOT_RESET	NOT_WAYPOINT	-286.5187	1.8	-312.1601	0	0.921636	0	0.3880557	0.1100636	0.2230225	-0.03107011	-280.762	1.8	-326.1246	
9.020017	COLLISION_NONE	NOT_SWITCH	NOT_RESET	NOT_WAYPOINT	-286.9095	1.8	-312.201	0	0.9249873	0	0.3799982	0.1150389	0.2236023	-0.0250594	-280.762	1.8	-326.1246	
9.040017	COLLISION_NONE	NOT_SWITCH	NOT_RESET	NOT_WAYPOINT	-287.301	1.8	-312.2352	0	0.9282681	0	0.3719118	0.1165037	0.2385254	-0.019319	-280.762	1.8	-326.1246	
9.060018	COLLISION_NONE	NOT_SWITCH	NOT_RESET	NOT_WAYPOINT	-287.693	1.8	-312.2628	0	0.9346175	0	0.3556547	0.1060829	0.2243347	-0.001532614	-280.762	1.8	-326.1246	
9.080018	COLLISION_NONE	NOT_SWITCH	NOT_RESET	NOT_WAYPOINT	-288.0851	1.8	-312.2769	0	0.9376855	0	0.3474852	0.08332348	0.2228394	-0.007046163	-280.762	1.8	-326.1246	
9.100019	COLLISION_NONE	NOT_SWITCH	NOT_RESET	NOT_WAYPOINT	-288.4777	1.8	-312.2838	0	0.9406821	0	0.3392892	0.07419014	0.2108154	-0.0148629	-280.762	1.8	-326.1246	
9.120019	COLLISION_NONE	NOT_SWITCH	NOT_RESET	NOT_WAYPOINT	-288.8705	1.8	-312.2838	0	0.9464603	0	0.3228204	0.05490971	0.1949158	-0.02007401	-280.762	1.8	-326.1246	
9.140019	COLLISION_NONE	NOT_SWITCH	NOT_RESET	NOT_WAYPOINT	-289.2627	1.8	-312.2701	0	0.9492413	0	0.3145488	0.05543423	0.2054138	-0.01741302	-280.762	1.8	-326.1246	
9.16002	COLLISION_NONE	NOT_SWITCH	NOT_RESET	NOT_WAYPOINT	-289.6549	1.8	-312.2493	0	0.9545864	0	0.2979343	0.05311108	0.2158203	-0.02844077	-280.762	1.8	-326.1246	
9.18002	COLLISION_NONE	NOT_SWITCH	NOT_RESET	NOT_WAYPOINT	-290.0482	1.8	-312.2106	0	0.95715	0	0.2895927	0.04895687	0.2265625	-0.03190166	-280.762	1.8	-326.1246	
9.200021	COLLISION_NONE	NOT_SWITCH	NOT_RESET	NOT_WAYPOINT	-290.4421	1.8	-312.1631	0	0.9596407	0	0.2812291	0.03933334	0.2221375	-0.02581841	-280.762	1.8	-326.1246	
9.220021	COLLISION_NONE	NOT_SWITCH	NOT_RESET	NOT_WAYPOINT	-290.838	1.8	-312.1039	0	0.9644027	0	0.2644382	0.04510307	0.2451172	-0.01807249	-280.762	1.8	-326.1246	
9.240022	COLLISION_NONE	NOT_SWITCH	NOT_RESET	NOT_WAYPOINT	-291.2415	1.8	-312.0097	0	0.9666736	0	0.2560123	0.0547514	0.2565613	-0.006766737	-280.762	1.8	-326.1246	
9.260022	COLLISION_NONE	NOT_SWITCH	NOT_RESET	NOT_WAYPOINT	-291.6456	1.8	-311.9067	0	0.9688708	0	0.2475668	0.05981636	0.2537231	-0.0005108118	-280.762	1.8	-326.1246	
9.280023	COLLISION_NONE	NOT_SWITCH	NOT_RESET	NOT_WAYPOINT	-292.0487	1.8	-311.7972	0	0.9709944	0	0.2391025	0.05749893	0.2530823	-0.01072079	-280.762	1.8	-326.1246	
9.300023	COLLISION_NONE	NOT_SWITCH	NOT_RESET	NOT_WAYPOINT	-292.4503	1.8	-311.6819	0	0.9750194	0	0.2221199	0.0293026	0.2585754	-0.00836575	-280.762	1.8	-326.1246	
9.320024	COLLISION_NONE	NOT_SWITCH	NOT_RESET	NOT_WAYPOINT	-292.8474	1.8	-311.5551	0	0.9769206	0	0.2136029	0.03541756	0.2441101	-0.01224554	-280.762	1.8	-326.1246	
9.340024	COLLISION_NONE	NOT_SWITCH	NOT_RESET	NOT_WAYPOINT	-293.2425	1.8	-311.4217	0	0.9804997	0	0.1965207	0.03918266	0.2400818	-0.02714974	-280.762	1.8	-326.1246	
9.360024	COLLISION_NONE	NOT_SWITCH	NOT_RESET	NOT_WAYPOINT	-293.6324	1.8	-311.2755	0	0.9821773	0	0.1879569	0.04916954	0.2378235	-0.01485717	-280.762	1.8	-326.1246	
9.380025	COLLISION_NONE	NOT_SWITCH	NOT_RESET	NOT_WAYPOINT	-294.02	1.8	-311.1223	0	0.9837801	0	0.1793787	0.05053234	0.2355957	0.006556094	-280.762	1.8	-326.1246	
9.400025	COLLISION_NONE	NOT_SWITCH	NOT_RESET	NOT_WAYPOINT	-294.405	1.8	-310.9625	0	0.9853081	0	0.1707869	0.04564857	0.2315674	0.0007926226	-280.762	1.8	-326.1246	
9.420026	COLLISION_NONE	NOT_SWITCH	NOT_RESET	NOT_WAYPOINT	-294.7873	1.8	-310.7963	0	0.9867609	0	0.1621821	0.04812908	0.2142639	0.01232684	-280.762	1.8	-326.1246	
9.440026	COLLISION_NONE	NOT_SWITCH	NOT_RESET	NOT_WAYPOINT	-295.1667	1.8	-310.6237	0	0.9894411	0	0.144936	0.04272938	0.1991272	0.02184278	-280.762	1.8	-326.1246	
9.460027	COLLISION_NONE	NOT_SWITCH	NOT_RESET	NOT_WAYPOINT	-295.5395	1.8	-310.4386	0	0.9906682	0	0.1362961	0.03232479	0.184906	0.03964549	-280.762	1.8	-326.1246	
9.480027	COLLISION_NONE	NOT_SWITCH	NOT_RESET	NOT_WAYPOINT	-295.9091	1.8	-310.2466	0	0.9918199	0	0.1276458	0.03754234	0.1958313	0.03046703	-280.762	1.8	-326.1246	
9.500028	COLLISION_NONE	NOT_SWITCH	NOT_RESET	NOT_WAYPOINT	-296.2754	1.8	-310.048	0	0.9938965	0	0.1103167	0.03347397	0.1920776	0.02807653	-280.762	1.8	-326.1246	
9.520028	COLLISION_NONE	NOT_SWITCH	NOT_RESET	NOT_WAYPOINT	-296.6342	1.8	-309.8371	0	0.9948213	0	0.1016393	0.04181957	0.1927795	0.03332329	-280.762	1.8	-326.1246	
9.540029	COLLISION_NONE	NOT_SWITCH	NOT_RESET	NOT_WAYPOINT	-296.9895	1.8	-309.6196	0	0.9956704	0	0.09295405	0.04714489	0.1781006	0.02604568	-280.762	1.8	-326.1246	
9.560029	COLLISION_NONE	NOT_SWITCH	NOT_RESET	NOT_WAYPOINT	-297.341	1.8	-309.3958	0	0.9971411	0	0.07556305	0.06720066	0.2053223	0.03381926	-280.762	1.8	-326.1246	
9.580029	COLLISION_NONE	NOT_SWITCH	NOT_RESET	NOT_WAYPOINT	-297.6842	1.8	-309.1602	0	0.9977625	0	0.06685859	0.07026577	0.1865234	0.01659256	-280.762	1.8	-326.1246	
9.60003	COLLISION_NONE	NOT_SWITCH	NOT_RESET	NOT_WAYPOINT	-298.0234	1.8	-308.9184	0	0.9983079	0	0.05814903	0.0585928	0.1822205	0.012384	-280.762	1.8	-326.1246	
9.62003	COLLISION_NONE	NOT_SWITCH	NOT_RESET	NOT_WAYPOINT	-298.3584	1.8	-308.6706	0	0.9987774	0	0.04943505	0.06304932	0.1818542	0.000626266	-280.762	1.8	-326.1246	
9.640031	COLLISION_NONE	NOT_SWITCH	NOT_RESET	NOT_WAYPOINT	-298.6892	1.8	-308.4171	0	0.999488	0	0.03199645	0.07318783	0.1968079	-0.002800941	-280.762	1.8	-326.1246	
9.660031	COLLISION_NONE	NOT_SWITCH	NOT_RESET	NOT_WAYPOINT	-299.0107	1.8	-308.1527	0	0.9997292	0	0.02327316	0.06484127	0.2071533	-0.008869112	-280.762	1.8	-326.1246	
9.680032	COLLISION_NONE	NOT_SWITCH	NOT_RESET	NOT_WAYPOINT	-299.3276	1.8	-307.8824	0	0.9998942	0	0.01454811	0.06484127	0.2071533	-0.008869112	-280.762	1.8	-326.1246	
9.700032	COLLISION_NONE	NOT_SWITCH	NOT_RESET	NOT_WAYPOINT	-299.6398	1.8	-307.6064	0	0.9999958	0	-0.002904669	0.07019043	0.2020264	-0.03126532	-280.762	1.8	-326.1246	
9.720033	COLLISION_NONE	NOT_SWITCH	NOT_RESET	NOT_WAYPOINT	-299.942	1.8	-307.3202	0	0.9999323	0	-0.01163106	0.07284737	0.2130432	-0.03628635	-280.762	1.8	-326.1246	
9.740033	COLLISION_NONE	NOT_SWITCH	NOT_RESET	NOT_WAYPOINT	-300.2391	1.8	-307.0283	0	0.9997928	0	-0.02035656	0.07909489	0.2380066	-0.0575307	-280.762	1.8	-326.1246	
9.760034	COLLISION_NONE	NOT_SWITCH	NOT_RESET	NOT_WAYPOINT	-300.5313	1.8	-306.7311	0	0.9995771	0	-0.02908051	0.08059406	0.2529297	-0.05180794	-280.762	1.8	-326.1246	
9.780034	COLLISION_NONE	NOT_SWITCH	NOT_RESET	NOT_WAYPOINT	-300.8184	1.8	-306.429	0	0.9989173	0	-0.04652111	0.07382774	0.2622375	-0.06537092	-280.762	1.8	-326.1246	
9.800035	COLLISION_NONE	NOT_SWITCH	NOT_RESET	NOT_WAYPOINT	-301.0945	1.8	-306.1176	0	0.9984733	0	-0.05523643	0.06716537	0.2791443	-0.07951182	-280.762	1.8	-326.1246	
9.820035	COLLISION_NONE	NOT_SWITCH	NOT_RESET	NOT_WAYPOINT	-301.3652	1.8	-305.801	0	0.9979533	0	-0.06394754	0.07398891	0.2905273	-0.0818997	-280.762	1.8	-326.1246	
9.840035	COLLISION_NONE	NOT_SWITCH	NOT_RESET	NOT_WAYPOINT	-301.6305	1.8	-305.4796	0	0.9966853	0	-0.08135448	0.07718277	0.2990417	-0.0688774	-280.762	1.8	-326.1246	
9.860036	COLLISION_NONE	NOT_SWITCH	NOT_RESET	NOT_WAYPOINT	-301.8841	1.8	-305.1496	0	0.9959373	0	-0.09004899	0.08181	0.3048096	-0.09551185	-280.762	1.8	-326.1246	
9.880036	COLLISION_NONE	NOT_SWITCH	NOT_RESET	NOT_WAYPOINT	-302.132	1.8	-304.8148	0	0.9951136	0	-0.09873664	0.08365536	0.3045044	-0.1030861	-280.762	1.8	-326.1246	
9.900037	COLLISION_NONE	NOT_SWITCH	NOT_RESET	NOT_WAYPOINT	-302.3741	1.8	-304.4756	0	0.9932389	0	-0.1160887	0.08868599	0.2931213	-0.128484	-280.762	1.8	-326.1246	
9.920037	COLLISION_NONE	NOT_SWITCH	NOT_RESET	NOT_WAYPOINT	-302.604	1.8	-304.1287	0	0.992188	0	-0.1247519	0.09131813	0.2930298	-0.1326637	-280.762	1.8	-326.1246	
9.940038	COLLISION_NONE	NOT_SWITCH	NOT_RESET	NOT_WAYPOINT	-302.8279	1.8	-303.7773	0	0.9898596	0	-0.1420489	0.09597874	0.3054504	-0.1130876	-280.762	1.8	-326.1246	
9.960038	COLLISION_NONE	NOT_SWITCH	NOT_RESET	NOT_WAYPOINT	-303.0392	1.8	-303.4186	0	0.9885824	0	-0.1506816	0.1020203	0.3165894	-0.1188623	-280.762	1.8	-326.1246	
9.980039	COLLISION_NONE	NOT_SWITCH	NOT_RESET	NOT_WAYPOINT	-303.2442	1.8	-303.0559	0	0.9872298	0	-0.1593027	0.1049547	0.3132629	-0.1049393	-280.762	1.8	-326.1246	
10.00004	COLLISION_NONE	NOT_SWITCH	NOT_RESET	NOT_WAYPOINT	-303.4429	1.8	-302.6896	0	0.9842992	0	-0.176508	0.1100092	0.3103943	-0.09867692	-280.762	1.8	-326.1246	
10.02004	COLLISION_NONE	NOT_SWITCH	NOT_RESET	NOT_WAYPOINT	-303.6288	1.8	-302.3171	0	0.9827214	0	-0.1850908	0.09796715	0.3213501	-0.08959407	-280.762	1.8	-326.1246	
10.04004	COLLISION_NONE	NOT_SWITCH	NOT_RESET	NOT_WAYPOINT	-303.8082	1.8	-301.9411	0	0.9810688	0	-0.1936595	0.08857059	0.3066101	-0.08277303	-280.762	1.8	-326.1246	
10.06004	COLLISION_NONE	NOT_SWITCH	NOT_RESET	NOT_WAYPOINT	-303.981	1.8	-301.5619	0	0.9775396	0	-0.210752	0.1090984	0.3040161	-0.0872035	-280.762	1.8	-326.1246	
10.08004	COLLISION_NONE	NOT_SWITCH	NOT_RESET	NOT_WAYPOINT	-304.1406	1.8	-301.1774	0	0.9756632	0	-0.2192745	0.100255	0.2998047	-0.07773215	-280.762	1.8	-326.1246	
10.10004	COLLISION_NONE	NOT_SWITCH	NOT_RESET	NOT_WAYPOINT	-304.2933	1.8	-300.7898	0	0.9737126	0	-0.2277803	0.1183691	0.3111267	-0.09343326	-280.762	1.8	-326.1246	
10.12004	COLLISION_NONE	NOT_SWITCH	NOT_RESET	NOT_WAYPOINT	-304.4393	1.8	-300.3994	0	0.9695889	0	-0.2447393	0.1112404	0.303009	-0.1091574	-280.762	1.8	-326.1246	
10.14004	COLLISION_NONE	NOT_SWITCH	NOT_RESET	NOT_WAYPOINT	-304.5717	1.8	-300.0048	0	0.9674163	0	-0.2531911	0.1260242	0.3107605	-0.1238274	-280.762	1.8	-326.1246	
10.16004	COLLISION_NONE	NOT_SWITCH	NOT_RESET	NOT_WAYPOINT	-304.7118	1.8	-299.6304	0	0.96517	0	-0.2616237	0.1122236	0.2948608	-0.1195634	-280.762	1.8	-326.1246	
10.18004	COLLISION_NONE	NOT_SWITCH	NOT_RESET	NOT_WAYPOINT	-304.863	1.8	-299.2796	0	0.960457	0	-0.2784283	0.105175	0.2918701	-0.1033689	-280.762	1.8	-326.1246	
10.20004	COLLISION_NONE	NOT_SWITCH	NOT_RESET	NOT_WAYPOINT	-305.0128	1.8	-298.9731	0	0.9579908	0	-0.2867992	0.1058159	0.2989502	-0.1004757	-280.762	1.8	-326.1246	
10.22004	COLLISION_NONE	NOT_SWITCH	NOT_RESET	NOT_WAYPOINT	-305.162	1.8	-298.6887	0	0.9562461	0	-0.2925636	0.1072884	0.3139038	-0.09474009	-280.762	1.8	-326.1246	
10.24004	COLLISION_NONE	NOT_SWITCH	NOT_RESET	NOT_WAYPOINT	-305.3109	1.8	-298.4264	0	0.9554765	0	-0.2950675	0.1195354	0.3268127	-0.07331842	-280.762	1.8	-326.1246	
10.26005	COLLISION_NONE	NOT_SWITCH	NOT_RESET	NOT_WAYPOINT	-305.4586	1.8	-298.1678	0	0.954895	0	-0.296944	0.1222286	0.3233032	-0.07724333	-280.762	1.8	-326.1246	
10.28005	COLLISION_NONE	NOT_SWITCH	NOT_RESET	NOT_WAYPOINT	-305.6042	1.8	-297.9176	0	0.9547977	0	-0.2972566	0.1329536	0.3468323	-0.06344801	-280.762	1.8	-326.1246	
10.30005	COLLISION_NONE	NOT_SWITCH	NOT_RESET	NOT_WAYPOINT	-305.7491	1.8	-297.68	0	0.9547246	0	-0.2974911	0.1343117	0.3234253	-0.08715922	-280.762	1.8	-326.1246	
10.32005	COLLISION_NONE	NOT_SWITCH	NOT_RESET	NOT_WAYPOINT	-305.8936	1.8	-297.4897	0	0.9547125	0	-0.2975301	0.1202374	0.3329773	-0.1026492	-280.762	1.8	-326.1246	
10.34005	COLLISION_NONE	NOT_SWITCH	NOT_RESET	NOT_WAYPOINT	-306.0403	1.8	-297.3618	0	0.9547064	0	-0.2975497	0.1239767	0.3435059	-0.1186384	-280.762	1.8	-326.1246	
10.36005	COLLISION_NONE	NOT_SWITCH	NOT_RESET	NOT_WAYPOINT	-306.1729	1.8	-297.3498	0	0.9547018	0	-0.2975643	0.1004906	0.3291626	-0.1410491	-280.762	1.8	-326.1246	
10.38005	COLLISION_NONE	NOT_SWITCH	NOT_RESET	NOT_WAYPOINT	-306.271	1.8	-297.571	0	0.9547011	0	-0.2975668	0.1004906	0.3291626	-0.1410491	-280.762	1.8	-326.1246	
10.40005	COLLISION_NONE	NOT_SWITCH	NOT_RESET	NOT_WAYPOINT	-306.3488	1.8	-297.8672	0	0.9547004	0	-0.2975686	0.1166077	0.3346252	-0.1342893	-280.762	1.8	-326.1246	
10.42005	COLLISION_NONE	NOT_SWITCH	NOT_RESET	NOT_WAYPOINT	-306.3928	1.8	-298.2009	0	0.9547004	0	-0.2975689	0.1200581	0.3313293	-0.1348039	-280.762	1.8	-326.1246	
10.44005	COLLISION_NONE	NOT_SWITCH	NOT_RESET	NOT_WAYPOINT	-306.4315	1.8	-298.5359	0	0.9547003	0	-0.2975691	0.1079025	0.3235474	-0.1243214	-280.762	1.8	-326.1246	
10.46005	COLLISION_NONE	NOT_SWITCH	NOT_RESET	NOT_WAYPOINT	-306.448	1.8	-298.8846	0	0.9547003	0	-0.2975691	0.1083736	0.3159485	-0.1382088	-280.762	1.8	-326.1246	
10.48005	COLLISION_NONE	NOT_SWITCH	NOT_RESET	NOT_WAYPOINT	-306.4597	1.8	-299.2377	0	0.9547003	0	-0.2975691	0.1104097	0.3414001	-0.129822	-280.762	1.8	-326.1246	
10.50005	COLLISION_NONE	NOT_SWITCH	NOT_RESET	NOT_WAYPOINT	-306.4664	1.8	-299.5944	0	0.9547003	0	-0.2975691	0.09918404	0.3269653	-0.1154422	-280.762	1.8	-326.1246	
10.52005	COLLISION_NONE	NOT_SWITCH	NOT_RESET	NOT_WAYPOINT	-306.4675	1.8	-299.955	0	0.9547003	0	-0.2975691	0.09660149	0.3039856	-0.1418539	-280.762	1.8	-326.1246	
10.54005	COLLISION_NONE	NOT_SWITCH	NOT_RESET	NOT_WAYPOINT	-306.4536	1.8	-300.3259	0	0.9547003	0	-0.2975691	0.09814835	0.3044434	-0.1350543	-280.762	1.8	-326.1246	
10.56005	COLLISION_NONE	NOT_SWITCH	NOT_RESET	NOT_WAYPOINT	-306.441	1.8	-300.6962	0	0.9547003	0	-0.2975691	0.09002113	0.3149414	-0.123258	-280.762	1.8	-326.1246	
10.58005	COLLISION_NONE	NOT_SWITCH	NOT_RESET	NOT_WAYPOINT	-306.4286	1.8	-301.067	0	0.9547003	0	-0.2975691	0.09352779	0.3116455	-0.1237962	-280.762	1.8	-326.1246	
