#Surfing Trial Path#
#TimeStamp#	#PositionX#	#PositionY#	#PositionZ#	#OrientationX#	#OrientationY#	#OrientationZ#	#OrientationW#	
0	-276.1784	1.8	-330.7358	-0.001355224	0.9509585	0.004166869	0.3092877
0.02	-276.1784	1.8	-330.7358	-0.001355224	0.9509585	0.004166869	0.3092877
0.04	-276.1784	1.8	-330.7358	-0.001355224	0.9509585	0.004166869	0.3092877
0.06	-276.1784	1.8	-330.7358	-0.001355224	0.9509585	0.004166869	0.3092877
0.08	-277.0879	1.992107	-330.3672	-0.00221588	0.9566441	0.007280554	0.2911603
0.09999999	-277.0879	1.992107	-330.3672	-0.00221588	0.9566441	0.007280554	0.2911603
0.12	-277.9974	2.184214	-329.9985	-0.002795727	0.9619426	0.009848858	0.27306
0.14	-278.9069	2.37632	-329.6299	-0.003215298	0.966859	0.01219117	0.2549994
0.16	-279.8163	2.568427	-329.2612	-0.003515094	0.9713993	0.01440813	0.2369883
0.18	-279.8163	2.568427	-329.2612	-0.003515094	0.9713993	0.01440813	0.2369883
0.2	-280.7258	2.760534	-328.8926	-0.003719674	0.9755693	0.01656723	0.2190347
0.22	-281.6353	2.95264	-328.5239	-0.003840917	0.9793752	0.01870136	0.2011458
0.24	-281.6353	2.95264	-328.5239	-0.003840917	0.9793752	0.01870136	0.2011458
0.26	-282.5448	3.144747	-328.1553	-0.003884724	0.9828235	0.02082605	0.183328
0.28	-283.4543	3.336853	-327.7866	-0.003854183	0.9859205	0.02294809	0.1655875
0.3	-284.3638	3.52896	-327.418	-0.003751088	0.9886729	0.02506997	0.1479299
0.32	-285.2733	3.721066	-327.0493	-0.00357664	0.9910873	0.02719196	0.1303606
0.34	-285.2733	3.721066	-327.0493	-0.00357664	0.9910873	0.02719196	0.1303606
0.36	-286.1827	3.913172	-326.6807	-0.00332904	0.9931707	0.02928916	0.1128849
0.38	-287.0922	4.105278	-326.312	-0.003015657	0.9949283	0.03141489	0.09550768
0.4	-288.0017	4.297384	-325.9434	-0.00263305	0.9963675	0.03353402	0.07823356
0.42	-288.9112	4.48949	-325.5747	-0.002180806	0.9974955	0.03562229	0.06106693
0.4400001	-288.9112	4.48949	-325.5747	-0.002180806	0.9974955	0.03562229	0.06106693
0.4600001	-289.8207	4.681596	-325.2061	-0.001663543	0.9983168	0.03773375	0.04401213
0.4800001	-290.7302	4.873702	-324.8374	-0.001079665	0.998839	0.03983339	0.02707306
0.5000001	-291.6397	5.065808	-324.4688	-0.0004302417	0.9990682	0.04192144	0.01025348
0.52	-292.5492	5.257914	-324.1001	0.0002837647	0.9990109	0.04399729	-0.006443215
0.54	-292.5492	5.257914	-324.1001	0.0002837647	0.9990109	0.04399729	-0.006443215
0.56	-293.4587	5.450019	-323.7314	0.001061406	0.998673	0.04605987	-0.02301348
0.58	-293.4587	5.450019	-323.7314	0.001061406	0.998673	0.04605987	-0.02301348
0.6	-294.3682	5.642126	-323.3628	0.001817044	0.9981613	0.04601217	-0.0394179
0.6199999	-295.2777	5.834231	-322.9941	0.002565523	0.9973878	0.04598303	-0.05564708
0.6399999	-296.1872	6.026337	-322.6255	0.003306623	0.9963619	0.04595048	-0.07169878
0.6599999	-296.1872	6.026337	-322.6255	0.003306623	0.9963619	0.04595048	-0.07169878
0.6799999	-297.0967	6.218443	-322.2568	0.004038769	0.9950924	0.04589356	-0.08757107
0.6999999	-298.0062	6.410549	-321.8882	0.004762524	0.9935866	0.04582492	-0.1032622
0.7199998	-298.9157	6.602654	-321.5195	0.005477823	0.9918523	0.04574534	-0.1187704
0.7399998	-298.9157	6.602654	-321.5195	0.005477823	0.9918523	0.04574534	-0.1187704
0.7599998	-299.8252	6.79476	-321.1509	0.006184609	0.989897	0.04565536	-0.1340944
0.7799998	-300.7347	6.986866	-320.7822	0.006882831	0.9877281	0.04555543	-0.1492328
0.7999998	-301.6442	7.178972	-320.4136	0.007572445	0.9853531	0.04544593	-0.1641848
0.8199998	-301.6442	7.178972	-320.4136	0.007572445	0.9853531	0.04544593	-0.1641848
0.8399997	-302.5537	7.371078	-320.0449	0.008253423	0.9827789	0.04532724	-0.1789496
0.8599997	-303.4632	7.563184	-319.6763	0.008925729	0.9800127	0.04519966	-0.1935264
0.8799997	-304.3727	7.755291	-319.3076	0.009591742	0.9770608	0.0450748	-0.2079147
0.8999997	-305.2822	7.947396	-318.939	0.01024682	0.9739309	0.04493041	-0.2221144
0.9199997	-305.2822	7.947396	-318.939	0.01024682	0.9739309	0.04493041	-0.2221144
0.9399996	-306.1917	8.139503	-318.5703	0.01089318	0.9706293	0.0447781	-0.2361252
0.9599996	-307.1012	8.331608	-318.2017	0.0115337	0.9671617	0.0446293	-0.2499469
0.9799996	-308.0107	8.523713	-317.833	0.01216278	0.9635357	0.04446197	-0.2635798
0.9999996	-308.0107	8.523713	-317.833	0.01216278	0.9635357	0.04446197	-0.2635798
1.02	-308.9202	8.715819	-317.4644	0.01278317	0.9597567	0.0442876	-0.2770241
1.04	-309.8297	8.907926	-317.0957	0.01339485	0.9558309	0.04410644	-0.2902799
1.06	-310.7392	9.100031	-316.7271	0.01399787	0.9517643	0.04391879	-0.303348
1.08	-310.7392	9.100031	-316.7271	0.01399787	0.9517643	0.04391879	-0.303348
1.1	-311.6487	9.292136	-316.3584	0.01459225	0.9475625	0.0437249	-0.3162287
1.12	-312.5582	9.484242	-315.9897	0.01518181	0.9432306	0.0435359	-0.3289227
1.14	-313.4677	9.676347	-315.6211	0.01575914	0.9387753	0.04333025	-0.341431
1.159999	-313.4677	9.676347	-315.6211	0.01575914	0.9387753	0.04333025	-0.341431
1.179999	-314.3772	9.868453	-315.2524	0.01632794	0.9342013	0.04311914	-0.3537543
1.199999	-315.2867	10.06056	-314.8838	0.01688823	0.9295139	0.04290279	-0.3658935
1.219999	-314.3772	9.86846	-315.2524	0.01744008	0.9247183	0.04268143	-0.3778495
1.239999	-314.3772	9.86846	-315.2524	0.01744008	0.9247183	0.04268143	-0.3778495
1.259999	-315.2867	10.06055	-314.8838	0.01798354	0.9198192	0.04245532	-0.3896239
1.279999	-314.3772	9.868466	-315.2524	0.01851865	0.9148217	0.04222465	-0.4012173
1.299999	-315.2867	10.06055	-314.8838	0.01904547	0.9097306	0.04198966	-0.4126312
1.319999	-314.3772	9.868472	-315.2524	0.01956406	0.9045501	0.04175055	-0.4238669
1.339999	-314.3772	9.868472	-315.2524	0.01956406	0.9045501	0.04175055	-0.4238669
1.359999	-315.2867	10.06055	-314.8838	0.02007449	0.8992853	0.04150755	-0.4349256
1.379999	-314.3772	9.868478	-315.2524	0.02057682	0.8939399	0.04126083	-0.4458089
1.399999	-315.2867	10.06055	-314.8838	0.02107113	0.8885186	0.0410106	-0.4565183
1.419999	-314.3772	9.868482	-315.2524	0.02155747	0.8830252	0.04075705	-0.4670553
1.439999	-315.2867	10.06054	-314.8838	0.02203592	0.8774641	0.04050037	-0.4774211
1.459999	-315.2867	10.06054	-314.8838	0.02296946	0.8661535	0.03997831	-0.4976467
1.479999	-314.3772	9.868487	-315.2524	0.0234247	0.8604115	0.03971328	-0.5075099
1.499999	-315.2867	10.06054	-314.8838	0.02387235	0.8546165	0.03944581	-0.5172086
1.519999	-314.3772	9.868489	-315.2524	0.02429971	0.8487731	0.03915542	-0.5267454
1.539999	-314.3772	9.868491	-315.2524	0.0251626	0.8369488	0.03861799	-0.5453367
1.559999	-315.2867	10.06054	-314.8838	0.02558148	0.8309758	0.03834372	-0.5543957
1.579999	-314.3772	9.868493	-315.2524	0.02599278	0.8249661	0.03806708	-0.5632995
1.599999	-315.2867	10.06054	-314.8838	0.02639677	0.8189229	0.03778854	-0.5720495
1.619999	-314.3772	9.868495	-315.2524	0.02677953	0.8128498	0.03748867	-0.5806485
1.639999	-315.2867	10.06054	-314.8838	0.02717301	0.8067477	0.03721249	-0.5890968
1.659999	-314.3772	9.868495	-315.2524	0.02755782	0.8006204	0.03693247	-0.5973973
1.679999	-315.2867	10.06054	-314.8838	0.02793497	0.7944707	0.03665008	-0.6055517
1.699999	-315.2867	10.06054	-314.8838	0.0286682	0.7821135	0.03608098	-0.6214297
1.719999	-314.3772	9.868495	-315.2524	0.02902482	0.7759107	0.03579498	-0.6291572
1.739999	-315.2867	10.06054	-314.8838	0.02937498	0.7696953	0.03550833	-0.636746
1.759999	-314.3772	9.868495	-315.2524	0.0297188	0.7634692	0.03522113	-0.6441981
1.779999	-315.2867	10.06054	-314.8838	0.03004054	0.7572353	0.03491512	-0.6515161
1.799999	-315.2867	10.06054	-314.8838	0.03070343	0.7447482	0.03434652	-0.6657536
1.819999	-314.3772	9.868495	-315.2524	0.03102384	0.7384999	0.03405955	-0.6726778
1.839999	-315.2867	10.06054	-314.8838	0.03133787	0.732251	0.03377195	-0.6794747
1.859999	-314.3772	9.868495	-315.2524	0.03165374	0.7260029	0.03349245	-0.6861459
1.879999	-315.2867	10.06054	-314.8838	0.03195595	0.719758	0.0332045	-0.6926938
1.899999	-315.2867	10.06054	-314.8838	0.03254345	0.7072836	0.03262912	-0.7054263
1.919999	-314.3772	9.868495	-315.2524	0.03282896	0.7010567	0.03234188	-0.7116148
1.939999	-315.2867	10.06054	-314.8838	0.03310908	0.6948395	0.03205507	-0.7176868
1.959999	-314.3772	9.868495	-315.2524	0.03339226	0.6886324	0.03177667	-0.723644
1.979999	-314.3772	9.868495	-315.2524	0.03392656	0.6762565	0.03120559	-0.7352226
1.999999	-315.2867	10.06054	-314.8838	0.03418611	0.6700899	0.03092103	-0.7408473
2.019999	-314.3772	9.868495	-315.2524	0.0344407	0.663939	0.0306372	-0.7463647
2.039999	-315.2867	10.06054	-314.8838	0.03469043	0.657805	0.03035415	-0.7517765
2.059999	-314.3772	9.868495	-315.2524	0.03493534	0.6516894	0.03007195	-0.757084
2.079999	-314.3772	9.868495	-315.2524	0.0354111	0.6395168	0.02951025	-0.7673941
2.099999	-315.2867	10.06054	-314.8838	0.03565099	0.6334614	0.02923814	-0.7723994
2.119999	-314.3772	9.868495	-315.2524	0.03587754	0.6274285	0.02895968	-0.7773079
2.139999	-315.2867	10.06054	-314.8838	0.03609968	0.6214189	0.0286823	-0.7821206
2.159999	-314.3772	9.868495	-315.2524	0.03629834	0.6154341	0.02839107	-0.7868401
2.179999	-314.3772	9.868495	-315.2524	0.0367286	0.6035379	0.02784808	-0.796001
2.199999	-315.2867	10.06054	-314.8838	0.03693501	0.597629	0.02757639	-0.8004467
2.219999	-314.3772	9.868495	-315.2524	0.03713675	0.5917473	0.02730547	-0.8048046
2.239999	-315.2867	10.06054	-314.8838	0.03733418	0.5858932	0.02703558	-0.8090762
2.259999	-314.3772	9.868495	-315.2524	0.03752754	0.5800677	0.02676688	-0.8132631
2.279999	-314.3772	9.868495	-315.2524	0.03790253	0.5685059	0.02623346	-0.8213868
2.299999	-315.2867	10.06054	-314.8838	0.0380844	0.5627697	0.02596878	-0.8253275
2.319999	-314.3772	9.868495	-315.2524	0.03826259	0.5570643	0.02570551	-0.8291891
2.339998	-315.2867	10.06054	-314.8838	0.03843721	0.5513899	0.02544367	-0.8329732
2.359998	-314.3772	9.868495	-315.2524	0.03860833	0.545747	0.02518328	-0.8366812
2.379998	-314.3772	9.868495	-315.2524	0.03894022	0.534558	0.02466697	-0.8438737
2.399998	-315.2867	10.06054	-314.8838	0.03910114	0.5290129	0.02441109	-0.847361
2.419998	-314.3772	9.868495	-315.2524	0.03925879	0.5235008	0.02415674	-0.8507774
2.439998	-315.2867	10.06054	-314.8838	0.03941322	0.5180224	0.02390394	-0.8541241
2.459998	-314.3772	9.868495	-315.2524	0.0395645	0.5125781	0.02365271	-0.8574024
2.479998	-314.3772	9.868495	-315.2524	0.03986777	0.5017921	0.02316079	-0.8637586
2.499998	-315.2867	10.06054	-314.8838	0.04000997	0.496451	0.02291427	-0.8668394
2.519998	-314.3772	9.868495	-315.2524	0.04014923	0.491145	0.02266936	-0.8698567
2.539998	-315.2867	10.06054	-314.8838	0.04028562	0.4858744	0.02242609	-0.8728117
2.559998	-315.2867	10.06054	-314.8838	0.04054999	0.4754396	0.02194446	-0.8785394
2.579998	-314.3772	9.868495	-315.2524	0.04067808	0.4702754	0.0217061	-0.8813145
2.599998	-315.2867	10.06054	-314.8838	0.04080351	0.4651468	0.02146938	-0.884032
2.619998	-314.3772	9.868495	-315.2524	0.04092633	0.4600543	0.02123433	-0.8866928
2.639998	-315.2867	10.06054	-314.8838	0.04104658	0.4549979	0.02100095	-0.8892981
2.659998	-315.2867	10.06054	-314.8838	0.04127956	0.4449941	0.02053921	-0.8943458
2.679998	-314.3772	9.868495	-315.2524	0.04139239	0.4400468	0.02031087	-0.8967903
2.699998	-315.2867	10.06054	-314.8838	0.04150285	0.4351359	0.0200842	-0.8991835
2.719998	-314.3772	9.868495	-315.2524	0.04161097	0.4302613	0.01985921	-0.9015261
2.739998	-315.2867	10.06054	-314.8838	0.04171681	0.4254233	0.0196359	-0.9038192
2.759998	-315.2867	10.06054	-314.8838	0.0419218	0.4158571	0.01919436	-0.9082604
2.779998	-314.3772	9.868495	-315.2524	0.04202104	0.4111289	0.01897613	-0.9104105
2.799998	-315.2867	10.06054	-314.8838	0.04211814	0.4064382	0.01875963	-0.9125142
2.819998	-314.3772	9.868495	-315.2524	0.04221318	0.4017838	0.01854479	-0.9145731
2.839998	-315.2867	10.06054	-314.8838	0.04230618	0.3971656	0.01833163	-0.9165881
2.859998	-315.2867	10.06054	-314.8838	0.04248624	0.3880382	0.01791035	-0.9204893
2.879998	-314.3772	9.868495	-315.2524	0.04255095	0.3835295	0.0176929	-0.9223782
2.899998	-315.2867	10.06054	-314.8838	0.04264208	0.3790565	0.01748898	-0.9242251
2.919998	-314.3772	9.868495	-315.2524	0.04272842	0.3746197	0.01728548	-0.9260322
2.939998	-315.2867	10.06054	-314.8838	0.04281149	0.370219	0.01708302	-0.9278002
2.959998	-315.2867	10.06054	-314.8838	0.04295382	0.361526	0.01667584	-0.9312228
2.979998	-314.3772	9.868495	-315.2524	0.04303334	0.3572329	0.01647903	-0.932878
2.999998	-315.2867	10.06054	-314.8838	0.04310963	0.3529755	0.01628324	-0.9344971
3.019998	-314.3772	9.868495	-315.2524	0.04318348	0.3487536	0.01608878	-0.9360808
3.039998	-314.3772	9.868495	-315.2524	0.04332544	0.3404158	0.01570435	-0.939145
3.059998	-315.2867	10.06054	-314.8838	0.0433939	0.3362998	0.0155145	-0.9406268
3.079998	-314.3772	9.868495	-315.2524	0.0434608	0.3322186	0.01532624	-0.9420759
3.099998	-315.2867	10.06054	-314.8838	0.04352621	0.3281722	0.01513958	-0.9434931
3.119998	-314.3772	9.868495	-315.2524	0.04359015	0.3241602	0.0149545	-0.9448791
3.139998	-315.2867	10.06054	-314.8838	0.04365268	0.3201826	0.014771	-0.9462343
3.159998	-314.3772	9.868495	-315.2524	0.04371382	0.3162393	0.01458909	-0.9475595
3.179998	-314.3772	9.868495	-315.2524	0.04383203	0.3084554	0.01422999	-0.9501219
3.199998	-315.2867	10.06054	-314.8838	0.04388917	0.3046142	0.01405279	-0.9513603
3.219998	-314.3772	9.868495	-315.2524	0.043956	0.3008062	0.01388058	-0.9525707
3.239998	-315.2867	10.06054	-314.8838	0.04401061	0.2970322	0.01370643	-0.9537542
3.259998	-314.3772	9.868495	-315.2524	0.044064	0.2932912	0.0135338	-0.9549113
3.279998	-314.3772	9.868495	-315.2524	0.04417822	0.2859088	0.01319645	-0.9571469
3.299998	-315.2867	10.06054	-314.8838	0.04422807	0.2822679	0.0130284	-0.958227
3.319998	-314.3772	9.868495	-315.2524	0.0442768	0.2786592	0.01286184	-0.9592826
3.339998	-315.2867	10.06054	-314.8838	0.04432441	0.275083	0.01269677	-0.9603143
3.359998	-315.2867	10.06054	-314.8838	0.04441642	0.2680263	0.01237106	-0.9623077
3.379997	-314.3772	9.868495	-315.2524	0.04446085	0.2645457	0.01221041	-0.9632704
3.399997	-315.2867	10.06054	-314.8838	0.04450427	0.2610963	0.0120512	-0.964211
3.419997	-314.3772	9.868495	-315.2524	0.04454668	0.2576786	0.01189345	-0.96513
3.439997	-315.2867	10.06054	-314.8838	0.04458813	0.254292	0.01173714	-0.9660279
3.459997	-315.2867	10.06054	-314.8838	0.04466816	0.2476113	0.01142878	-0.9677618
3.479997	-314.3772	9.868495	-315.2524	0.04470679	0.2443168	0.01127672	-0.9685987
3.499997	-315.2867	10.06054	-314.8838	0.04472095	0.2410529	0.0111202	-0.9694173
3.519997	-314.3772	9.868495	-315.2524	0.04476399	0.2378187	0.01097252	-0.9702155
3.539997	-315.2867	10.06054	-314.8838	0.04480308	0.2346143	0.01082543	-0.9709952
3.559997	-315.2867	10.06054	-314.8838	0.04487487	0.2282947	0.01053438	-0.9725003
3.579997	-314.3772	9.868495	-315.2524	0.04490877	0.2251784	0.01039068	-0.9732265
3.599997	-315.2867	10.06054	-314.8838	0.04494168	0.2220915	0.01024828	-0.9739356
3.619997	-314.3772	9.868495	-315.2524	0.04497373	0.2190334	0.01010719	-0.974628
3.639997	-315.2867	10.06054	-314.8838	0.04500497	0.2160034	0.009967383	-0.9753039
3.659997	-315.2867	10.06054	-314.8838	0.04506518	0.2100282	0.009691668	-0.9766081
3.679997	-314.3772	9.868495	-315.2524	0.04509421	0.2070826	0.009555742	-0.9772369
3.699997	-315.2867	10.06054	-314.8838	0.04512254	0.2041643	0.009421083	-0.9778508
3.719997	-314.3772	9.868495	-315.2524	0.04515018	0.2012739	0.009287707	-0.9784498
3.739997	-315.2867	10.06054	-314.8838	0.04517715	0.198411	0.009155597	-0.9790344
3.759997	-315.2867	10.06054	-314.8838	0.04522917	0.1927657	0.008895098	-0.9801615
3.779997	-314.3772	9.868495	-315.2524	0.04525423	0.1899833	0.008766706	-0.9807046
3.799997	-315.2867	10.06054	-314.8838	0.04525483	0.1872273	0.008634968	-0.9812357
3.819997	-314.3772	9.868495	-315.2524	0.04528495	0.1844973	0.008510241	-0.9817523
3.839997	-314.3772	9.868495	-315.2524	0.04534693	0.1791155	0.008264927	-0.9827477
3.859997	-315.2867	10.06054	-314.8838	0.04536986	0.1764628	0.008142664	-0.9832274
3.879997	-314.3772	9.868495	-315.2524	0.04539184	0.1738357	0.00802151	-0.9836953
3.899997	-315.2867	10.06054	-314.8838	0.04541309	0.1712339	0.007901487	-0.9841515
3.919997	-314.3772	9.868495	-315.2524	0.04543371	0.168657	0.007782592	-0.9845964
3.939997	-314.3772	9.868495	-315.2524	0.04544936	0.1635772	0.007544214	-0.9854542
3.959997	-315.2867	10.06054	-314.8838	0.04547469	0.1610739	0.007429796	-0.9858661
3.979997	-314.3772	9.868495	-315.2524	0.04549639	0.1585945	0.007315942	-0.9862679
3.999997	-315.2867	10.06054	-314.8838	0.04551604	0.1561391	0.007202925	-0.9866595
4.019997	-314.3772	9.868495	-315.2524	0.04553445	0.1537075	0.007090873	-0.9870412
4.039997	-314.3772	9.868495	-315.2524	0.0455449	0.1489147	0.006866235	-0.9877768
4.059997	-315.2867	10.06054	-314.8838	0.04556761	0.1465529	0.006758289	-0.9881297
4.079997	-314.3772	9.868495	-315.2524	0.04558669	0.144214	0.0066509	-0.9884736
4.099997	-315.2867	10.06054	-314.8838	0.04560375	0.1418979	0.006544317	-0.9888086
4.119997	-314.3772	9.868495	-315.2524	0.04561961	0.1396044	0.006438653	-0.989135
4.139997	-314.3772	9.868495	-315.2524	0.04566055	0.1350837	0.006231797	-0.9897619
4.159997	-315.2867	10.06054	-314.8838	0.04567456	0.1328564	0.006129061	-0.9900634
4.179997	-314.3772	9.868495	-315.2524	0.04568815	0.1306507	0.00602731	-0.9903569
4.199997	-315.2867	10.06054	-314.8838	0.04570135	0.1284667	0.005926561	-0.9906425
4.219997	-314.3772	9.868495	-315.2524	0.04571419	0.1263039	0.005826784	-0.9909206
4.239997	-314.3772	9.868495	-315.2524	0.04573883	0.1220414	0.005630145	-0.9914546
4.259997	-315.2867	10.06054	-314.8838	0.04575066	0.1199411	0.005533252	-0.9917108
4.279997	-314.3772	9.868495	-315.2524	0.04577358	0.1178615	0.005438674	-0.9919596
4.299997	-315.2867	10.06054	-314.8838	0.04578478	0.1158023	0.005343652	-0.9922021
4.319997	-314.3772	9.868495	-315.2524	0.04579566	0.1137634	0.005249567	-0.992438
4.339997	-314.3772	9.868495	-315.2524	0.04581653	0.1097452	0.00506415	-0.9928904
4.359997	-315.2867	10.06054	-314.8838	0.04582654	0.1077658	0.004972809	-0.9931071
4.379997	-314.3772	9.868495	-315.2524	0.0458477	0.1058057	0.004883584	-0.9933174
4.399997	-315.2867	10.06054	-314.8838	0.04585716	0.103865	0.004794007	-0.9935222
4.419997	-315.2867	10.06054	-314.8838	0.04587527	0.1000406	0.004617488	-0.9939145
4.439997	-314.3772	9.868495	-315.2524	0.04588394	0.09815651	0.004530527	-0.9941024
4.459997	-315.2867	10.06054	-314.8838	0.04589236	0.09629081	0.004444413	-0.9942848
4.479997	-314.3772	9.868495	-315.2524	0.04590053	0.09444374	0.00435916	-0.994462
4.499997	-315.2867	10.06054	-314.8838	0.04590847	0.09261508	0.004274756	-0.9946339
4.519997	-315.2867	10.06054	-314.8838	0.04588164	0.0890118	0.004104676	-0.9949648
4.539997	-315.2867	10.06054	-314.8838	0.04588164	0.0890118	0.004104676	-0.9949648
4.559997	-315.2867	10.06054	-314.8838	0.04591024	0.08548091	0.003943086	-0.9952737
4.579997	-314.3772	9.868495	-315.2524	0.04591945	0.08374142	0.003863047	-0.9954215
4.599997	-315.2867	10.06054	-314.8838	0.04592726	0.08201902	0.00378369	-0.9955648
4.619997	-314.3772	9.868495	-315.2524	0.04593427	0.08031369	0.003705068	-0.9957038
4.639997	-315.2867	10.06054	-314.8838	0.04594078	0.07862522	0.003627199	-0.9958385
4.659997	-315.2867	10.06054	-314.8838	0.04595286	0.07530034	0.00347383	-0.9960954
4.679996	-314.3772	9.868495	-315.2524	0.04595855	0.0736623	0.003398265	-0.9962179
4.699996	-315.2867	10.06054	-314.8838	0.04596404	0.07204043	0.003323444	-0.9963365
4.719996	-314.3772	9.868495	-315.2524	0.04596935	0.07043453	0.00324936	-0.9964513
4.739996	-315.2867	10.06054	-314.8838	0.04597448	0.06884461	0.003176013	-0.9965625
4.759996	-315.2867	10.06054	-314.8838	0.04598423	0.065712	0.003031496	-0.9967739
4.779996	-314.3772	9.868495	-315.2524	0.04598887	0.06416911	0.002960318	-0.9968744
4.799996	-315.2867	10.06054	-314.8838	0.04599336	0.06264127	0.002889834	-0.9969716
4.819996	-314.3772	9.868495	-315.2524	0.04599769	0.06112874	0.002820056	-0.9970655
4.839996	-315.2867	10.06054	-314.8838	0.04600187	0.05963222	0.002751017	-0.9971561
4.859996	-315.2867	10.06054	-314.8838	0.04603278	0.05668345	0.00261629	-0.997327
4.879996	-314.3772	9.868495	-315.2524	0.04603654	0.05523031	0.002549218	-0.9974085
4.899996	-315.2867	10.06054	-314.8838	0.04604017	0.05379156	0.002482811	-0.9974872
4.919996	-314.3772	9.868495	-315.2524	0.04604366	0.0523672	0.002417068	-0.9975629
4.939996	-315.2867	10.06054	-314.8838	0.04604704	0.05095701	0.002351979	-0.997636
4.959996	-315.2867	10.06054	-314.8838	0.04605341	0.04817867	0.002223742	-0.997774
4.979996	-314.3772	9.868495	-315.2524	0.04605641	0.04680982	0.002160561	-0.9978392
4.999996	-315.2867	10.06054	-314.8838	0.04605931	0.04545444	0.002098002	-0.9979018
5.019996	-314.3772	9.868495	-315.2524	0.04606209	0.04411278	0.002036076	-0.9979621
5.039996	-314.3772	9.868495	-315.2524	0.04606732	0.04146919	0.001914058	-0.9980754
5.059996	-315.2867	10.06054	-314.8838	0.04606977	0.04016729	0.001853967	-0.9981286
5.079996	-314.3772	9.868495	-315.2524	0.04607213	0.03887839	0.001794477	-0.9981797
5.099996	-315.2867	10.06054	-314.8838	0.04607439	0.03760229	0.001735577	-0.9982285
5.119996	-314.3772	9.868495	-315.2524	0.04607655	0.03633898	0.001677267	-0.9982753
5.139996	-314.3772	9.868495	-315.2524	0.04608059	0.03385002	0.001562387	-0.9983628
5.159996	-315.2867	10.06054	-314.8838	0.04608247	0.03262367	0.001505783	-0.9984037
5.179996	-314.3772	9.868495	-315.2524	0.04608427	0.03140965	0.001449749	-0.9984426
5.199996	-315.2867	10.06054	-314.8838	0.04608598	0.03020773	0.001394273	-0.9984797
5.219996	-314.3772	9.868495	-315.2524	0.0460876	0.0290179	0.001339355	-0.998515
5.239996	-314.3772	9.868495	-315.2524	0.04609063	0.02667385	0.001231162	-0.9985803
5.259996	-315.2867	10.06054	-314.8838	0.04609201	0.02551938	0.001177876	-0.9986105
5.279996	-314.3772	9.868495	-315.2524	0.04609333	0.0243763	0.001125116	-0.998639
5.299996	-315.2867	10.06054	-314.8838	0.04609458	0.02324487	0.001072894	-0.998666
5.319996	-314.3772	9.868495	-315.2524	0.04609575	0.02212459	0.001021186	-0.9986915
5.339996	-314.3772	9.868495	-315.2524	0.0460979	0.01991776	0.0009193272	-0.9987379
5.359996	-315.2867	10.06054	-314.8838	0.04609887	0.01883075	0.0008691547	-0.998759
5.379996	-314.3772	9.868495	-315.2524	0.04609978	0.0177549	0.0008194976	-0.9987787
5.399996	-315.2867	10.06054	-314.8838	0.04610063	0.01668951	0.0007703233	-0.9987971
5.419996	-314.3772	9.868495	-315.2524	0.04610142	0.01563505	0.0007216536	-0.9988142
5.439996	-314.3772	9.868495	-315.2524	0.04610281	0.01355752	0.0006257627	-0.9988445
5.459996	-315.2867	10.06054	-314.8838	0.04610343	0.01253445	0.0005785419	-0.9988579
5.479996	-314.3772	9.868495	-315.2524	0.046104	0.01152161	0.000531793	-0.9988701
5.499996	-315.2867	10.06054	-314.8838	0.04608022	0.010519	0.0004852604	-0.9988822
5.519996	-314.3772	9.868495	-315.2524	0.04608707	0.009526377	0.0004395298	-0.9988919
5.539996	-315.2867	10.06054	-314.8838	0.04609067	0.008543747	0.0003942204	-0.9989007
5.559996	-314.3772	9.868495	-315.2524	0.04609263	0.007570873	0.0003493428	-0.9989085
5.579996	-315.2867	10.06054	-314.8838	0.04609375	0.006607757	0.0003049071	-0.9989152
5.599996	-315.2867	10.06054	-314.8838	0.04609485	0.004710326	0.0002173552	-0.998926
5.619996	-314.3772	9.868495	-315.2524	0.04609513	0.003776012	0.0001742422	-0.9989299
5.639996	-315.2867	10.06054	-314.8838	0.04609532	0.002850984	0.0001315574	-0.998933
5.659996	-314.3772	9.868495	-315.2524	0.04609545	0.001935241	8.930091E-05	-0.9989352
5.679996	-315.2867	10.06054	-314.8838	0.04609552	0.001028786	4.747291E-05	-0.9989365
5.699996	-315.2867	10.06054	-314.8838	-0.04607765	0.0007568875	3.491269E-05	0.9989376
5.719995	-314.3772	9.868495	-315.2524	-0.04605548	0.03314347	0.001528903	0.9983878
5.739995	-315.2867	10.06054	-314.8838	-0.04598428	0.06516922	0.003006351	0.9968096
5.759995	-314.3772	9.868495	-315.2524	-0.04586634	0.09680737	0.004465943	0.9942358
5.779995	-315.2867	10.06054	-314.8838	-0.04570358	0.1280317	0.005906441	0.9906989
5.799995	-315.2867	10.06054	-314.8838	-0.04525033	0.189143	0.00872573	0.9808676
5.819995	-314.3772	9.868495	-315.2524	-0.04496303	0.2189869	0.01010252	0.9746389
5.839995	-315.2867	10.06054	-314.8838	-0.04464849	0.24833	0.01145909	0.9675781
5.859995	-314.3772	9.868495	-315.2524	-0.04428583	0.2771556	0.01278923	0.9597187
5.879995	-315.2867	10.06054	-314.8838	-0.04388779	0.3054476	0.01409476	0.9510925
5.899995	-315.2867	10.06054	-314.8838	-0.04299144	0.3603755	0.01662939	0.9316677
5.919995	-314.3772	9.868495	-315.2524	-0.04249605	0.3869874	0.01785738	0.9209321
5.939995	-315.2867	10.06054	-314.8838	-0.04194899	0.4130181	0.0190485	0.9095568
5.959995	-314.3772	9.868495	-315.2524	-0.04140189	0.4384577	0.02022459	0.8975698
5.979995	-315.2867	10.06054	-314.8838	-0.04082505	0.4632999	0.02137196	0.8850027
5.999995	-315.2867	10.06054	-314.8838	-0.03957191	0.5111681	0.02356888	0.8582458
6.019995	-314.3772	9.868495	-315.2524	-0.0389357	0.5341842	0.02463992	0.8441114
6.039995	-315.2867	10.06054	-314.8838	-0.0382651	0.556585	0.02567508	0.8295118
6.059995	-314.3772	9.868495	-315.2524	-0.03757276	0.5783682	0.02668091	0.8144733
6.079995	-314.3772	9.868495	-315.2524	-0.03611638	0.6200789	0.02859474	0.783186
6.099995	-315.2867	10.06054	-314.8838	-0.03535336	0.640007	0.02950032	0.7669882
6.119995	-314.3772	9.868495	-315.2524	-0.03459728	0.6593176	0.03039577	0.7504529
6.139995	-315.2867	10.06054	-314.8838	-0.0338057	0.6780145	0.03124397	0.7336057
6.159995	-314.3772	9.868495	-315.2524	-0.03302202	0.6960989	0.03208319	0.7164682
6.179995	-315.2867	10.06054	-314.8838	-0.0322228	0.7135753	0.0328917	0.6990638
6.199995	-315.2867	10.06054	-314.8838	-0.03058752	0.7467212	0.0344219	0.6635412
6.219995	-314.3772	9.868495	-315.2524	-0.02975458	0.7624006	0.03514508	0.6454648
6.239995	-315.2867	10.06054	-314.8838	-0.02889776	0.7774925	0.03582205	0.6272058
6.259995	-314.3772	9.868495	-315.2524	-0.02805289	0.7920011	0.03649569	0.6087819
6.279995	-315.2867	10.06054	-314.8838	-0.02720594	0.8059338	0.03714966	0.5902123
6.299995	-314.3772	9.868495	-315.2524	-0.02634504	0.8192984	0.03776704	0.5715154
6.319995	-314.3772	9.868495	-315.2524	-0.02460748	0.8443512	0.03892293	0.5338076
6.339995	-315.2867	10.06054	-314.8838	-0.02373866	0.8560545	0.03947249	0.5148292
6.359995	-314.3772	9.868495	-315.2524	-0.02286077	0.8672207	0.03998744	0.4957889
6.379995	-315.2867	10.06054	-314.8838	-0.02198066	0.8778578	0.04047797	0.4767012
6.399995	-314.3772	9.868495	-315.2524	-0.02109902	0.8879744	0.04094446	0.4575805
6.419995	-314.3772	9.868495	-315.2524	-0.01933096	0.9066815	0.04180125	0.4192943
6.439995	-315.2867	10.06054	-314.8838	-0.01845442	0.9152893	0.0422116	0.4001539
6.459995	-314.3772	9.868495	-315.2524	-0.01757316	0.9234133	0.04258775	0.3810319
6.479995	-315.2867	10.06054	-314.8838	-0.01669708	0.9310619	0.04295199	0.3619394
6.499995	-315.2867	10.06054	-314.8838	-0.01494183	0.9449729	0.04359431	0.3238868
6.519995	-314.3772	9.868495	-315.2524	-0.0140681	0.9512538	0.04388416	0.3049469
6.539995	-315.2867	10.06054	-314.8838	-0.0131976	0.9570978	0.04415381	0.2860771
6.559995	-314.3772	9.868495	-315.2524	-0.01232425	0.9625155	0.04438031	0.267287
6.579995	-315.2867	10.06054	-314.8838	-0.01146635	0.9675137	0.04462816	0.2485842
6.599995	-315.2867	10.06054	-314.8838	-0.009755595	0.9762967	0.04503799	0.2114738
6.619995	-314.3772	9.868495	-315.2524	-0.008907269	0.9801	0.04521424	0.1930811
6.639995	-315.2867	10.06054	-314.8838	-0.008064256	0.9835239	0.04537258	0.1748058
6.659995	-314.3772	9.868495	-315.2524	-0.007226912	0.9865778	0.04551366	0.1566543
6.679995	-315.2867	10.06054	-314.8838	-0.006395536	0.9892711	0.04563801	0.1386327
6.699995	-315.2867	10.06054	-314.8838	-0.004751753	0.9936131	0.0458384	0.1030011
6.719995	-314.3772	9.868495	-315.2524	-0.003939824	0.9952803	0.04591532	0.08540133
6.739995	-315.2867	10.06054	-314.8838	-0.003135609	0.9966232	0.04598878	0.06795181
6.759995	-314.3772	9.868495	-315.2524	-0.002337543	0.9976518	0.04603625	0.0506569
6.779994	-315.2867	10.06054	-314.8838	-0.001546792	0.9983745	0.0460696	0.03352053
6.799994	-315.2867	10.06054	-314.8838	1.210754E-05	0.998937	0.04609555	-0.0002623826
6.819994	-314.3772	9.868495	-315.2524	0.0007795444	0.9987952	0.04606468	-0.01690243
6.839994	-315.2867	10.06054	-314.8838	0.001539289	0.9983803	0.04605194	-0.03337092
6.859994	-314.3772	9.868495	-315.2524	0.002291051	0.9977024	0.04602387	-0.04966525
6.879994	-315.2867	10.06054	-314.8838	0.003034664	0.9967693	0.04598242	-0.06578296
6.899994	-315.2867	10.06054	-314.8838	0.004498148	0.9941695	0.04587516	-0.09748024
6.919994	-314.3772	9.868495	-315.2524	0.005214166	0.9925199	0.04577506	-0.1130564
6.939994	-315.2867	10.06054	-314.8838	0.005924892	0.9906452	0.04569505	-0.1284486
6.959994	-314.3772	9.868495	-315.2524	0.006626812	0.9885543	0.04560182	-0.1436557
6.979994	-315.2867	10.06054	-314.8838	0.007319996	0.9862546	0.04549734	-0.158677
6.999994	-315.2867	10.06054	-314.8838	0.008680205	0.9810571	0.04525877	-0.1881575
7.019994	-314.3772	9.868495	-315.2524	0.009347242	0.9781734	0.04512594	-0.2026157
7.039994	-315.2867	10.06054	-314.8838	0.01000556	0.9751087	0.04498466	-0.2168852
7.059994	-314.3772	9.868495	-315.2524	0.01065515	0.9718698	0.04483528	-0.2309659
7.079994	-314.3772	9.868495	-315.2524	0.01192818	0.9648953	0.04451356	-0.2585603
7.099994	-315.2867	10.06054	-314.8838	0.01255162	0.9611722	0.04434181	-0.2720743
7.119994	-314.3772	9.868495	-315.2524	0.01316637	0.9573	0.04416318	-0.2853998
7.139994	-315.2867	10.06054	-314.8838	0.01377244	0.9532847	0.04397794	-0.2985373
7.159994	-314.3772	9.868495	-315.2524	0.01437344	0.9491318	0.04379731	-0.311487
7.179994	-315.2867	10.06054	-314.8838	0.01496239	0.9448477	0.04359962	-0.3242499
7.199994	-315.2867	10.06054	-314.8838	0.01611454	0.9359069	0.04318706	-0.3492183
7.219994	-314.3772	9.868495	-315.2524	0.01667783	0.9312609	0.04297267	-0.3614254
7.239994	-315.2867	10.06054	-314.8838	0.01723267	0.9265047	0.04275319	-0.3734492
7.259994	-314.3772	9.868495	-315.2524	0.01778347	0.9216433	0.04253951	-0.3852893
7.279994	-315.2867	10.06054	-314.8838	0.01832162	0.9166821	0.04231052	-0.3969485
7.299994	-314.3772	9.868495	-315.2524	0.01885147	0.9116253	0.04207711	-0.408428
7.319994	-315.2867	10.06054	-314.8838	0.01937307	0.9064777	0.04183952	-0.4197289
7.339994	-315.2867	10.06054	-314.8838	0.02039178	0.895928	0.04135259	-0.4417999
7.359994	-314.3772	9.868495	-315.2524	0.02088903	0.8905346	0.04110365	-0.452573
7.379994	-315.2867	10.06054	-314.8838	0.02137828	0.8850677	0.04085132	-0.463173
7.399994	-314.3772	9.868495	-315.2524	0.02185963	0.8795316	0.04059579	-0.4736016
7.419994	-315.2867	10.06054	-314.8838	0.02233312	0.8739299	0.04033724	-0.4838602
7.439994	-315.2867	10.06054	-314.8838	0.02324465	0.8625464	0.03979081	-0.503875
7.459994	-314.3772	9.868495	-315.2524	0.02369813	0.8567708	0.03952986	-0.5136337
7.479994	-315.2867	10.06054	-314.8838	0.02414253	0.8509446	0.03926378	-0.5232292
7.499994	-314.3772	9.868495	-315.2524	0.02457869	0.8450711	0.03899411	-0.5326635
7.519994	-315.2867	10.06054	-314.8838	0.02500709	0.8391533	0.03872173	-0.5419381
7.539994	-315.2867	10.06054	-314.8838	0.02584158	0.8271989	0.0381706	-0.5600155
7.559994	-314.3772	9.868495	-315.2524	0.02624801	0.8211679	0.03789239	-0.5688219
7.579994	-315.2867	10.06054	-314.8838	0.02664738	0.8151053	0.03761268	-0.577476
7.599994	-314.3772	9.868495	-315.2524	0.02703979	0.8090135	0.03733159	-0.5859798
7.619994	-315.2867	10.06054	-314.8838	0.02742536	0.8028954	0.03704928	-0.5943352
7.639994	-315.2867	10.06054	-314.8838	0.02817623	0.790591	0.03648151	-0.6106071
7.659994	-314.3772	9.868495	-315.2524	0.02854171	0.78441	0.03619629	-0.6185275
7.679994	-315.2867	10.06054	-314.8838	0.02890068	0.7782127	0.03591032	-0.6263068
7.699994	-314.3772	9.868495	-315.2524	0.02925323	0.7720017	0.03562372	-0.6339468
7.719994	-315.2867	10.06054	-314.8838	0.02959944	0.7657792	0.03533658	-0.6414496
7.739994	-315.2867	10.06054	-314.8838	0.03027317	0.7533083	0.03476112	-0.6560501
7.759994	-314.3772	9.868495	-315.2524	0.03060088	0.7470641	0.03447298	-0.663152
7.779994	-315.2867	10.06054	-314.8838	0.03093033	0.7408161	0.03419321	-0.6701236
7.799994	-314.3772	9.868495	-315.2524	0.03124621	0.7345673	0.0339048	-0.6769675
7.819993	-315.2867	10.06054	-314.8838	0.03155629	0.7283189	0.0336164	-0.6836854
7.839993	-315.2867	10.06054	-314.8838	0.03215931	0.7158304	0.03303997	-0.6967503
7.859993	-314.3772	9.868495	-315.2524	0.03245243	0.7095937	0.03275212	-0.703101
7.879993	-315.2867	10.06054	-314.8838	0.03274007	0.7033641	0.03246458	-0.7093328
7.899993	-314.3772	9.868495	-315.2524	0.03302231	0.6971433	0.03217745	-0.7154477
7.919993	-314.3772	9.868495	-315.2524	0.03357094	0.6847332	0.03160465	-0.727334
7.939993	-315.2867	10.06054	-314.8838	0.03383749	0.6785465	0.0313191	-0.733109
7.959993	-314.3772	9.868495	-315.2524	0.03409896	0.6723744	0.03103421	-0.7387738
7.979993	-315.2867	10.06054	-314.8838	0.03435544	0.6662175	0.03075003	-0.7443308
7.999993	-314.3772	9.868495	-315.2524	0.03460703	0.6600771	0.03046662	-0.7497815
8.019994	-315.2867	10.06054	-314.8838	0.03154238	0.6541442	0.02732095	-0.7552179
8.039994	-314.3772	9.868495	-315.2524	0.02930223	0.648239	0.02497801	-0.7604628
8.059995	-314.3772	9.868495	-315.2524	0.02930223	0.648239	0.02497801	-0.7604628
8.079995	-315.2867	10.06054	-314.8838	0.02746518	0.6423747	0.02304605	-0.7655516
8.099996	-314.3772	9.868495	-315.2524	0.02581926	0.6365573	0.02133082	-0.7705019
8.119996	-315.2867	10.06054	-314.8838	0.02425804	0.6307896	0.01973592	-0.7753235
8.139997	-315.2867	10.06054	-314.8838	0.02425804	0.6307896	0.01973592	-0.7753235
8.159997	-314.3772	9.868495	-315.2524	0.02272833	0.6250737	0.01821343	-0.7800222
8.179997	-315.2867	10.06054	-314.8838	0.02120372	0.619411	0.01673946	-0.784602
8.199998	-315.2867	10.06054	-314.8838	0.02120372	0.619411	0.01673946	-0.784602
8.219998	-315.2867	10.06054	-314.8838	0.02120372	0.619411	0.01673946	-0.784602
8.239999	-314.3772	9.868495	-315.2524	0.01967129	0.6138021	0.01530198	-0.7890664
8.259999	-314.3772	9.868495	-315.2524	0.01967129	0.6138021	0.01530198	-0.7890664
8.28	-314.3772	9.868495	-315.2524	0.01967129	0.6138021	0.01530198	-0.7890664
8.3	-315.2867	10.06054	-314.8838	0.0181249	0.6082482	0.01389486	-0.7934182
8.320001	-315.2867	10.06054	-314.8838	0.0181249	0.6082482	0.01389486	-0.7934182
8.340001	-314.3772	9.868495	-315.2524	0.01656183	0.60275	0.01251491	-0.7976601
8.360002	-315.2867	10.06054	-314.8838	0.01498104	0.5973085	0.01116035	-0.801794
8.380002	-315.2867	10.06054	-314.8838	0.01498104	0.5973085	0.01116035	-0.801794
8.400002	-314.3772	9.868495	-315.2524	0.01338236	0.5919241	0.00983013	-0.8058226
8.420003	-315.2867	10.06054	-314.8838	0.01176601	0.5865974	0.008523528	-0.8097484
8.440003	-315.2867	10.06054	-314.8838	0.01176601	0.5865974	0.008523528	-0.8097484
8.460004	-314.3772	9.868495	-315.2524	0.01013244	0.5813293	0.007240016	-0.8135731
8.480004	-314.3772	9.868495	-315.2524	0.01013244	0.5813293	0.007240016	-0.8135731
8.500005	-315.2867	10.06054	-314.8838	0.008482159	0.57612	0.005979133	-0.8172993
8.520005	-314.3772	9.868495	-315.2524	0.006815739	0.5709701	0.004740463	-0.8209289
8.540006	-314.3772	9.868495	-315.2524	0.006815739	0.5709701	0.004740463	-0.8209289
8.560006	-315.2867	10.06054	-314.8838	0.005133751	0.5658801	0.003523607	-0.8244641
8.580007	-314.3772	9.868495	-315.2524	0.003436761	0.5608504	0.002328171	-0.8279068
8.600007	-314.3772	9.868495	-315.2524	0.003436761	0.5608504	0.002328171	-0.8279068
8.620008	-315.2867	10.06054	-314.8838	0.001725329	0.5558811	0.001153765	-0.8312592
8.640008	-314.3772	9.868495	-315.2524	0	0.5509729	0	-0.8345231
8.660008	-314.3772	9.868495	-315.2524	0	0.5509729	0	-0.8345231
8.680009	-315.2867	10.06054	-314.8838	0	0.5460937	0	-0.8377241
8.700009	-315.2867	10.06054	-314.8838	0	0.5460937	0	-0.8377241
8.72001	-314.3772	9.868495	-315.2524	0	0.5412452	0	-0.8408648
8.74001	-314.3772	9.868495	-315.2524	0	0.5412452	0	-0.8408648
8.760011	-315.2867	10.06054	-314.8838	0	0.5364273	0	-0.8439466
8.780011	-315.2867	10.06054	-314.8838	0	0.5364273	0	-0.8439466
8.800012	-314.3772	9.868495	-315.2524	0	0.5316403	0	-0.8469703
8.820012	-314.3772	9.868495	-315.2524	0	0.5316403	0	-0.8469703
8.840013	-315.2867	10.06054	-314.8838	0	0.5268843	0	-0.849937
8.860013	-314.3772	9.868495	-315.2524	0	0.5221596	0	-0.8528478
8.880013	-314.3772	9.868495	-315.2524	0	0.5221596	0	-0.8528478
8.900014	-315.2867	10.06054	-314.8838	0	0.5174663	0	-0.8557037
8.920014	-314.3772	9.868495	-315.2524	0	0.5128046	0	-0.8585054
8.940015	-314.3772	9.868495	-315.2524	0	0.5128046	0	-0.8585054
8.960015	-315.2867	10.06054	-314.8838	0	0.5081747	0	-0.861254
8.980016	-315.2867	10.06054	-314.8838	0	0.5081747	0	-0.861254
9.000016	-314.3772	9.868495	-315.2524	0	0.5035763	0	-0.8639508
9.020017	-315.2867	10.06054	-314.8838	0	0.4990099	0	-0.8665963
9.040017	-315.2867	10.06054	-314.8838	0	0.4990099	0	-0.8665963
9.060018	-314.3772	9.868495	-315.2524	0	0.4944754	0	-0.8691916
9.080018	-315.2867	10.06054	-314.8838	0	0.4899727	0	-0.8717378
9.100019	-315.2867	10.06054	-314.8838	0	0.4899727	0	-0.8717378
9.120019	-314.3772	9.868495	-315.2524	0	0.4855025	0	-0.8742353
9.140019	-315.2867	10.06054	-314.8838	0	0.4810644	0	-0.8766853
9.16002	-314.3772	9.868495	-315.2524	0	0.4766585	0	-0.8790886
9.18002	-315.2867	10.06054	-314.8838	0	0.4722848	0	-0.881446
9.200021	-314.3772	9.868495	-315.2524	0	0.4679434	0	-0.8837585
9.220021	-314.3772	9.868495	-315.2524	0	0.4593573	0	-0.8882516
9.240022	-315.2867	10.06054	-314.8838	0	0.4551125	0	-0.890434
9.260022	-314.3772	9.868495	-315.2524	0	0.4509002	0	-0.8925744
9.280023	-315.2867	10.06054	-314.8838	0	0.44672	0	-0.8946738
9.300023	-314.3772	9.868495	-315.2524	0	0.4425719	0	-0.896733
9.320024	-314.3772	9.868495	-315.2524	0	0.434372	0	-0.9007336
9.340024	-315.2867	10.06054	-314.8838	0	0.4303202	0	-0.9026763
9.360024	-314.3772	9.868495	-315.2524	0	0.4263001	0	-0.9045818
9.380025	-315.2867	10.06054	-314.8838	0	0.4223121	0	-0.9064505
9.400025	-314.3772	9.868495	-315.2524	0	0.418356	0	-0.9082831
9.420026	-314.3772	9.868495	-315.2524	0	0.410539	0	-0.9118431
9.440026	-315.2867	10.06054	-314.8838	0	0.4066778	0	-0.9135717
9.460027	-314.3772	9.868495	-315.2524	0	0.4028479	0	-0.915267
9.480027	-315.2867	10.06054	-314.8838	0	0.3990494	0	-0.9169294
9.500028	-314.3772	9.868495	-315.2524	0	0.3952822	0	-0.9185597
9.520028	-315.2867	10.06054	-314.8838	0	0.3915461	0	-0.9201585
9.540029	-314.3772	9.868495	-315.2524	0	0.3878408	0	-0.9217263
9.560029	-315.2867	10.06054	-314.8838	0	0.3841665	0	-0.9232638
9.580029	-314.3772	9.868495	-315.2524	0	0.3805229	0	-0.9247715
9.60003	-315.2867	10.06054	-314.8838	0	0.3769101	0	-0.9262499
9.62003	-314.3772	9.868495	-315.2524	0	0.3733275	0	-0.9276996
9.640031	-315.2867	10.06054	-314.8838	0	0.3697751	0	-0.9291213
9.660031	-314.3772	9.868495	-315.2524	0	0.3662531	0	-0.9305152
9.680032	-314.3772	9.868495	-315.2524	0	0.359299	0	-0.9332225
9.700032	-315.2867	10.06054	-314.8838	0	0.3558668	0	-0.9345367
9.720033	-314.3772	9.868495	-315.2524	0	0.3524642	0	-0.9358253
9.740033	-315.2867	10.06054	-314.8838	0	0.349091	0	-0.9370888
9.760034	-314.3772	9.868495	-315.2524	0	0.3457471	0	-0.9383277
9.780034	-314.3772	9.868495	-315.2524	0	0.3391464	0	-0.9407336
9.800035	-315.2867	10.06054	-314.8838	0	0.3358891	0	-0.9419016
9.820035	-314.3772	9.868495	-315.2524	0	0.3326606	0	-0.9430466
9.840035	-315.2867	10.06054	-314.8838	0	0.3294605	0	-0.9441693
9.860036	-314.3772	9.868495	-315.2524	0	0.3262887	0	-0.9452702
9.880036	-314.3772	9.868495	-315.2524	0	0.3200292	0	-0.9474077
9.900037	-315.2867	10.06054	-314.8838	0	0.3169411	0	-0.9484453
9.920037	-314.3772	9.868495	-315.2524	0	0.3138806	0	-0.9494625
9.940038	-315.2867	10.06054	-314.8838	0	0.3108475	0	-0.9504598
9.960038	-314.3772	9.868495	-315.2524	0	0.3078416	0	-0.9514377
9.980039	-314.3772	9.868495	-315.2524	0	0.3019108	0	-0.9533362
10.00004	-315.2867	10.06054	-314.8838	0	0.2989855	0	-0.9542577
10.02004	-314.3772	9.868495	-315.2524	0	0.2960868	0	-0.9551611
10.04004	-315.2867	10.06054	-314.8838	0	0.2932142	0	-0.9560468
10.06004	-314.3772	9.868495	-315.2524	0	0.2903678	0	-0.9569151
10.08004	-315.2867	10.06054	-314.8838	0	0.2875473	0	-0.9577665
10.10004	-314.3772	9.868495	-315.2524	0	0.2847527	0	-0.9586011
10.12004	-315.2867	10.06054	-314.8838	0	0.2819833	0	-0.9594193
10.14004	-314.3772	9.868495	-315.2524	0	0.2792395	0	-0.9602215
10.16004	-315.2867	10.06054	-314.8838	0	0.276521	0	-0.9610079
10.18004	-315.2867	10.06054	-314.8838	0	0.276521	0	-0.9610079
10.20004	-314.3772	9.868495	-315.2524	0	0.2738273	0	-0.9617789
10.22004	-315.2867	10.06054	-314.8838	0	0.2711585	0	-0.9625347
10.24004	-314.3772	9.868495	-315.2524	0	0.2685142	0	-0.9632757
10.26005	-314.3772	9.868495	-315.2524	0	0.263299	0	-0.9647143
10.28005	-315.2867	10.06054	-314.8838	0	0.2607276	0	-0.9654124
10.30005	-314.3772	9.868495	-315.2524	0	0.25818	0	-0.9660968
10.32005	-315.2867	10.06054	-314.8838	0	0.2556563	0	-0.9667678
10.34005	-314.3772	9.868495	-315.2524	0	0.2531559	0	-0.9674255
10.36005	-315.2867	10.06054	-314.8838	0	0.250679	0	-0.9680703
10.38005	-314.3772	9.868495	-315.2524	0	0.2482253	0	-0.9687024
10.40005	-315.2867	10.06054	-314.8838	0	0.2457943	0	-0.969322
10.42005	-314.3772	9.868495	-315.2524	0	0.2433862	0	-0.9699295
10.44005	-315.2867	10.06054	-314.8838	0	0.2410008	0	-0.9705249
10.46005	-315.2867	10.06054	-314.8838	0	0.236297	0	-0.9716809
10.48005	-314.3772	9.868495	-315.2524	0	0.2339783	0	-0.9722418
10.50005	-315.2867	10.06054	-314.8838	0	0.2316815	0	-0.9727917
10.52005	-314.3772	9.868495	-315.2524	0	0.2294063	0	-0.9733307
10.54005	-315.2867	10.06054	-314.8838	0	0.2271526	0	-0.9738592
10.56005	-314.3772	9.868495	-315.2524	0	0.2249202	0	-0.9743772
10.58005	-315.2867	10.06054	-314.8838	0	0.222709	0	-0.974885
10.60005	-314.3772	9.868495	-315.2524	0	0.2205189	0	-0.9753827
10.62005	-315.2867	10.06054	-314.8838	0	0.2183496	0	-0.9758706
10.64005	-314.3772	9.868495	-315.2524	0	0.2162009	0	-0.9763489
10.66005	-315.2867	10.06054	-314.8838	0	0.2140725	0	-0.9768178
10.68005	-314.3772	9.868495	-315.2524	0	0.2119646	0	-0.9772774
10.70006	-315.2867	10.06054	-314.8838	0	0.2098767	0	-0.9777279
10.72006	-314.3772	9.868495	-315.2524	0	0.2078088	0	-0.9781695
10.74006	-315.2867	10.06054	-314.8838	0	0.2057605	0	-0.9786024
10.76006	-314.3772	9.868495	-315.2524	0	0.2037318	0	-0.9790267
10.78006	-315.2867	10.06054	-314.8838	0	0.2017226	0	-0.9794427
10.80006	-314.3772	9.868495	-315.2524	0	0.1997326	0	-0.9798505
10.82006	-314.3772	9.868495	-315.2524	0	0.1958098	0	-0.9806419
10.84006	-315.2867	10.06054	-314.8838	0	0.1938765	0	-0.9810259
10.86006	-314.3772	9.868495	-315.2524	0	0.191962	0	-0.9814024
10.88006	-315.2867	10.06054	-314.8838	0	0.1900659	0	-0.9817713
10.90006	-314.3772	9.868495	-315.2524	0	0.188188	0	-0.982133
10.92006	-315.2867	10.06054	-314.8838	0	0.1863282	0	-0.9824876
10.94006	-314.3772	9.868495	-315.2524	0	0.1844865	0	-0.9828351
10.96006	-315.2867	10.06054	-314.8838	0	0.1826625	0	-0.9831757
10.98006	-314.3772	9.868495	-315.2524	0	0.1808558	0	-0.9835097
11.00006	-315.2867	10.06054	-314.8838	0	0.1790669	0	-0.9838369
11.02006	-315.2867	10.06054	-314.8838	0	0.1755407	0	-0.9844722
11.04006	-314.3772	9.868495	-315.2524	0	0.1738033	0	-0.9847804
11.06006	-315.2867	10.06054	-314.8838	0	0.1720827	0	-0.9850825
11.08006	-314.3772	9.868495	-315.2524	0	0.1703788	0	-0.9853787
11.10006	-315.2867	10.06054	-314.8838	0	0.1686912	0	-0.985669
11.12006	-314.3772	9.868495	-315.2524	0	0.1670201	0	-0.9859535
11.14007	-315.2867	10.06054	-314.8838	0	0.1653652	0	-0.9862324
11.16007	-314.3772	9.868495	-315.2524	0	0.1637266	0	-0.9865057
11.18007	-315.2867	10.06054	-314.8838	0	0.1621037	0	-0.9867737
11.20007	-315.2867	10.06054	-314.8838	0	0.1589053	0	-0.9872938
11.22007	-314.3772	9.868495	-315.2524	0	0.1573295	0	-0.9875462
11.24007	-315.2867	10.06054	-314.8838	0	0.1557689	0	-0.9877935
11.26007	-314.3772	9.868495	-315.2524	0	0.1542238	0	-0.988036
11.28007	-315.2867	10.06054	-314.8838	0	0.1526936	0	-0.9882736
11.30007	-314.3772	9.868495	-315.2524	0	0.1511784	0	-0.9885065
11.32007	-314.3772	9.868495	-315.2524	0	0.1481921	0	-0.9889586
11.34007	-315.2867	10.06054	-314.8838	0	0.1467211	0	-0.9891779
11.36007	-314.3772	9.868495	-315.2524	0	0.145264	0	-0.9893929
11.38007	-315.2867	10.06054	-314.8838	0	0.1438213	0	-0.9896037
11.40007	-314.3772	9.868495	-315.2524	0	0.1423928	0	-0.9898102
11.42007	-315.2867	10.06054	-314.8838	0	0.1409784	0	-0.9900127
11.44007	-314.3772	9.868495	-315.2524	0	0.1395778	0	-0.9902111
11.46007	-315.2867	10.06054	-314.8838	0	0.1381909	0	-0.9904056
11.48007	-315.2867	10.06054	-314.8838	0	0.1354579	0	-0.9907831
11.50007	-314.3772	9.868495	-315.2524	0	0.1341116	0	-0.9909663
11.52007	-315.2867	10.06054	-314.8838	0	0.1327785	0	-0.9911458
11.54007	-314.3772	9.868495	-315.2524	0	0.1314583	0	-0.9913217
11.56007	-315.2867	10.06054	-314.8838	0	0.1301512	0	-0.9914942
11.58008	-315.2867	10.06054	-314.8838	0	0.1275753	0	-0.9918289
11.60008	-314.3772	9.868495	-315.2524	0	0.1263063	0	-0.9919913
11.62008	-315.2867	10.06054	-314.8838	0	0.1250496	0	-0.9921505
11.64008	-314.3772	9.868495	-315.2524	0	0.1238052	0	-0.9923065
11.66008	-315.2867	10.06054	-314.8838	0	0.1225735	0	-0.9924595
11.68008	-314.3772	9.868495	-315.2524	0	0.1213539	0	-0.9926093
11.70008	-314.3772	9.868495	-315.2524	0	0.1189503	0	-0.9929002
11.72008	-315.2867	10.06054	-314.8838	0	0.1177661	0	-0.9930414
11.74008	-314.3772	9.868495	-315.2524	0	0.1165938	0	-0.9931797
11.76008	-315.2867	10.06054	-314.8838	0	0.115433	0	-0.9933153
11.78008	-314.3772	9.868495	-315.2524	0	0.1142836	0	-0.9934482
11.80008	-314.3772	9.868495	-315.2524	0	0.1120187	0	-0.9937061
11.82008	-315.2867	10.06054	-314.8838	0	0.110903	0	-0.9938313
11.84008	-314.3772	9.868495	-315.2524	0	0.1097985	0	-0.9939539
11.86008	-315.2867	10.06054	-314.8838	0	0.1087048	0	-0.9940741
11.88008	-314.3772	9.868495	-315.2524	0	0.1076218	0	-0.9941919
11.90008	-315.2867	10.06054	-314.8838	0	0.1065497	0	-0.9943074
11.92008	-315.2867	10.06054	-314.8838	0	0.1044367	0	-0.9945315
11.94008	-314.3772	9.868495	-315.2524	0	0.103396	0	-0.9946403
11.96008	-315.2867	10.06054	-314.8838	0	0.1023653	0	-0.9947469
11.98008	-314.3772	9.868495	-315.2524	0	0.1013452	0	-0.9948514
12.00008	-315.2867	10.06054	-314.8838	0	0.1003352	0	-0.9949537
12.02009	-314.3772	9.868495	-315.2524	0	0.09933504	0	-0.9950541
12.04009	-314.3772	9.868495	-315.2524	0	0.09736434	0	-0.9952488
12.06009	-315.2867	10.06054	-314.8838	0	0.09639332	0	-0.9953433
12.08009	-314.3772	9.868495	-315.2524	0	0.09543218	0	-0.995436
12.10009	-315.2867	10.06054	-314.8838	0	0.09448069	0	-0.9955267
12.12009	-314.3772	9.868495	-315.2524	0	0.09353835	0	-0.9956157
12.14009	-314.3772	9.868495	-315.2524	0	0.09168217	0	-0.9957883
12.16009	-315.2867	10.06054	-314.8838	0	0.09076785	0	-0.9958721
12.18009	-314.3772	9.868495	-315.2524	0	0.08986223	0	-0.9959542
12.20009	-315.2867	10.06054	-314.8838	0	0.0889658	0	-0.9960347
12.22009	-314.3772	9.868495	-315.2524	0	0.08807857	0	-0.9961135
12.24009	-315.2867	10.06054	-314.8838	0	0.08720005	0	-0.9961908
12.26009	-314.3772	9.868495	-315.2524	0	0.08633002	0	-0.9962666
12.28009	-315.2867	10.06054	-314.8838	0	0.08546847	0	-0.9963409
12.30009	-315.2867	10.06054	-314.8838	0	0.08377133	0	-0.9964851
12.32009	-314.3772	9.868495	-315.2524	0	0.08293525	0	-0.996555
12.34009	-315.2867	10.06054	-314.8838	0	0.08210767	0	-0.9966235
12.36009	-314.3772	9.868495	-315.2524	0	0.08128835	0	-0.9966906
12.38009	-315.2867	10.06054	-314.8838	0	0.08047705	0	-0.9967564
12.40009	-314.3772	9.868495	-315.2524	0	0.07967402	0	-0.996821
12.42009	-315.2867	10.06054	-314.8838	0	0.07887878	0	-0.9968842
12.44009	-314.3772	9.868495	-315.2524	0	0.07809158	0	-0.9969462
12.4601	-315.2867	10.06054	-314.8838	0	0.07731216	0	-0.997007
12.4801	-315.2867	10.06054	-314.8838	0	0.07731216	0	-0.997007
12.5001	-315.2867	10.06054	-314.8838	0	0.07731216	0	-0.997007
12.5201	-315.2867	10.06054	-314.8838	0	0.07731216	0	-0.997007
12.5401	-314.3772	9.868495	-315.2524	0	0.07654055	0	-0.9970665
12.5601	-314.3772	9.868495	-315.2524	0	0.07654055	0	-0.9970665
12.5801	-314.3772	9.868495	-315.2524	0	0.07654055	0	-0.9970665
12.6001	-314.3772	9.868495	-315.2524	0	0.07654055	0	-0.9970665
12.6201	-314.3772	9.868495	-315.2524	0	0.07654055	0	-0.9970665
12.6401	-315.2867	10.06054	-314.8838	0	0.0757765	0	-0.9971249
12.6601	-315.2867	10.06054	-314.8838	0	0.0757765	0	-0.9971249
12.6801	-315.2867	10.06054	-314.8838	0	0.0757765	0	-0.9971249
12.7001	-315.2867	10.06054	-314.8838	0	0.0757765	0	-0.9971249
12.7201	-315.2867	10.06054	-314.8838	0	0.0757765	0	-0.9971249
12.7401	-314.3772	9.868495	-315.2524	0	0.07502002	0	-0.9971821
12.7601	-314.3772	9.868495	-315.2524	0	0.07502002	0	-0.9971821
12.7801	-314.3772	9.868495	-315.2524	0	0.07502002	0	-0.9971821
12.8001	-314.3772	9.868495	-315.2524	0	0.07502002	0	-0.9971821
12.8201	-314.3772	9.868495	-315.2524	0	0.07502002	0	-0.9971821
12.8401	-315.2867	10.06054	-314.8838	0	0.07427109	0	-0.9972381
12.8601	-315.2867	10.06054	-314.8838	0	0.07427109	0	-0.9972381
12.88011	-315.2867	10.06054	-314.8838	0	0.07427109	0	-0.9972381
12.90011	-315.2867	10.06054	-314.8838	0	0.07427109	0	-0.9972381
12.92011	-315.2867	10.06054	-314.8838	0	0.07427109	0	-0.9972381
12.94011	-314.3772	9.868495	-315.2524	0	0.07352974	0	-0.9972931
12.96011	-314.3772	9.868495	-315.2524	0	0.07352974	0	-0.9972931
12.98011	-314.3772	9.868495	-315.2524	0	0.07352974	0	-0.9972931
13.00011	-314.3772	9.868495	-315.2524	0	0.07352974	0	-0.9972931
13.02011	-314.3772	9.868495	-315.2524	0	0.07352974	0	-0.9972931
13.04011	-315.2867	10.06054	-314.8838	0	0.0727957	0	-0.9973469
13.06011	-315.2867	10.06054	-314.8838	0	0.0727957	0	-0.9973469
13.08011	-315.2867	10.06054	-314.8838	0	0.0727957	0	-0.9973469
13.10011	-315.2867	10.06054	-314.8838	0	0.0727957	0	-0.9973469
13.12011	-315.2867	10.06054	-314.8838	0	0.0727957	0	-0.9973469
13.14011	-314.3772	9.868495	-315.2524	0	0.07206902	0	-0.9973997
13.16011	-314.3772	9.868495	-315.2524	0	0.07206902	0	-0.9973997
13.18011	-314.3772	9.868495	-315.2524	0	0.07206902	0	-0.9973997
13.20011	-314.3772	9.868495	-315.2524	0	0.07206902	0	-0.9973997
13.22011	-314.3772	9.868495	-315.2524	0	0.07206902	0	-0.9973997
13.24011	-315.2867	10.06054	-314.8838	0	0.07134942	0	-0.9974514
13.26011	-315.2867	10.06054	-314.8838	0	0.07134942	0	-0.9974514
13.28011	-315.2867	10.06054	-314.8838	0	0.07134942	0	-0.9974514
13.30011	-315.2867	10.06054	-314.8838	0	0.07134942	0	-0.9974514
13.32012	-315.2867	10.06054	-314.8838	0	0.07134942	0	-0.9974514
13.34012	-314.3772	9.868495	-315.2524	0	0.07063715	0	-0.9975021
13.36012	-314.3772	9.868495	-315.2524	0	0.07063715	0	-0.9975021
13.38012	-314.3772	9.868495	-315.2524	0	0.07063715	0	-0.9975021
13.40012	-314.3772	9.868495	-315.2524	0	0.07063715	0	-0.9975021
13.42012	-314.3772	9.868495	-315.2524	0	0.07063715	0	-0.9975021
13.44012	-315.2867	10.06054	-314.8838	0	0.06993175	0	-0.9975518
13.46012	-315.2867	10.06054	-314.8838	0	0.06993175	0	-0.9975518
13.48012	-315.2867	10.06054	-314.8838	0	0.06993175	0	-0.9975518
13.50012	-315.2867	10.06054	-314.8838	0	0.06993175	0	-0.9975518
13.52012	-315.2867	10.06054	-314.8838	0	0.06993175	0	-0.9975518
13.54012	-314.3772	9.868495	-315.2524	0	0.06923345	0	-0.9976005
13.56012	-314.3772	9.868495	-315.2524	0	0.06923345	0	-0.9976005
13.58012	-314.3772	9.868495	-315.2524	0	0.06923345	0	-0.9976005
13.60012	-314.3772	9.868495	-315.2524	0	0.06923345	0	-0.9976005
13.62012	-314.3772	9.868495	-315.2524	0	0.06923345	0	-0.9976005
13.64012	-315.2867	10.06054	-314.8838	0	0.06854202	0	-0.9976482
13.66012	-315.2867	10.06054	-314.8838	0	0.06854202	0	-0.9976482
13.68012	-315.2867	10.06054	-314.8838	0	0.06854202	0	-0.9976482
13.70012	-315.2867	10.06054	-314.8838	0	0.06854202	0	-0.9976482
13.72012	-315.2867	10.06054	-314.8838	0	0.06854202	0	-0.9976482
13.74012	-314.3772	9.868495	-315.2524	0	0.06785768	0	-0.997695
13.76013	-314.3772	9.868495	-315.2524	0	0.06785768	0	-0.997695
13.78013	-314.3772	9.868495	-315.2524	0	0.06785768	0	-0.997695
13.80013	-314.3772	9.868495	-315.2524	0	0.06785768	0	-0.997695
13.82013	-314.3772	9.868495	-315.2524	0	0.06785768	0	-0.997695
13.84013	-315.2867	10.06054	-314.8838	0	0.06717998	0	-0.9977409
13.86013	-315.2867	10.06054	-314.8838	0	0.06717998	0	-0.9977409
13.88013	-315.2867	10.06054	-314.8838	0	0.06717998	0	-0.9977409
13.90013	-315.2867	10.06054	-314.8838	0	0.06717998	0	-0.9977409
13.92013	-315.2867	10.06054	-314.8838	0	0.06717998	0	-0.9977409
13.94013	-314.3772	9.868495	-315.2524	0	0.06650915	0	-0.9977859
13.96013	-314.3772	9.868495	-315.2524	0	0.06650915	0	-0.9977859
13.98013	-314.3772	9.868495	-315.2524	0	0.06650915	0	-0.9977859
14.00013	-314.3772	9.868495	-315.2524	0	0.06650915	0	-0.9977859
14.02013	-314.3772	9.868495	-315.2524	0	0.06650915	0	-0.9977859
14.04013	-315.2867	10.06054	-314.8838	0	0.06584471	0	-0.9978299
14.06013	-315.2867	10.06054	-314.8838	0	0.06584471	0	-0.9978299
14.08013	-315.2867	10.06054	-314.8838	0	0.06584471	0	-0.9978299
14.10013	-315.2867	10.06054	-314.8838	0	0.06584471	0	-0.9978299
14.12013	-315.2867	10.06054	-314.8838	0	0.06584471	0	-0.9978299
14.14013	-314.3772	9.868495	-315.2524	0	0.06518713	0	-0.9978731
14.16013	-314.3772	9.868495	-315.2524	0	0.06518713	0	-0.9978731
14.18013	-314.3772	9.868495	-315.2524	0	0.06518713	0	-0.9978731
14.20014	-314.3772	9.868495	-315.2524	0	0.06518713	0	-0.9978731
14.22014	-314.3772	9.868495	-315.2524	0	0.06518713	0	-0.9978731
14.24014	-315.2867	10.06054	-314.8838	0	0.06453618	0	-0.9979154
14.26014	-315.2867	10.06054	-314.8838	0	0.06453618	0	-0.9979154
14.28014	-315.2867	10.06054	-314.8838	0	0.06453618	0	-0.9979154
14.30014	-315.2867	10.06054	-314.8838	0	0.06453618	0	-0.9979154
14.32014	-315.2867	10.06054	-314.8838	0	0.06453618	0	-0.9979154
14.34014	-314.3772	9.868495	-315.2524	0	0.0638914	0	-0.9979569
14.36014	-314.3772	9.868495	-315.2524	0	0.0638914	0	-0.9979569
14.38014	-314.3772	9.868495	-315.2524	0	0.0638914	0	-0.9979569
14.40014	-314.3772	9.868495	-315.2524	0	0.0638914	0	-0.9979569
14.42014	-314.3772	9.868495	-315.2524	0	0.0638914	0	-0.9979569
14.44014	-315.2867	10.06054	-314.8838	0	0.06325302	0	-0.9979975
14.46014	-315.2867	10.06054	-314.8838	0	0.06325302	0	-0.9979975
14.48014	-315.2867	10.06054	-314.8838	0	0.06325302	0	-0.9979975
14.50014	-315.2867	10.06054	-314.8838	0	0.06325302	0	-0.9979975
14.52014	-314.3772	9.868495	-315.2524	0	0.06262127	0	-0.9980373
14.54014	-314.3772	9.868495	-315.2524	0	0.06262127	0	-0.9980373
14.56014	-314.3772	9.868495	-315.2524	0	0.06262127	0	-0.9980373
14.58014	-314.3772	9.868495	-315.2524	0	0.06262127	0	-0.9980373
14.60014	-314.3772	9.868495	-315.2524	0	0.06262127	0	-0.9980373
14.62014	-315.2867	10.06054	-314.8838	0	0.06199569	0	-0.9980764
14.64015	-315.2867	10.06054	-314.8838	0	0.06199569	0	-0.9980764
14.66015	-315.2867	10.06054	-314.8838	0	0.06199569	0	-0.9980764
14.68015	-315.2867	10.06054	-314.8838	0	0.06199569	0	-0.9980764
14.70015	-315.2867	10.06054	-314.8838	0	0.06199569	0	-0.9980764
14.72015	-314.3772	9.868495	-315.2524	0	0.06137651	0	-0.9981147
14.74015	-314.3772	9.868495	-315.2524	0	0.06137651	0	-0.9981147
14.76015	-314.3772	9.868495	-315.2524	0	0.06137651	0	-0.9981147
14.78015	-314.3772	9.868495	-315.2524	0	0.06137651	0	-0.9981147
14.80015	-314.3772	9.868495	-315.2524	0	0.06137651	0	-0.9981147
14.82015	-315.2867	10.06054	-314.8838	0	0.06076349	0	-0.9981522
14.84015	-315.2867	10.06054	-314.8838	0	0.06076349	0	-0.9981522
14.86015	-315.2867	10.06054	-314.8838	0	0.06076349	0	-0.9981522
14.88015	-315.2867	10.06054	-314.8838	0	0.06076349	0	-0.9981522
14.90015	-315.2867	10.06054	-314.8838	0	0.06076349	0	-0.9981522
14.92015	-314.3772	9.868495	-315.2524	0	0.06015639	0	-0.998189
14.94015	-314.3772	9.868495	-315.2524	0	0.06015639	0	-0.998189
14.96015	-314.3772	9.868495	-315.2524	0	0.06015639	0	-0.998189
14.98015	-314.3772	9.868495	-315.2524	0	0.06015639	0	-0.998189
15.00015	-314.3772	9.868495	-315.2524	0	0.06015639	0	-0.998189
15.02015	-315.2867	10.06054	-314.8838	0	0.05955547	0	-0.998225
15.04015	-315.2867	10.06054	-314.8838	0	0.05955547	0	-0.998225
15.06015	-315.2867	10.06054	-314.8838	0	0.05955547	0	-0.998225
15.08016	-315.2867	10.06054	-314.8838	0	0.05955547	0	-0.998225
15.10016	-315.2867	10.06054	-314.8838	0	0.05955547	0	-0.998225
15.12016	-314.3772	9.868495	-315.2524	0	0.05896047	0	-0.9982603
15.14016	-314.3772	9.868495	-315.2524	0	0.05896047	0	-0.9982603
15.16016	-314.3772	9.868495	-315.2524	0	0.05896047	0	-0.9982603
15.18016	-314.3772	9.868495	-315.2524	0	0.05896047	0	-0.9982603
15.20016	-314.3772	9.868495	-315.2524	0	0.05896047	0	-0.9982603
15.22016	-315.2867	10.06054	-314.8838	0	0.0583714	0	-0.9982949
15.24016	-315.2867	10.06054	-314.8838	0	0.0583714	0	-0.9982949
15.26016	-315.2867	10.06054	-314.8838	0	0.0583714	0	-0.9982949
15.28016	-315.2867	10.06054	-314.8838	0	0.0583714	0	-0.9982949
15.30016	-315.2867	10.06054	-314.8838	0	0.0583714	0	-0.9982949
15.32016	-314.3772	9.868495	-315.2524	0	0.05778826	0	-0.9983289
15.34016	-314.3772	9.868495	-315.2524	0	0.05778826	0	-0.9983289
15.36016	-314.3772	9.868495	-315.2524	0	0.05778826	0	-0.9983289
15.38016	-314.3772	9.868495	-315.2524	0	0.05778826	0	-0.9983289
15.40016	-314.3772	9.868495	-315.2524	0	0.05778826	0	-0.9983289
15.42016	-315.2867	10.06054	-314.8838	0	0.