#Walking Trial Path#
#TimeStamp#	#PositionX#	#PositionY#	#PositionZ#	#OrientationX#	#OrientationY#	#OrientationZ#	#OrientationW#	
0	-315	1.8	-315	0	0	0	1
0.02	-315	1.8	-315	0	0	0	1
0.04	-315	1.8	-315	0	0	0	1
0.06	-315	1.8	-315	0	0	0	1
0.08	-315	1.8	-315	0	0	0	1
0.09999999	-315	1.8	-315	0	0	0	1
0.12	-315	1.8	-315	0	0	0	1
0.14	-315	1.8	-315	0	0	0	1
0.16	-315	1.8	-315	0	0	0	1
0.18	-315	1.8	-315	0	0	0	1
0.2	-315	1.8	-315	0	0	0	1
0.22	-315	1.8	-315	0	0	0	1
0.24	-315	1.8	-315	0	0	0	1
0.26	-315	1.8	-315	0	0	0	1
0.28	-315	1.8	-315	0	0	0	1
0.3	-315	1.8	-315	0	0	0	1
0.32	-315	1.8	-315	0	0	0	1
0.34	-315	1.8	-315	0	0	0	1
0.36	-315	1.8	-315	0	0	0	1
0.38	-315	1.8	-315	0	0	0	1
0.4	-315	1.8	-315	0	0	0	1
0.42	-315	1.8	-315	0	0	0	1
0.4400001	-315	1.8	-315	0	0	0	1
0.4600001	-315	1.8	-315	0	0	0	1
0.4800001	-315	1.8	-315	0	0	0	1
0.5000001	-315	1.8	-315	0	0	0	1
0.52	-315	1.8	-315	0	0	0	1
0.54	-315	1.8	-315	0	0	0	1
0.56	-315	1.8	-315	0	0	0	1
0.58	-315	1.8	-315	0	0	0	1
0.6	-315	1.8	-315	0	0	0	1
0.6199999	-315	1.8	-315	0	0	0	1
0.6399999	-315	1.8	-315	0	0	0	1
0.6599999	-315	1.8	-315	0	0	0	1
0.6799999	-315	1.8	-315	0	0	0	1
0.6999999	-315	1.8	-315	0	0	0	1
0.7199998	-315	1.8	-315	0	0	0	1
0.7399998	-315	1.8	-315	0	0	0	1
0.7599998	-315	1.8	-315	0	0	0	1
0.7799998	-315	1.8	-315	0	0	0	1
0.7999998	-315	1.8	-315	0	0	0	1
0.8199998	-315	1.8	-315	0	0	0	1
0.8399997	-315	1.8	-315	0	0	0	1
0.8599997	-315	1.8	-315	0	0	0	1
0.8799997	-315	1.8	-315	0	0	0	1
0.8999997	-315	1.8	-315	0	0	0	1
0.9199997	-315	1.8	-315	0	0	0	1
0.9399996	-315	1.8	-315	0	0	0	1
0.9599996	-315	1.8	-315	0	0	0	1
0.9799996	-315	1.8	-315	0	0	0	1
0.9999996	-315	1.8	-315	0	0	0	1
1.02	-315	1.8	-315	0	0	0	1
1.04	-315	1.8	-315	0	0	0	1
1.06	-315	1.8	-315	0	0	0	1
1.08	-315	1.8	-315	0	0	0	1
1.1	-315	1.8	-315	0	0	0	1
1.12	-315	1.8	-315	0	0	0	1
1.14	-315	1.8	-315	0	0	0	1
1.159999	-315	1.8	-315	0	0	0	1
1.179999	-315	1.8	-315	0	0	0	1
1.199999	-315	1.8	-315	0	0	0	1
1.219999	-315	1.8	-315	0	0	0	1
1.239999	-315	1.8	-315	0	0	0	1
1.259999	-315	1.8	-315	0	0	0	1
1.279999	-315	1.8	-315	0	0	0	1
1.299999	-315	1.8	-315	0	0	0	1
1.319999	-315	1.8	-315	0	0	0	1
1.339999	-315	1.8	-315	0	0	0	1
1.359999	-315	1.8	-315	0	0	0	1
1.379999	-315	1.8	-315	0	0	0	1
1.399999	-315	1.8	-315	0	0	0	1
1.419999	-315	1.8	-315	0	0	0	1
1.439999	-315	1.8	-315	0	0	0	1
1.459999	-315	1.8	-315	0	0	0	1
1.479999	-315	1.8	-315	0	0	0	1
1.499999	-315	1.8	-315	0	0	0	1
1.519999	-315	1.8	-315	0	0	0	1
1.539999	-315	1.8	-315	0	0	0	1
1.559999	-315	1.8	-315	0	0	0	1
1.579999	-315	1.8	-315	0	0	0	1
1.599999	-315	1.8	-315	0	0	0	1
1.619999	-315	1.8	-315	0	0	0	1
1.639999	-315	1.8	-315	0	0	0	1
1.659999	-315	1.8	-315	0	0	0	1
1.679999	-315	1.8	-315	0	0	0	1
1.699999	-315	1.8	-315	0	0	0	1
1.719999	-315	1.8	-315	0	0	0	1
1.739999	-315	1.8	-315	0	0	0	1
1.759999	-315	1.8	-315	0	0	0	1
1.779999	-315	1.8	-315	0	0	0	1
1.799999	-315	1.8	-315	0	0	0	1
1.819999	-315	1.8	-315	0	0	0	1
1.839999	-315	1.8	-315	0	0	0	1
1.859999	-315	1.8	-315	0	0	0	1
1.879999	-315	1.8	-315	0	0	0	1
1.899999	-315	1.8	-315	0	0	0	1
1.919999	-315	1.8	-315	0	0	0	1
1.939999	-315	1.8	-315	0	0	0	1
1.959999	-315	1.8	-315	0	0	0	1
1.979999	-315	1.8	-315	0	0	0	1
1.999999	-315	1.8	-315	0	0	0	1
2.019999	-315	1.8	-315	0	0	0	1
2.039999	-315	1.8	-315	0	0	0	1
2.059999	-315	1.8	-315	0	0	0	1
2.079999	-315	1.8	-315	0	0	0	1
2.099999	-315	1.8	-315	0	0	0	1
2.119999	-315	1.8	-315	0	0	0	1
2.139999	-315	1.8	-315	0	0	0	1
2.159999	-315	1.8	-315	0	0	0	1
2.179999	-315	1.8	-315	0	0	0	1
2.199999	-315	1.8	-315	0	0	0	1
2.219999	-315	1.8	-315	0	0	0	1
2.239999	-315	1.8	-315	0	0	0	1
2.259999	-315	1.8	-315	0	0	0	1
2.279999	-315	1.8	-315	0	0	0	1
2.299999	-315	1.8	-315	0	0	0	1
2.319999	-315	1.8	-315	0	0	0	1
2.339998	-315	1.8	-315	0	0	0	1
2.359998	-315	1.8	-315	0	0	0	1
2.379998	-315	1.8	-315	0	0	0	1
2.399998	-315	1.8	-315	0	0	0	1
2.419998	-315	1.8	-315	0	0	0	1
2.439998	-315	1.8	-315	0	0	0	1
2.459998	-315	1.8	-315	0	0	0	1
2.479998	-315	1.8	-315	0	0	0	1
2.499998	-315	1.8	-315	0	0	0	1
2.519998	-315	1.8	-315	0	0	0	1
2.539998	-315	1.8	-315	0	0	0	1
2.559998	-315	1.8	-315	0	0	0	1
2.579998	-315	1.8	-315	0	0	0	1
2.599998	-315	1.8	-315	0	0	0	1
2.619998	-315	1.8	-315	0	0	0	1
2.639998	-315	1.8	-315	0	0	0	1
2.659998	-315	1.8	-315	0	0	0	1
2.679998	-315	1.8	-315	0	0	0	1
2.699998	-315	1.8	-315	0	0	0	1
2.719998	-315	1.8	-315	0	0	0	1
2.739998	-315	1.8	-315	0	0	0	1
2.759998	-315	1.8	-315	0	0	0	1
2.779998	-315	1.8	-315	0	0	0	1
2.799998	-315	1.8	-315	0	0	0	1
2.819998	-315	1.8	-315	0	0	0	1
2.839998	-315	1.8	-315	0	0	0	1
2.859998	-315	1.8	-315	0	0	0	1
2.879998	-315	1.8	-315	0	0	0	1
2.899998	-315	1.8	-315	0	0	0	1
2.919998	-315	1.8	-315	0	0	0	1
2.939998	-315	1.8	-315	0	0	0	1
2.959998	-315	1.8	-315	0	0	0	1
2.979998	-315	1.8	-315	0	0	0	1
2.999998	-315	1.8	-315	0	0	0	1
3.019998	-315	1.8	-315	0	0	0	1
3.039998	-315	1.8	-315	0	0	0	1
3.059998	-315	1.8	-315	0	0	0	1
3.079998	-315	1.8	-315	0	0	0	1
3.099998	-315	1.8	-315	0	0	0	1
3.119998	-315	1.8	-315	0	0	0	1
3.139998	-315	1.8	-315	0	0	0	1
3.159998	-315	1.8	-315	0	0	0	1
3.179998	-315	1.8	-315	0	0	0	1
3.199998	-315	1.8	-315	0	0	0	1
3.219998	-315	1.8	-315	0	0	0	1
3.239998	-315	1.8	-315	0	0	0	1
3.259998	-315	1.8	-315	0	0	0	1
3.279998	-315	1.8	-315	0	0	0	1
3.299998	-315	1.8	-315	0	0	0	1
3.319998	-315	1.8	-315	0	0	0	1
3.339998	-315	1.8	-315	0	0	0	1
3.359998	-315	1.8	-315	0	0	0	1
3.379997	-315	1.8	-315	0	0	0	1
3.399997	-315	1.8	-315	0	0	0	1
3.419997	-315	1.8	-315	0	0	0	1
3.439997	-315	1.8	-315	0	0	0	1
3.459997	-315	1.8	-315	0	0	0	1
3.479997	-315	1.8	-315	0	0	0	1
3.499997	-315	1.8	-315	0	0	0	1
3.519997	-315	1.8	-315	0	0	0	1
3.539997	-315	1.8	-315	0	0	0	1
3.559997	-315	1.8	-315	0	0	0	1
3.579997	-315	1.8	-315	0	0	0	1
3.599997	-315	1.8	-315	0	0	0	1
3.619997	-315	1.8	-315	0	0	0	1
3.639997	-315	1.8	-315	0	0	0	1
3.659997	-315	1.8	-315	0	0	0	1
3.679997	-315	1.8	-315	0	0	0	1
3.699997	-315	1.8	-315	0	0	0	1
3.719997	-315	1.8	-315	0	0	0	1
3.739997	-315	1.8	-315	0	0	0	1
3.759997	-315	1.8	-315	0	0	0	1
3.779997	-315	1.8	-315	0	0	0	1
3.799997	-315	1.8	-315	0	0	0	1
3.819997	-315	1.8	-315	0	0	0	1
3.839997	-315	1.8	-315	0	0	0	1
3.859997	-315	1.8	-315	0	0	0	1
3.879997	-315	1.8	-315	0	0	0	1
3.899997	-315	1.8	-315	0	0	0	1
3.919997	-315	1.8	-315	0	0	0	1
3.939997	-315	1.8	-315	0	0	0	1
3.959997	-315	1.8	-315	0	0	0	1
3.979997	-315	1.8	-315	0	0	0	1
3.999997	-315	1.8	-315	0	0	0	1
4.019997	-315	1.8	-315	0	0	0	1
4.039997	-315	1.8	-315	0	0	0	1
4.059997	-315	1.8	-315	0	0	0	1
4.079997	-315	1.8	-315	0	0	0	1
4.099997	-315	1.8	-315	0	0	0	1
4.119997	-315	1.8	-315	0	0	0	1
4.139997	-315	1.8	-315	0	0	0	1
4.159997	-315	1.8	-315	0	0	0	1
4.179997	-315	1.8	-315	0	0	0	1
4.199997	-315	1.8	-315	0	0	0	1
4.219997	-315	1.8	-315	0	0	0	1
4.239997	-315	1.8	-315	0	0	0	1
4.259997	-315	1.8	-315	0	0	0	1
4.279997	-315	1.8	-315	0	0	0	1
4.299997	-315	1.8	-315	0	0	0	1
4.319997	-315	1.8	-315	0	0	0	1
4.339997	-315	1.8	-315	0	0	0	1
4.359997	-315	1.8	-315	0	0	0	1
4.379997	-315	1.8	-315	0	0	0	1
4.399997	-315	1.8	-315	0	0	0	1
4.419997	-315	1.8	-315	0	0	0	1
4.439997	-315	1.8	-315	0	0	0	1
4.459997	-315	1.8	-315	0	0	0	1
4.479997	-315	1.8	-315	0	0	0	1
4.499997	-315	1.8	-315	0	0	0	1
4.519997	-315	1.8	-315	0	0	0	1
4.539997	-315	1.8	-315	0	0	0	1
4.559997	-315	1.8	-315	0	0	0	1
4.579997	-315	1.8	-315	0	0	0	1
4.599997	-315	1.8	-315	0	0	0	1
4.619997	-315	1.8	-315	0	0	0	1
4.639997	-315	1.8	-315	0	0	0	1
4.659997	-315	1.8	-315	0	0	0	1
4.679996	-315	1.8	-315	0	0	0	1
4.699996	-315	1.8	-315	0	0	0	1
4.719996	-315	1.8	-315	0	0	0	1
4.739996	-315	1.8	-315	0	0	0	1
4.759996	-315	1.8	-315	0	0	0	1
4.779996	-315	1.8	-315	0	0	0	1
4.799996	-315	1.8	-315	0	0	0	1
4.819996	-315	1.8	-315	0	0	0	1
4.839996	-315	1.8	-315	0	0	0	1
4.859996	-315	1.8	-315	0	0	0	1
4.879996	-315	1.8	-315	0	0	0	1
4.899996	-315	1.8	-315	0	0	0	1
4.919996	-315	1.8	-315	0	0	0	1
4.939996	-315	1.8	-315	0	0	0	1
4.959996	-315	1.8	-315	0	0	0	1
4.979996	-315	1.8	-315	0	0	0	1
4.999996	-315	1.8	-315	0	0	0	1
5.019996	-315	1.8	-315	0	0	0	1
5.039996	-315	1.8	-315	0	0	0	1
5.059996	-315	1.8	-315	0	0	0	1
5.079996	-315	1.8	-315	0	0	0	1
5.099996	-315	1.8	-315	0	0	0	1
5.119996	-315	1.8	-315	0	0	0	1
5.139996	-315	1.8	-315	0	0	0	1
5.159996	-315	1.8	-315	0	0	0	1
5.179996	-315	1.8	-315	0	0	0	1
5.199996	-315	1.8	-315	0	0	0	1
5.219996	-315	1.8	-315	0	0	0	1
5.239996	-315	1.8	-315	0	0	0	1
5.259996	-315	1.8	-315	0	0	0	1
5.279996	-315	1.8	-315	0	0	0	1
5.299996	-315	1.8	-315	0	0	0	1
5.319996	-315	1.8	-315	0	0	0	1
5.339996	-315	1.8	-315	0	0	0	1
5.359996	-315	1.8	-315	0	0	0	1
5.379996	-315	1.8	-315	0	0	0	1
5.399996	-315	1.8	-315	0	0	0	1
5.419996	-315	1.8	-315	0	0	0	1
5.439996	-315	1.8	-315	0	0	0	1
5.459996	-315.1154	1.8	-314.9774	0	0	0	1
5.479996	-315.1886	1.8	-314.885	0	0	0	1
5.499996	-315.2617	1.8	-314.7927	0	0	0	1
5.519996	-315.2717	1.8	-314.65	0	0	0	1
5.539996	-315.2817	1.8	-314.5072	0	0	0	1
5.559996	-315.2401	1.8	-314.344	0	0	0	1
5.579996	-315.1986	1.8	-314.1807	0	0	0	1
5.599996	-315.1306	1.8	-314.004	0	0	0	1
5.619996	-315.0626	1.8	-313.8273	0	0	0	1
5.639996	-315.0026	1.8	-313.6715	0	0	0	1
5.659996	-314.9426	1.8	-313.5157	0	0	0	1
5.679996	-314.8885	1.8	-313.3815	0	0	0	1
5.699996	-314.8345	1.8	-313.2473	0	0	0	1
5.719995	-314.7985	1.8	-313.1679	0	0	0	1
5.739995	-314.7625	1.8	-313.0885	0	0	0	1
5.759995	-314.7594	1.8	-313.1147	0	0	0	1
5.779995	-314.7986	1.8	-313.2506	0	0	0	1
5.799995	-314.8377	1.8	-313.3866	0	0	0	1
5.819995	-314.8855	1.8	-313.578	0	0	0	1
5.839995	-314.9354	1.8	-313.7666	0	0	0	1
5.859995	-314.9853	1.8	-313.9553	0	0	0	1
5.879995	-315.034	1.8	-314.1216	0	0	0	1
5.899995	-315.0827	1.8	-314.288	0	0	0	1
5.919995	-315.1251	1.8	-314.4329	0	0	0	1
5.939995	-315.1674	1.8	-314.5777	0	0	0	1
5.959995	-315.2036	1.8	-314.7011	0	0	0	1
5.979995	-315.2334	1.8	-314.8029	0	0	0	1
5.999995	-315.2569	1.8	-314.8833	0	0	0	1
6.019995	-315.2804	1.8	-314.9637	0	0	0	1
6.039995	-315.2976	1.8	-315.0226	0	0	0	1
6.059995	-315.3085	1.8	-315.06	0	0	0	1
6.079995	-315.3131	1.8	-315.0758	0	0	0	1
6.099995	-315.3178	1.8	-315.0917	0	0	0	1
6.119995	-315.3178	1.8	-315.0917	0	0	0	1
6.139995	-315.3178	1.8	-315.0917	0	0	0	1
6.159995	-315.3178	1.8	-315.0917	0	0	0	1
6.179995	-315.3178	1.8	-315.0917	0	0	0	1
6.199995	-315.4349	1.8	-315.1025	0	0	0	1
6.219995	-315.552	1.8	-315.1133	0	0	0	1
6.239995	-315.666	1.8	-315.1199	0	0	0	1
6.259995	-315.7799	1.8	-315.1266	0	0	0	1
6.279995	-315.8562	1.8	-315.0569	0	0	0	1
6.299995	-315.8703	1.8	-314.9154	0	0	0	1
6.319995	-315.8844	1.8	-314.7739	0	0	0	1
6.339995	-315.8629	1.8	-314.5894	0	0	0	1
6.359995	-315.8414	1.8	-314.405	0	0	0	1
6.379995	-315.8134	1.8	-314.2104	0	0	0	1
6.399995	-315.7854	1.8	-314.0157	0	0	0	1
6.419995	-315.7545	1.8	-313.8238	0	0	0	1
6.439995	-315.7236	1.8	-313.6319	0	0	0	1
6.459995	-315.6963	1.8	-313.4621	0	0	0	1
6.479995	-315.6725	1.8	-313.3144	0	0	0	1
6.499995	-315.6487	1.8	-313.1667	0	0	0	1
6.519995	-315.6284	1.8	-313.0411	0	0	0	1
6.539995	-315.6118	1.8	-312.9377	0	0	0	1
6.559995	-315.5987	1.8	-312.8564	0	0	0	1
6.579995	-315.5856	1.8	-312.775	0	0	0	1
6.599995	-315.576	1.8	-312.7158	0	0	0	1
6.619995	-315.57	1.8	-312.6787	0	0	0	1
6.639995	-315.5676	1.8	-312.6637	0	0	0	1
6.659995	-315.5652	1.8	-312.6487	0	0	0	1
6.679995	-315.5652	1.8	-312.6487	0	0	0	1
6.699995	-315.5652	1.8	-312.6487	0	0	0	1
6.719995	-315.5652	1.8	-312.6487	0	0	0	1
6.739995	-315.5652	1.8	-312.6487	0	0	0	1
6.759995	-315.5694	1.8	-312.5312	0	0	0	1
6.779994	-315.5736	1.8	-312.4137	0	0	0	1
6.799994	-315.5764	1.8	-312.2162	0	0	0	1
6.819994	-315.5791	1.8	-312.0186	0	0	0	1
6.839994	-315.5794	1.8	-311.8234	0	0	0	1
6.859994	-315.5752	1.8	-311.6295	0	0	0	1
6.879994	-315.5709	1.8	-311.4355	0	0	0	1
6.899994	-315.5645	1.8	-311.2384	0	0	0	1
6.919994	-315.558	1.8	-311.0413	0	0	0	1
6.939994	-315.5492	1.8	-310.8454	0	0	0	1
6.959994	-315.5403	1.8	-310.6495	0	0	0	1
6.979994	-315.5325	1.8	-310.476	0	0	0	1
6.999994	-315.5256	1.8	-310.3249	0	0	0	1
7.019994	-315.5198	1.8	-310.1961	0	0	0	1
7.039994	-315.515	1.8	-310.0897	0	0	0	1
7.059994	-315.5112	1.8	-310.0057	0	0	0	1
7.079994	-315.5084	1.8	-309.9441	0	0	0	1
7.099994	-315.5056	1.8	-309.8824	0	0	0	1
7.119994	-315.5039	1.8	-309.8432	0	0	0	1
7.139994	-315.5031	1.8	-309.8263	0	0	0	1
7.159994	-315.5031	1.8	-309.8263	0	0	0	1
7.179994	-315.5031	1.8	-309.8263	0	0	0	1
7.199994	-315.5031	1.8	-309.8263	0	0	0	1
7.219994	-315.5084	1.8	-309.7088	0	0	0	1
7.239994	-315.4852	1.8	-309.5165	0	0	0	1
7.259994	-315.4619	1.8	-309.3242	0	0	0	1
7.279994	-315.4387	1.8	-309.1319	0	0	0	1
7.299994	-315.4095	1.8	-308.942	0	0	0	1
7.319994	-315.3802	1.8	-308.752	0	0	0	1
7.339994	-315.3545	1.8	-308.5841	0	0	0	1
7.359994	-315.3287	1.8	-308.4163	0	0	0	1
7.379994	-315.3063	1.8	-308.2706	0	0	0	1
7.399994	-315.2873	1.8	-308.147	0	0	0	1
7.419994	-315.2683	1.8	-308.0235	0	0	0	1
7.439994	-315.2527	1.8	-307.9221	0	0	0	1
7.459994	-315.2405	1.8	-307.8428	0	0	0	1
7.479994	-315.2284	1.8	-307.7635	0	0	0	1
7.499994	-315.2196	1.8	-307.7064	0	0	0	1
7.519994	-315.2142	1.8	-307.6714	0	0	0	1
7.539994	-315.2088	1.8	-307.6364	0	0	0	1
7.559994	-315.2068	1.8	-307.6235	0	0	0	1
7.579994	-315.2068	1.8	-307.6235	0	0	0	1
7.599994	-315.2068	1.8	-307.6235	0	0	0	1
7.619994	-315.2068	1.8	-307.6235	0	0	0	1
7.639994	-315.2068	1.8	-307.6235	0	0	0	1
7.659994	-315.201	1.8	-307.506	0	0	0	1
7.679994	-315.1951	1.8	-307.3886	0	0	0	1
7.699994	-315.1892	1.8	-307.2711	0	0	0	1
7.719994	-315.1325	1.8	-307.0916	0	0	0	1
7.739994	-315.0758	1.8	-306.9122	0	0	0	1
7.759994	-315.0259	1.8	-306.7541	0	0	0	1
7.779994	-314.9827	1.8	-306.6173	0	0	0	1
7.799994	-314.9395	1.8	-306.4806	0	0	0	1
7.819993	-314.9031	1.8	-306.3651	0	0	0	1
7.839993	-314.8734	1.8	-306.2711	0	0	0	1
7.859993	-314.8437	1.8	-306.177	0	0	0	1
7.879993	-314.8208	1.8	-306.1043	0	0	0	1
7.899993	-314.7978	1.8	-306.0316	0	0	0	1
7.919993	-314.7816	1.8	-305.9803	0	0	0	1
7.939993	-314.7722	1.8	-305.9503	0	0	0	1
7.959993	-314.7627	1.8	-305.9204	0	0	0	1
7.979993	-314.76	1.8	-305.9118	0	0	0	1
7.999993	-314.76	1.8	-305.9118	0	0	0	1
8.019994	-314.76	1.8	-305.9118	0	0	0	1
8.039994	-314.7715	1.8	-305.7947	0	0	0	1
8.059995	-314.7831	1.8	-305.6777	0	0	0	1
8.079995	-314.7509	1.8	-305.4935	0	0	0	1
8.099996	-314.7187	1.8	-305.3092	0	0	0	1
8.119996	-314.6747	1.8	-305.123	0	0	0	1
8.139997	-314.6308	1.8	-304.9369	0	0	0	1
8.159997	-314.592	1.8	-304.7725	0	0	0	1
8.179997	-314.5533	1.8	-304.6081	0	0	0	1
8.199998	-314.5196	1.8	-304.4655	0	0	0	1
8.219998	-314.4911	1.8	-304.3448	0	0	0	1
8.239999	-314.4626	1.8	-304.224	0	0	0	1
8.259999	-314.4393	1.8	-304.125	0	0	0	1
8.28	-314.4211	1.8	-304.0478	0	0	0	1
8.3	-314.408	1.8	-303.9925	0	0	0	1
8.320001	-314.395	1.8	-303.9371	0	0	0	1
8.340001	-314.3871	1.8	-303.9035	0	0	0	1
8.360002	-314.3843	1.8	-303.8918	0	0	0	1
8.380002	-314.3843	1.8	-303.8918	0	0	0	1
8.400002	-314.3843	1.8	-303.8918	0	0	0	1
8.420003	-314.3843	1.8	-303.8918	0	0	0	1
8.440003	-314.3843	1.8	-303.8918	0	0	0	1
8.460004	-314.3843	1.8	-303.8918	0	0	0	1
8.480004	-314.3843	1.8	-303.8918	0	0	0	1
8.500005	-314.3659	1.8	-303.7756	0	0	0	1
8.520005	-314.3068	1.8	-303.5906	0	0	0	1
8.540006	-314.2476	1.8	-303.4055	0	0	0	1
8.560006	-314.189	1.8	-303.2171	0	0	0	1
8.580007	-314.1304	1.8	-303.0286	0	0	0	1
8.600007	-314.0701	1.8	-302.8433	0	0	0	1
8.620008	-314.0097	1.8	-302.6579	0	0	0	1
8.640008	-313.9563	1.8	-302.4939	0	0	0	1
8.660008	-313.9099	1.8	-302.3512	0	0	0	1
8.680009	-313.8634	1.8	-302.2084	0	0	0	1
8.700009	-313.8238	1.8	-302.087	0	0	0	1
8.72001	-313.7843	1.8	-301.9656	0	0	0	1
8.74001	-313.7517	1.8	-301.8654	0	0	0	1
8.760011	-313.726	1.8	-301.7866	0	0	0	1
8.780011	-313.7003	1.8	-301.7077	0	0	0	1
8.800012	-313.6816	1.8	-301.6502	0	0	0	1
8.820012	-313.6698	1.8	-301.6139	0	0	0	1
8.840013	-313.658	1.8	-301.5777	0	0	0	1
8.860013	-313.6531	1.8	-301.5627	0	0	0	1
8.880013	-313.6531	1.8	-301.5627	0	0	0	1
8.900014	-313.6531	1.8	-301.5627	0	0	0	1
8.920014	-313.6531	1.8	-301.5627	0	0	0	1
8.940015	-313.6531	1.8	-301.5627	0	0	0	1
8.960015	-313.6531	1.8	-301.5627	0	0	0	1
8.980016	-313.6434	1.8	-301.4455	0	0	0	1
9.000016	-313.5912	1.8	-301.2604	0	0	0	1
9.020017	-313.5389	1.8	-301.0753	0	0	0	1
9.040017	-313.4944	1.8	-300.8896	0	0	0	1
9.060018	-313.4498	1.8	-300.7039	0	0	0	1
9.080018	-313.4144	1.8	-300.5182	0	0	0	1
9.100019	-313.379	1.8	-300.3326	0	0	0	1
9.120019	-313.3546	1.8	-300.1472	0	0	0	1
9.140019	-313.3425	1.8	-299.9591	0	0	0	1
9.16002	-313.3304	1.8	-299.7711	0	0	0	1
9.18002	-313.3279	1.8	-299.5791	0	0	0	1
9.200021	-313.3254	1.8	-299.3871	0	0	0	1
9.220021	-313.3307	1.8	-299.1958	0	0	0	1
9.240022	-313.3328	1.8	-298.9988	0	0	0	1
9.260022	-313.335	1.8	-298.8018	0	0	0	1
9.280023	-313.3342	1.8	-298.6073	0	0	0	1
9.300023	-313.3334	1.8	-298.4351	0	0	0	1
9.320024	-313.3327	1.8	-298.2629	0	0	0	1
9.340024	-313.3321	1.8	-298.1131	0	0	0	1
9.360024	-313.3315	1.8	-297.9857	0	0	0	1
9.380025	-313.331	1.8	-297.8584	0	0	0	1
9.400025	-313.3305	1.8	-297.7534	0	0	0	1
9.420026	-313.3302	1.8	-297.6708	0	0	0	1
9.440026	-313.3299	1.8	-297.6106	0	0	0	1
9.460027	-313.3298	1.8	-297.5728	0	0	0	1
9.480027	-313.3296	1.8	-297.5351	0	0	0	1
9.500028	-313.3296	1.8	-297.5197	0	0	0	1
9.520028	-313.3326	1.8	-297.3867	0	0	0	1
9.540029	-313.3356	1.8	-297.2538	0	0	0	1
9.560029	-313.3131	1.8	-297.0614	0	0	0	1
9.580029	-313.2852	1.8	-296.8688	0	0	0	1
9.60003	-313.2572	1.8	-296.6762	0	0	0	1
9.62003	-313.2244	1.8	-296.4854	0	0	0	1
9.640031	-313.1915	1.8	-296.2945	0	0	0	1
9.660031	-313.1544	1.8	-296.1017	0	0	0	1
9.680032	-313.1216	1.8	-295.9309	0	0	0	1
9.700032	-313.0887	1.8	-295.7601	0	0	0	1
9.720033	-313.0602	1.8	-295.6113	0	0	0	1
9.740033	-313.0358	1.8	-295.4845	0	0	0	1
9.760034	-313.0156	1.8	-295.3797	0	0	0	1
9.780034	-312.9997	1.8	-295.2968	0	0	0	1
9.800035	-312.988	1.8	-295.236	0	0	0	1
9.820035	-312.9805	1.8	-295.1972	0	0	0	1
9.840035	-312.9731	1.8	-295.1584	0	0	0	1
9.860036	-312.9698	1.8	-295.1416	0	0	0	1
9.880036	-312.9698	1.8	-295.1416	0	0	0	1
9.900037	-312.9698	1.8	-295.1416	0	0	0	1
9.920037	-312.9698	1.8	-295.1416	0	0	0	1
9.940038	-312.9698	1.8	-295.1416	0	0	0	1
9.960038	-312.9698	1.8	-295.1416	0	0	0	1
9.980039	-312.9698	1.8	-295.1416	0	0	0	1
10.00004	-312.9906	1.8	-295.0258	0	0	0	1
10.02004	-313.0114	1.8	-294.9101	0	0	0	1
10.04004	-313.0119	1.8	-294.7169	0	0	0	1
10.06004	-313.0056	1.8	-294.5258	0	0	0	1
10.08004	-312.9994	1.8	-294.3348	0	0	0	1
10.10004	-312.9846	1.8	-294.145	0	0	0	1
10.12004	-312.9714	1.8	-293.9775	0	0	0	1
10.14004	-312.9583	1.8	-293.81	0	0	0	1
10.16004	-312.947	1.8	-293.6648	0	0	0	1
10.18004	-312.9373	1.8	-293.5419	0	0	0	1
10.20004	-312.9295	1.8	-293.4414	0	0	0	1
10.22004	-312.9233	1.8	-293.3632	0	0	0	1
10.24004	-312.919	1.8	-293.3074	0	0	0	1
10.26005	-312.9164	1.8	-293.2738	0	0	0	1
10.28005	-312.9155	1.8	-293.2626	0	0	0	1
10.30005	-312.9155	1.8	-293.2626	0	0	0	1
10.32005	-312.9155	1.8	-293.2626	0	0	0	1
10.34005	-312.9155	1.8	-293.2626	0	0	0	1
10.36005	-312.9155	1.8	-293.2626	0	0	0	1
10.38005	-312.9155	1.8	-293.2626	0	0	0	1
10.40005	-312.9155	1.8	-293.2626	0	0	0	1
10.42005	-312.9155	1.8	-293.2626	0	0	0	1
10.44005	-312.9155	1.8	-293.2626	0	0	0	1
10.46005	-312.9155	1.8	-293.2626	0	0	0	1
10.48005	-312.9155	1.8	-293.2626	0	0	0	1
10.50005	-312.9155	1.8	-293.2626	0	0	0	1
10.52005	-312.9155	1.8	-293.2626	0	0	0	1
10.54005	-312.9155	1.8	-293.2626	0	0	0	1
10.56005	-312.9155	1.8	-293.2626	0	0	0	1
10.58005	-312.9155	1.8	-293.2626	0	0	0	1
10.60005	-312.9155	1.8	-293.2626	0	0	0	1
10.62005	-312.9155	1.8	-293.2626	0	0	0	1
10.64005	-312.9155	1.8	-293.2626	0	0	0	1
10.66005	-312.9155	1.8	-293.2626	0	0	0	1
10.68005	-312.9155	1.8	-293.2626	0	0	0	1
10.70006	-312.9857	1.8	-293.357	0	0	0	1
10.72006	-313.0558	1.8	-293.4514	0	0	0	1
10.74006	-313.1351	1.8	-293.6253	0	0	0	1
10.76006	-313.2085	1.8	-293.8044	0	0	0	1
10.78006	-313.2819	1.8	-293.9835	0	0	0	1
10.80006	-313.3489	1.8	-294.1636	0	0	0	1
10.82006	-313.4159	1.8	-294.3438	0	0	0	1
10.84006	-313.4749	1.8	-294.5246	0	0	0	1
10.86006	-313.5339	1.8	-294.7054	0	0	0	1
10.88006	-313.586	1.8	-294.8649	0	0	0	1
10.90006	-313.6312	1.8	-295.0031	0	0	0	1
10.92006	-313.6693	1.8	-295.1201	0	0	0	1
10.94006	-313.7006	1.8	-295.2157	0	0	0	1
10.96006	-313.7248	1.8	-295.2901	0	0	0	1
10.98006	-313.7422	1.8	-295.3431	0	0	0	1
11.00006	-313.7595	1.8	-295.3962	0	0	0	1
11.02006	-313.7699	1.8	-295.428	0	0	0	1
11.04006	-313.7733	1.8	-295.4384	0	0	0	1
11.06006	-313.7733	1.8	-295.4384	0	0	0	1
11.08006	-313.7733	1.8	-295.4384	0	0	0	1
11.10006	-313.7733	1.8	-295.4384	0	0	0	1
11.12006	-313.7733	1.8	-295.4384	0	0	0	1
11.14007	-313.7733	1.8	-295.4384	0	0	0	1
11.16007	-313.7733	1.8	-295.4384	0	0	0	1
11.18007	-313.7733	1.8	-295.4384	0	0	0	1
11.20007	-313.7733	1.8	-295.4384	0	0	0	1
11.22007	-313.7733	1.8	-295.4384	0	0	0	1
11.24007	-313.7733	1.8	-295.4384	0	0	0	1
11.26007	-313.7733	1.8	-295.4384	0	0	0	1
11.28007	-313.7733	1.8	-295.4384	0	0	0	1
11.30007	-313.7733	1.8	-295.4384	0	0	0	1
11.32007	-313.7733	1.8	-295.4384	0	0	0	1
11.34007	-313.7733	1.8	-295.4384	0	0	0	1
11.36007	-313.7733	1.8	-295.4384	0	0	0	1
11.38007	-313.7733	1.8	-295.4384	0	0	0	1
11.40007	-313.7733	1.8	-295.4384	0	0	0	1
11.42007	-313.7733	1.8	-295.4384	0	0	0	1
11.44007	-313.7733	1.8	-295.4384	0	0	0	1
11.46007	-313.7733	1.8	-295.4384	0	0	0	1
11.48007	-313.7733	1.8	-295.4384	0	0	0	1
11.50007	-313.7733	1.8	-295.4384	0	0	0	1
11.52007	-313.7733	1.8	-295.4384	0	0	0	1
11.54007	-313.7733	1.8	-295.4384	0	0	0	1
11.56007	-313.7733	1.8	-295.4384	0	0	0	1
11.58008	-313.7733	1.8	-295.4384	0	0	0	1
11.60008	-313.7733	1.8	-295.4384	0	0	0	1
11.62008	-313.7733	1.8	-295.4384	0	0	0	1
11.64008	-313.7733	1.8	-295.4384	0	0	0	1
11.66008	-313.7733	1.8	-295.4384	0	0	0	1
11.68008	-313.7733	1.8	-295.4384	0	0	0	1
11.70008	-313.7733	1.8	-295.4384	0	0	0	1
11.72008	-313.7733	1.8	-295.4384	0	0	0	1
11.74008	-313.7733	1.8	-295.4384	0	0	0	1
11.76008	-313.7733	1.8	-295.4384	0	0	0	1
11.78008	-313.7733	1.8	-295.4384	0	0	0	1
11.80008	-313.7733	1.8	-295.4384	0	0	0	1
11.82008	-313.7733	1.8	-295.4384	0	0	0	1
11.84008	-313.7733	1.8	-295.4384	0	0	0	1
11.86008	-313.7733	1.8	-295.4384	0	0	0	1
11.88008	-313.7733	1.8	-295.4384	0	0	0	1
11.90008	-313.7733	1.8	-295.4384	0	0	0	1
11.92008	-313.7733	1.8	-295.4384	0	0	0	1
11.94008	-313.7733	1.8	-295.4384	0	0	0	1
11.96008	-313.7733	1.8	-295.4384	0	0	0	1
11.98008	-313.7733	1.8	-295.4384	0	0	0	1
12.00008	-313.7733	1.8	-295.4384	0	0	0	1
12.02009	-313.7733	1.8	-295.4384	0	0	0	1
12.04009	-313.8218	1.8	-295.5456	0	0	0	1
12.06009	-313.8853	1.8	-295.7313	0	0	0	1
12.08009	-313.9489	1.8	-295.9171	0	0	0	1
12.10009	-314.0082	1.8	-296.1017	0	0	0	1
12.12009	-314.0613	1.8	-296.2864	0	0	0	1
12.14009	-314.1112	1.8	-296.4762	0	0	0	1
12.16009	-314.1611	1.8	-296.666	0	0	0	1
12.18009	-314.2085	1.8	-296.8566	0	0	0	1
12.20009	-314.2574	1.8	-297.0251	0	0	0	1
12.22009	-314.3064	1.8	-297.1936	0	0	0	1
12.24009	-314.3519	1.8	-297.3841	0	0	0	1
12.26009	-314.3975	1.8	-297.5746	0	0	0	1
12.28009	-314.4378	1.8	-297.7433	0	0	0	1
12.30009	-314.4782	1.8	-297.9121	0	0	0	1
12.32009	-314.5133	1.8	-298.0591	0	0	0	1
12.34009	-314.5485	1.8	-298.206	0	0	0	1
12.36009	-314.5784	1.8	-298.3312	0	0	0	1
12.38009	-314.6084	1.8	-298.4564	0	0	0	1
12.40009	-314.6331	1.8	-298.5598	0	0	0	1
12.42009	-314.6526	1.8	-298.6414	0	0	0	1
12.44009	-314.6669	1.8	-298.7012	0	0	0	1
12.4601	-314.6812	1.8	-298.761	0	0	0	1
12.4801	-314.6903	1.8	-298.799	0	0	0	1
12.5001	-314.6942	1.8	-298.8153	0	0	0	1
12.5201	-314.6981	1.8	-298.8315	0	0	0	1
12.5401	-314.6981	1.8	-298.8315	0	0	0	1
12.5601	-314.6981	1.8	-298.8315	0	0	0	1
12.5801	-314.6981	1.8	-298.8315	0	0	0	1
12.6001	-314.6981	1.8	-298.8315	0	0	0	1
12.6201	-314.6981	1.8	-298.8315	0	0	0	1
12.6401	-314.6981	1.8	-298.8315	0	0	0	1
12.6601	-314.6981	1.8	-298.8315	0	0	0	1
12.6801	-314.6981	1.8	-298.8315	0	0	0	1
12.7001	-314.6981	1.8	-298.8315	0	0	0	1
12.7201	-314.6981	1.8	-298.8315	0	0	0	1
12.7401	-314.6981	1.8	-298.8315	0	0	0	1
12.7601	-314.6981	1.8	-298.8315	0	0	0	1
12.7801	-314.6981	1.8	-298.8315	0	0	0	1
12.8001	-314.6981	1.8	-298.8315	0	0	0	1
12.8201	-314.6981	1.8	-298.8315	0	0	0	1
12.8401	-314.6981	1.8	-298.8315	0	0	0	1
12.8601	-314.6981	1.8	-298.8315	0	0	0	1
12.88011	-314.6981	1.8	-298.8315	0	0	0	1
12.90011	-314.6981	1.8	-298.8315	0	0	0	1
12.92011	-314.6981	1.8	-298.8315	0	0	0	1
12.94011	-314.6981	1.8	-298.8315	0	0	0	1
12.96011	-314.6981	1.8	-298.8315	0	0	0	1
12.98011	-314.6981	1.8	-298.8315	0	0	0	1
13.00011	-314.6981	1.8	-298.8315	0	0	0	1
13.02011	-314.6981	1.8	-298.8315	0	0	0	1
13.04011	-314.6981	1.8	-298.8315	0	0	0	1
13.06011	-314.6981	1.8	-298.8315	0	0	0	1
13.08011	-314.6981	1.8	-298.8315	0	0	0	1
13.10011	-314.6981	1.8	-298.8315	0	0	0	1
13.12011	-314.6981	1.8	-298.8315	0	0	0	1
13.14011	-314.6981	1.8	-298.8315	0	0	0	1
13.16011	-314.6981	1.8	-298.8315	0	0	0	1
13.18011	-314.6981	1.8	-298.8315	0	0	0	1
13.20011	-314.6981	1.8	-298.8315	0	0	0	1
13.22011	-314.6981	1.8	-298.8315	0	0	0	1
13.24011	-314.6981	1.8	-298.8315	0	0	0	1
13.26011	-314.6981	1.8	-298.8315	0	0	0	1
13.28011	-314.6981	1.8	-298.8315	0	0	0	1
13.30011	-314.6981	1.8	-298.8315	0	0	0	1
13.32012	-314.6981	1.8	-298.8315	0	0	0	1
13.34012	-314.6981	1.8	-298.8315	0	0	0	1
13.36012	-314.6981	1.8	-298.8315	0	0	0	1
13.38012	-314.6981	1.8	-298.8315	0	0	0	1
13.40012	-314.6981	1.8	-298.8315	0	0	0	1
13.42012	-314.6981	1.8	-298.8315	0	0	0	1
13.44012	-314.6981	1.8	-298.8315	0	0	0	1
13.46012	-314.6981	1.8	-298.8315	0	0	0	1
13.48012	-314.6981	1.8	-298.8315	0	0	0	1
13.50012	-314.6981	1.8	-298.8315	0	0	0	1
13.52012	-314.6981	1.8	-298.8315	0	0	0	1
13.54012	-314.6981	1.8	-298.8315	0	0	0	1
13.56012	-314.6981	1.8	-298.8315	0	0	0	1
13.58012	-314.6981	1.8	-298.8315	0	0	0	1
13.60012	-314.6981	1.8	-298.8315	0	0	0	1
13.62012	-314.6981	1.8	-298.8315	0	0	0	1
13.64012	-314.6981	1.8	-298.8315	0	0	0	1
13.66012	-314.6981	1.8	-298.8315	0	0	0	1
13.68012	-314.6981	1.8	-298.8315	0	0	0	1
13.70012	-314.6981	1.8	-298.8315	0	0	0	1
13.72012	-314.6981	1.8	-298.8315	0	0	0	1
13.74012	-314.6981	1.8	-298.8315	0	0	0	1
13.76013	-314.6981	1.8	-298.8315	0	0	0	1
13.78013	-314.6981	1.8	-298.8315	0	0	0	1
13.80013	-314.6981	1.8	-298.8315	0	0	0	1
13.82013	-314.6981	1.8	-298.8315	0	0	0	1
13.84013	-314.6981	1.8	-298.8315	0	0	0	1
13.86013	-314.6981	1.8	-298.8315	0	0	0	1
13.88013	-314.6981	1.8	-298.8315	0	0	0	1
13.90013	-314.6981	1.8	-298.8315	0	0	0	1
13.92013	-314.6981	1.8	-298.8315	0	0	0	1
13.94013	-314.6981	1.8	-298.8315	0	0	0	1
13.96013	-314.6981	1.8	-298.8315	0	0	0	1
13.98013	-314.6981	1.8	-298.8315	0	0	0	1
14.00013	-314.6981	1.8	-298.8315	0	0	0	1
14.02013	-314.6981	1.8	-298.8315	0	0	0	1
14.04013	-314.6981	1.8	-298.8315	0	0	0	1
14.06013	-314.6981	1.8	-298.8315	0	0	0	1
14.08013	-314.6981	1.8	-298.8315	0	0	0	1
14.10013	-314.6981	1.8	-298.8315	0	0	0	1
14.12013	-314.6981	1.8	-298.8315	0	0	0	1
14.14013	-314.6981	1.8	-298.8315	0	0	0	1
14.16013	-314.6981	1.8	-298.8315	0	0	0	1
14.18013	-314.6981	1.8	-298.8315	0	0	0	1
14.20014	-314.6981	1.8	-298.8315	0	0	0	1
14.22014	-314.6981	1.8	-298.8315	0	0	0	1
14.24014	-314.6981	1.8	-298.8315	0	0	0	1
14.26014	-314.6981	1.8	-298.8315	0	0	0	1
14.28014	-314.6981	1.8	-298.8315	0	0	0	1
14.30014	-314.6981	1.8	-298.8315	0	0	0	1
14.32014	-314.6981	1.8	-298.8315	0	0	0	1
14.34014	-314.6981	1.8	-298.8315	0	0	0	1
14.36014	-314.6981	1.8	-298.8315	0	0	0	1
14.38014	-314.6981	1.8	-298.8315	0	0	0	1
14.40014	-314.6981	1.8	-298.8315	0	0	0	1
14.42014	-314.6981	1.8	-298.8315	0	0	0	1
14.44014	-314.6981	1.8	-298.8315	0	0	0	1
14.46014	-314.6981	1.8	-298.8315	0	0	0	1
14.48014	-314.6981	1.8	-298.8315	0	0	0	1
14.50014	-314.6981	1.8	-298.8315	0	0	0	1
14.52014	-314.6981	1.8	-298.8315	0	0	0	1
14.54014	-314.6981	1.8	-298.8315	0	0	0	1
14.56014	-314.6981	1.8	-298.8315	0	0	0	1
14.58014	-314.6981	1.8	-298.8315	0	0	0	1
14.60014	-314.6981	1.8	-298.8315	0	0	0	1
14.62014	-314.6981	1.8	-298.8315	0	0	0	1
14.64015	-314.6981	1.8	-298.8315	0	0	0	1
14.66015	-314.6981	1.8	-298.8315	0	0	0	1
14.68015	-314.6981	1.8	-298.8315	0	0	0	1
14.70015	-314.6981	1.8	-298.8315	0	0	0	1
14.72015	-314.6981	1.8	-298.8315	0	0	0	1
14.74015	-314.6981	1.8	-298.8315	0	0	0	1
14.76015	-314.6981	1.8	-298.8315	0	0	0	1
14.78015	-314.6981	1.8	-298.8315	0	0	0	1
14.80015	-314.6981	1.8	-298.8315	0	0	0	1
14.82015	-314.6981	1.8	-298.8315	0	0	0	1
14.84015	-314.6981	1.8	-298.8315	0	0	0	1
14.86015	-314.6981	1.8	-298.8315	0	0	0	1
14.88015	-314.6981	1.8	-298.8315	0	0	0	1
14.90015	-314.6981	1.8	-298.8315	0	0	0	1
14.92015	-314.6981	1.8	-298.8315	0	0.0002729807	0	1
14.94015	-314.6981	1.8	-298.8315	0	0.001273731	0	0.9999992
14.96015	-314.6981	1.8	-298.8315	0	0.001273731	0	0.9999992
14.98015	-314.6981	1.8	-298.8315	0	0.003875657	0	0.9999925
15.00015	-314.6981	1.8	-298.8315	0	0.007691368	0	0.9999704
15.02015	-314.6981	1.8	-298.8315	0	0.01277065	0	0.9999185
15.04015	-314.6981	1.8	-298.8315	0	0.01277065	0	0.9999185
15.06015	-314.6981	1.8	-298.8315	0	0.01938279	0	0.9998122
15.08016	-314.6981	1.8	-298.8315	0	0.01938279	0	0.9998122
15.10016	-314.6981	1.8	-298.8315	0	0.02702551	0	0.9996348
15.12016	-314.6981	1.8	-298.8315	0	0.03544548	0	0.9993716
15.14016	-314.6981	1.8	-298.8315	0	0.03544548	0	0.9993716
15.16016	-314.6981	1.8	-298.8315	0	0.04443955	0	0.9990121
15.18016	-314.6981	1.8	-298.8315	0	0.04443955	0	0.9990121
15.20016	-314.6981	1.8	-298.8315	0	0.05378645	0	0.9985525
15.22016	-314.6981	1.8	-298.8315	0	0.06317453	0	0.9980025
15.24016	-314.6981	1.8	-298.8315	0	0.06317453	0	0.9980025
15.26016	-314.6981	1.8	-298.8315	0	0.07284199	0	0.9973435
15.28016	-314.6981	1.8	-298.8315	0	0.07284199	0	0.9973435
15.30016	-314.6981	1.8	-298.8315	0	0.08288678	0	0.996559
15.32016	-314.6981	1.8	-298.8315	0	0.08288678	0	0.996559
15.34016	-314.6981	1.8	-298.8315	0	0.09311506	0	0.9956554
15.36016	-314.6981	1.8	-298.8315	0	0.09311506	0	0.9956554
15.38016	-314.6981	1.8	-298.8315	0	0.1034294	0	0.9946368
15.40016	-314.6981	1.8	-298.8315	0	0.1034294	0	0.9946368
15.42016	-314.6981	1.8	-298.8315	0	0.1137805	0	0.9935059
15.44016	-314.6981	1.8	-298.8315	0	0.1241431	0	0.9922643
15.46016	-314.6981	1.8	-298.8315	0	0.1241431	0	0.9922643
15.48016	-314.6981	1.8	-298.8315	0	0.1345042	0	0.990913
15.50016	-314.6981	1.8	-298.8315	0	0.1345042	0	0.990913
15.52017	-314.6981	1.8	-298.8315	0	0.1413935	0	0.9899535
15.54017	-314.6981	1.8	-298.8315	0	0.1452774	0	0.989391
15.56017	-314.6981	1.8	-298.8315	0	0.1452774	0	0.989391
15.58017	-314.6981	1.8	-298.8315	0	0.1472185	0	0.989104
15.60017	-314.6981	1.8	-298.8315	0	0.1481888	0	0.9889591
15.62017	-314.6981	1.8	-298.8315	0	0.1486739	0	0.9888863
15.64017	-314.6981	1.8	-298.8315	0	0.1486739	0	0.9888863
15.66017	-314.6981	1.8	-298.8315	0	0.1489165	0	0.9888498
15.68017	-314.6981	1.8	-298.8315	0	0.1490377	0	0.9888316
15.70017	-314.6981	1.8	-298.8315	0	0.1490984	0	0.9888223
15.72017	-314.6981	1.8	-298.8315	0	0.1491287	0	0.9888178
15.74017	-314.6981	1.8	-298.8315	0	0.1491287	0	0.9888178
15.76017	-314.6981	1.8	-298.8315	0	0.1491438	0	0.9888155
15.78017	-314.6981	1.8	-298.8315	0	0.1491514	0	0.9888144
15.80017	-314.6981	1.8	-298.8315	0	0.1491552	0	0.9888138
15.82017	-314.6981	1.8	-298.8315	0	0.1491552	0	0.9888138
15.84017	-314.6981	1.8	-298.8315	0	0.1491571	0	0.9888135
15.86017	-314.6981	1.8	-298.8315	0	0.149158	0	0.9888134
15.88017	-314.6981	1.8	-298.8315	0	0.1491585	0	0.9888133
15.90017	-314.6981	1.8	-298.8315	0	0.1491585	0	0.9888133
15.92017	-314.6981	1.8	-298.8315	0	0.1491587	0	0.9888133
15.94018	-314.6981	1.8	-298.8315	0	0.1491588	0	0.9888133
15.96018	-314.6981	1.8	-298.8315	0	0.1491588	0	0.9888133
15.98018	-314.6981	1.8	-298.8315	0	0.1491589	0	0.9888133
16.00018	-314.6981	1.8	-298.8315	0	0.1491589	0	0.9888133
16.02018	-314.6981	1.8	-298.8315	0	0.1485811	0	0.9889002
16.04018	-314.6981	1.8	-298.8315	0	0.1485811	0	0.9889002
16.06018	-314.6981	1.8	-298.8315	0	0.1485811	0	0.9889002
16.08018	-314.6981	1.8	-298.8315	0	0.1455747	0	0.9893473
16.10018	-314.6981	1.8	-298.8315	0	0.1455747	0	0.9893473
16.12018	-314.6981	1.8	-298.8315	0	0.1398448	0	0.9901735
16.14018	-314.6981	1.8	-298.8315	0	0.1398448	0	0.9901735
16.16018	-314.6981	1.8	-298.8315	0	0.1318378	0	0.9912713
16.18018	-314.6981	1.8	-298.8315	0	0.1222608	0	0.992498
16.20018	-314.6981	1.8	-298.8315	0	0.1222608	0	0.992498
16.22018	-314.6981	1.8	-298.8315	0	0.1111313	0	0.9938058
16.24018	-314.6981	1.8	-298.8315	0	0.1111313	0	0.9938058
16.26018	-314.6981	1.8	-298.8315	0	0.09817638	0	0.9951691
16.28018	-314.6981	1.8	-298.8315	0	0.08319142	0	0.9965336
16.30018	-314.6981	1.8	-298.8315	0	0.08319142	0	0.9965336
16.32018	-314.6981	1.8	-298.8315	0	0.06673871	0	0.9977705
16.34018	-314.6981	1.8	-298.8315	0	0.06673871	0	0.9977705
16.36018	-314.6981	1.8	-298.8315	0	0.04924311	0	0.9#Walking Trial Path#
#TimeStamp#	#PositionX#	#PositionY#	#PositionZ#	#OrientationX#	#OrientationY#	#OrientationZ#	#OrientationW#	
0	-315	1.8	-315	0	0	0	1
0.02	-315	1.8	-315	0	0	0	1
0.04	-315	1.8	-315	0	0	0	1
0.06	-315	1.8	-315	0	0	0	1
0.08	-315	1.8	-315	0	0	0	1
0.09999999	-315	1.8	-315	0	0	0	1
0.12	-315	1.8	-315	0	0	0	1
0.14	-315	1.8	-315	0	0	0	1
0.16	-315	1.8	-315	0	0	0	1
0.18	-315	1.8	-315	0	0	0	1
0.2	-315	1.8	-315	0	0	0	1
0.22	-315	1.8	-315	0	0	0	1
0.24	-315	1.8	-315	0	0	0	1
0.26	-315	1.8	-315	0	0	0	1
0.28	-315	1.8	-315	0	0	0	1
0.3	-315	1.8	-315	0	0	0	1
0.32	-315	1.8	-315	0	0	0	1
0.34	-315	1.8	-315	0	0	0	1
0.36	-315	1.8	-315	0	0	0	1
0.38	-315	1.8	-315	0	0	0	1
0.4	-315	1.8	-315	0	0	0	1
0.42	-315	1.8	-315	0	0	0	1
0.4400001	-315	1.8	-315	0	0	0	1
0.4600001	-315	1.8	-315	0	0	0	1
0.4800001	-315	1.8	-315	0	0	0	1
0.5000001	-315	1.8	-315	0	0	0	1
0.52	-315	1.8	-315	0	0	0	1
0.54	-315	1.8	-315	0	0	0	1
0.56	-315	1.8	-315	0	0	0	1
0.58	-315	1.8	-315	0	0	0	1
0.6	-315	1.8	-315	0	0	0	1
0.6199999	-315	1.8	-315	0	0	0	1
0.6399999	-315	1.8	-315	0	0	0	1
0.6599999	-315	1.8	-315	0	0	0	1
0.6799999	-315	1.8	-315	0	0	0	1
0.6999999	-315	1.8	-315	0	0	0	1
0.7199998	-315	1.8	-315	0	0	0	1
0.7399998	-315	1.8	-315	0	0	0	1
0.7599998	-315	1.8	-315	0	0	0	1
0.7799998	-315	1.8	-315	0	0	0	1
0.7999998	-315	1.8	-315	0	0	0	1
0.8199998	-315	1.8	-315	0	0	0	1
0.8399997	-315	1.8	-315	0	0	0	1
0.8599997	-315	1.8	-315	0	0	0	1
0.8799997	-315	1.8	-315	0	0	0	1
0.8999997	-315	1.8	-315	0	0	0	1
0.9199997	-315	1.8	-315	0	0	0	1
0.9399996	-315	1.8	-315	0	0	0	1
0.9599996	-315	1.8	-315	0	0	0	1
0.9799996	-315	1.8	-315	0	0	0	1
0.9999996	-315	1.8	-315	0	0	0	1
1.02	-315	1.8	-315	0	0	0	1
1.04	-315	1.8	-315	0	0	0	1
1.06	-315	1.8	-315	0	0	0	1
1.08	-315	1.8	-315	0	0	0	1
1.1	-315	1.8	-315	0	0	0	1
1.12	-315	1.8	-315	0	0	0	1
1.14	-315	1.8	-315	0	0	0	1
1.159999	-315	1.8	-315	0	0	0	1
1.179999	-315	1.8	-315	0	0	0	1
1.199999	-315	1.8	-315	0	0	0	1
1.219999	-315	1.8	-315	0	0	0	1
1.239999	-315	1.8	-315	0	0	0	1
1.259999	-315	1.8	-315	0	0	0	1
1.279999	-315	1.8	-315	0	0	0	1
1.299999	-315	1.8	-315	0	0	0	1
1.319999	-315	1.8	-315	0	0	0	1
1.339999	-315	1.8	-315	0	0	0	1
1.359999	-315	1.8	-315	0	0	0	1
1.379999	-315	1.8	-315	0	0	0	1
1.399999	-315	1.8	-315	0	0	0	1
1.419999	-315	1.8	-315	0	0	0	1
1.439999	-315	1.8	-315	0	0	0	1
1.459999	-315	1.8	-315	0	0	0	1
1.479999	-315	1.8	-315	0	0	0	1
1.499999	-315	1.8	-315	0	0	0	1
1.519999	-315	1.8	-315	0	0	0	1
1.539999	-315	1.8	-315	0	0	0	1
1.559999	-315	1.8	-315	0	0	0	1
1.579999	-315	1.8	-315	0	0	0	1
1.599999	-315	1.8	-315	0	0	0	1
1.619999	-315	1.8	-315	0	0	0	1
1.639999	-315	1.8	-315	0	0	0	1
1.659999	-315	1.8	-315	0	0	0	1
1.679999	-315	1.8	-315	0	0	0	1
1.699999	-315	1.8	-315	0	0	0	1
1.719999	-315	1.8	-315	0	0	0	1
1.739999	-315	1.8	-315	0	0	0	1
1.759999	-315	1.8	-315	0	0	0	1
1.779999	-315	1.8	-315	0	0	0	1
1.799999	-315	1.8	-315	0	0	0	1
1.819999	-315	1.8	-315	0	0	0	1
1.839999	-315	1.8	-315	0	0	0	1
1.859999	-315	1.8	-315	0	0	0	1
1.879999	-315	1.8	-315	0	0	0	1
1.899999	-315	1.8	-315	0	0	0	1
1.919999	-315	1.8	-315	0	0	0	1
1.939999	-315	1.8	-315	0	0	0	1
1.959999	-315	1.8	-315	0	0	0	1
1.979999	-315	1.8	-315	0	0	0	1
1.999999	-315	1.8	-315	0	0	0	1
2.019999	-315	1.8	-315	0	0	0	1
2.039999	-315	1.8	-315	0	0	0	1
2.059999	-315	1.8	-315	0	0	0	1
2.079999	-315	1.8	-315	0	0	0	1
2.099999	-315	1.8	-315	0	0	0	1
2.119999	-315	1.8	-315	0	0	0	1
2.139999	-315	1.8	-315	0	0	0	1
2.159999	-315	1.8	-315	0	0	0	1
2.179999	-315	1.8	-315	0	0	0	1
2.199999	-315	1.8	-315	0	0	0	1
2.219999	-314.9762	1.8	-314.8848	0	0	0	1
2.239999	-314.9525	1.8	-314.7697	0	0	0	1
2.259999	-314.9256	1.8	-314.5745	0	0	0	1
2.279999	-314.9018	1.8	-314.4016	0	0	0	1
2.299999	-314.881	1.8	-314.2508	0	0	0	1
2.319999	-314.8633	1.8	-314.1223	0	0	0	1
2.339998	-314.8487	1.8	-314.0159	0	0	0	1
2.359998	-314.8371	1.8	-313.9318	0	0	0	1
2.379998	-314.8255	1.8	-313.8476	0	0	0	1
2.399998	-314.8207	1.8	-313.651	0	0	0	1
2.419998	-314.8159	1.8	-313.4543	0	0	0	1
2.439998	-314.8079	1.8	-313.2599	0	0	0	1
2.459998	-314.7999	1.8	-313.0654	0	0	0	1
2.479998	-314.7928	1.8	-312.8933	0	0	0	1
2.499998	-314.7857	1.8	-312.7212	0	0	0	1
2.519998	-314.7795	1.8	-312.5715	0	0	0	1
2.539998	-314.7734	1.8	-312.4218	0	0	0	1
2.559998	-314.7681	1.8	-312.2944	0	0	0	1
2.579998	-314.7629	1.8	-312.1671	0	0	0	1
2.599998	-314.7401	1.8	-311.9717	0	0	0	1
2.619998	-314.7174	1.8	-311.7764	0	0	0	1
2.639998	-314.6973	1.8	-311.6034	0	0	0	1
2.659998	-314.6771	1.8	-311.4303	0	0	0	1
2.679998	-314.6596	1.8	-311.2795	0	0	0	1
2.699998	-314.642	1.8	-311.1287	0	0	0	1
2.719998	-314.6226	1.8	-310.9322	0	0	0	1
2.739998	-314.6031	1.8	-310.7357	0	0	0	1
2.759998	-314.5814	1.8	-310.5417	0	0	0	1
2.779998	-314.5597	1.8	-310.3478	0	0	0	1
2.799998	-314.5405	1.8	-310.1761	0	0	0	1
2.819998	-314.5213	1.8	-310.0044	0	0	0	1
2.839998	-314.5046	1.8	-309.855	0	0	0	1
2.859998	-314.4879	1.8	-309.7056	0	0	0	1
2.879998	-314.4737	1.8	-309.5784	0	0	0	1
2.899998	-314.4595	1.8	-309.4512	0	0	0	1
2.919998	-314.4545	1.8	-309.255	0	0	0	1
2.939998	-314.4495	1.8	-309.0588	0	0	0	1
2.959998	-314.445	1.8	-308.8849	0	0	0	1
2.979998	-314.4412	1.8	-308.7335	0	0	0	1
2.999998	-314.4379	1.8	-308.6045	0	0	0	1
3.019998	-314.4346	1.8	-308.4754	0	0	0	1
3.039998	-314.4313	1.8	-308.3463	0	0	0	1
3.059998	-314.4275	1.8	-308.1488	0	0	0	1
3.079998	-314.4214	1.8	-307.9536	0	0	0	1
3.099998	-314.4153	1.8	-307.7583	0	0	0	1
3.119998	-314.4046	1.8	-307.5661	0	0	0	1
3.139998	-314.394	1.8	-307.3739	0	0	0	1
3.159998	-314.3846	1.8	-307.204	0	0	0	1
3.179998	-314.3752	1.8	-307.0341	0	0	0	1
3.199998	-314.3658	1.8	-306.8643	0	0	0	1
3.219998	-314.3566	1.8	-306.6669	0	0	0	1
3.239998	-314.3474	1.8	-306.4696	0	0	0	1
3.259998	-314.3405	1.8	-306.2735	0	0	0	1
3.279998	-314.3374	1.8	-306.0796	0	0	0	1
3.299998	-314.3344	1.8	-305.8856	0	0	0	1
3.319998	-314.3316	1.8	-305.714	0	0	0	1
3.339998	-314.3289	1.8	-305.5424	0	0	0	1
3.359998	-314.3107	1.8	-305.3496	0	0	0	1
3.379997	-314.2925	1.8	-305.1567	0	0	0	1
3.399997	-314.2684	1.8	-304.9664	0	0	0	1
3.419997	-314.2442	1.8	-304.776	0	0	0	1
3.439997	-314.2125	1.8	-304.5862	0	0	0	1
3.459997	-314.1808	1.8	-304.3963	0	0	0	1
3.479997	-314.1425	1.8	-304.2112	0	0	0	1
3.499997	-314.1042	1.8	-304.026	0	0	0	1
3.519997	-314.0756	1.8	-303.8375	0	0	0	1
3.539997	-314.047	1.8	-303.649	0	0	0	1
3.559997	-314.0257	1.8	-303.4568	0	0	0	1
3.579997	-314.0043	1.8	-303.2646	0	0	0	1
3.599997	-313.9855	1.8	-303.0946	0	0	0	1
3.619997	-313.9666	1.8	-302.9247	0	0	0	1
3.639997	-313.9502	1.8	-302.7769	0	0	0	1
3.659997	-313.9363	1.8	-302.6515	0	0	0	1
3.679997	-313.9224	1.8	-302.5261	0	0	0	1
3.699997	-313.9204	1.8	-302.3302	0	0	0	1
3.719997	-313.9145	1.8	-302.1362	0	0	0	1
3.739997	-313.9085	1.8	-301.9422	0	0	0	1
3.759997	-313.8968	1.8	-301.7502	0	0	0	1
3.779997	-313.885	1.8	-301.5581	0	0	0	1
3.799997	-313.8661	1.8	-301.3697	0	0	0	1
3.819997	-313.8472	1.8	-301.1812	0	0	0	1
3.839997	-313.8198	1.8	-300.9892	0	0	0	1
3.859997	-313.7924	1.8	-300.7972	0	0	0	1
3.879997	-313.7679	1.8	-300.6021	0	0	0	1
3.899997	-313.742	1.8	-300.4065	0	0	0	1
3.919997	-313.7161	1.8	-300.2108	0	0	0	1
3.939997	-313.6931	1.8	-300.0374	0	0	0	1
3.959997	-313.6731	1.8	-299.8862	0	0	0	1
3.979997	-313.656	1.8	-299.7572	0	0	0	1
3.999997	-313.6389	1.8	-299.6281	0	0	0	1
4.019997	-313.6248	1.8	-299.5213	0	0	0	1
4.039997	-313.5852	1.8	-299.3283	0	0	0	1
4.059997	-313.5456	1.8	-299.1353	0	0	0	1
4.079997	-313.5089	1.8	-298.943	0	0	0	1
4.099997	-313.4693	1.8	-298.7505	0	0	0	1
4.119997	-313.4297	1.8	-298.5581	0	0	0	1
4.139997	-313.3946	1.8	-298.3876	0	0	0	1
4.159997	-313.3595	1.8	-298.2171	0	0	0	1
4.179997	-313.3321	1.8	-298.0676	0	0	0	1
4.199997	-313.3047	1.8	-297.9181	0	0	0	1
4.219997	-313.2861	1.8	-297.7237	0	0	0	1
4.239997	-313.2675	1.8	-297.5294	0	0	0	1
4.259997	-313.2528	1.8	-297.3345	0	0	0	1
4.279997	-313.2398	1.8	-297.162	0	0	0	1
4.299997	-313.2268	1.8	-296.9895	0	0	0	1
4.319997	-313.2155	1.8	-296.8393	0	0	0	1
4.339997	-313.2042	1.8	-296.6891	0	0	0	1
4.359997	-313.1929	1.8	-296.4919	0	0	0	1
4.379997	-313.1794	1.8	-296.2973	0	0	0	1
4.399997	-313.1658	1.8	-296.1028	0	0	0	1
4.419997	-313.1475	1.8	-295.9108	0	0	0	1
4.439997	-313.1292	1.8	-295.7188	0	0	0	1
4.459997	-313.113	1.8	-295.549	0	0	0	1
4.479997	-313.099	1.8	-295.4016	0	0	0	1
4.499997	-313.085	1.8	-295.2542	0	0	0	1
4.519997	-313.0769	1.8	-295.0576	0	0	0	1
4.539997	-313.0689	1.8	-294.861	0	0	0	1
4.559997	-313.058	1.8	-294.6656	0	0	0	1
4.579997	-313.0484	1.8	-294.4926	0	0	0	1
4.599997	-313.0387	1.8	-294.3195	0	0	0	1
4.619997	-313.0303	1.8	-294.1689	0	0	0	1
4.639997	-313.0232	1.8	-294.0406	0	0	0	1
4.659997	-313.0161	1.8	-293.9123	0	0	0	1
4.679996	-312.99	1.8	-293.7316	0	0	0	1
4.699996	-312.9639	1.8	-293.551	0	0	0	1
4.719996	-312.9273	1.8	-293.3591	0	0	0	1
4.739996	-312.8907	1.8	-293.1671	0	0	0	1
4.759996	-312.8501	1.8	-292.9786	0	0	0	1
4.779996	-312.8095	1.8	-292.7901	0	0	0	1
4.799996	-312.7737	1.8	-292.6235	0	0	0	1
4.819996	-312.7378	1.8	-292.4569	0	0	0	1
4.839996	-312.722	1.8	-292.2708	0	0	0	1
4.859996	-312.7062	1.8	-292.0847	0	0	0	1
4.879996	-312.6979	1.8	-291.89	0	0	0	1
4.899996	-312.6905	1.8	-291.7176	0	0	0	1
4.919996	-312.6841	1.8	-291.5677	0	0	0	1
4.939996	-312.6776	1.8	-291.4177	0	0	0	1
4.959996	-312.6721	1.8	-291.2901	0	0	0	1
4.979996	-312.6676	1.8	-291.1849	0	0	0	1
4.999996	-312.6631	1.8	-291.0797	0	0	0	1
5.019996	-312.6596	1.8	-290.9969	0	0	0	1
5.039996	-312.657	1.8	-290.9364	0	0	0	1
5.059996	-312.6553	1.8	-290.8984	0	0	0	1
5.079996	-312.6547	1.8	-290.8827	0	0	0	1
5.099996	-312.654	1.8	-290.867	0	0	0	1
5.119996	-312.654	1.8	-290.867	0	0	0	1
5.139996	-312.654	1.8	-290.867	0	0	0	1
5.159996	-312.654	1.8	-290.867	0	0	0	1
5.179996	-312.654	1.8	-290.867	0	0	0	1
5.199996	-312.654	1.8	-290.867	0	0	0	1
5.219996	-312.654	1.8	-290.867	0	0	0	1
5.239996	-312.654	1.8	-290.867	0	0	0	1
5.259996	-312.654	1.8	-290.867	0	0	0	1
5.279996	-312.654	1.8	-290.867	0	0	0	1
5.299996	-312.654	1.8	-290.867	0	0	0	1
5.319996	-312.654	1.8	-290.867	0	0	0	1
5.339996	-312.654	1.8	-290.867	0	0	0	1
5.359996	-312.654	1.8	-290.867	0	0	0	1
5.379996	-312.654	1.8	-290.867	0	0	0	1
5.399996	-312.654	1.8	-290.867	0	0	0	1
5.419996	-312.654	1.8	-290.867	0	0	0	1
5.439996	-312.654	1.8	-290.867	0	0	0	1
5.459996	-312.654	1.8	-290.867	0	0	0	1
5.479996	-312.654	1.8	-290.867	0	0	0	1
5.499996	-312.654	1.8	-290.867	0	0	0	1
5.519996	-312.654	1.8	-290.867	0	0	0	1
5.539996	-312.654	1.8	-290.867	0	0	0	1
5.559996	-312.654	1.8	-290.867	0	0	0	1
5.579996	-312.654	1.8	-290.867	0	0	0	1
5.599996	-312.654	1.8	-290.867	0	0	0	1
5.619996	-312.654	1.8	-290.867	0	0	0	1
5.639996	-312.654	1.8	-290.867	0	0	0	1
5.659996	-312.654	1.8	-290.867	0	0	0	1
5.679996	-312.654	1.8	-290.867	0	0	0	1
5.699996	-312.654	1.8	-290.867	0	0	0	1
5.719995	-312.654	1.8	-290.867	0	0	0	1
5.739995	-312.654	1.8	-290.867	0	0	0	1
5.759995	-312.654	1.8	-290.867	0	0	0	1
5.779995	-312.654	1.8	-290.867	0	0	0	1
5.799995	-312.654	1.8	-290.867	0	0	0	1
5.819995	-312.654	1.8	-290.867	0	0	0	1
5.839995	-312.654	1.8	-290.867	0	0	0	1
5.859995	-312.654	1.8	-290.867	0	0	0	1
5.879995	-312.654	1.8	-290.867	0	0	0	1
5.899995	-312.654	1.8	-290.867	0	0	0	1
5.919995	-312.654	1.8	-290.867	0	0	0	1
5.939995	-312.654	1.8	-290.867	0	0	0	1
5.959995	-312.654	1.8	-290.867	0	0	0	1
5.979995	-312.654	1.8	-290.867	0	0	0	1
5.999995	-312.654	1.8	-290.867	0	-8.230988E-05	0	1
6.019995	-312.654	1.8	-290.867	0	-0.0002057746	0	1
6.039995	-312.654	1.8	-290.867	0	-0.0002057746	0	1
6.059995	-312.654	1.8	-290.867	0	-0.000571122	0	0.9999999
6.079995	-312.654	1.8	-290.867	0	-0.00160666	0	0.9999987
6.099995	-312.654	1.8	-290.867	0	-0.00160666	0	0.9999987
6.119995	-312.654	1.8	-290.867	0	-0.00462064	0	0.9999894
6.139995	-312.654	1.8	-290.867	0	-0.00462064	0	0.9999894
6.159995	-312.654	1.8	-290.867	0	-0.009848537	0	0.9999515
6.179995	-312.654	1.8	-290.867	0	-0.009848538	0	0.9999515
6.199995	-312.654	1.8	-290.867	0	-0.01689803	0	0.9998572
6.219995	-312.654	1.8	-290.867	0	-0.01689803	0	0.9998572
6.239995	-312.654	1.8	-290.867	0	-0.02505323	0	0.9996862
6.259995	-312.654	1.8	-290.867	0	-0.02505323	0	0.9996862
6.279995	-312.654	1.8	-290.867	0	-0.03386875	0	0.9994262
6.299995	-312.654	1.8	-290.867	0	-0.04310992	0	0.9990704
6.319995	-312.654	1.8	-290.867	0	-0.04310992	0	0.9990704
6.339995	-312.654	1.8	-290.867	0	-0.05257031	0	0.9986172
6.359995	-312.654	1.8	-290.867	0	-0.05257031	0	0.9986172
6.379995	-312.654	1.8	-290.867	0	-0.06213697	0	0.9980677
6.399995	-312.654	1.8	-290.867	0	-0.06213697	0	0.9980677
6.419995	-312.654	1.8	-290.867	0	-0.07176543	0	0.9974215
6.439995	-312.654	1.8	-290.867	0	-0.07176544	0	0.9974216
6.459995	-312.654	1.8	-290.867	0	-0.08144088	0	0.9966782
6.479995	-312.654	1.8	-290.867	0	-0.09112415	0	0.9958396
6.499995	-312.654	1.8	-290.867	0	-0.09112415	0	0.9958396
6.519995	-312.654	1.8	-290.867	0	-0.1008062	0	0.9949061
6.539995	-312.654	1.8	-290.867	0	-0.1008062	0	0.9949061
6.559995	-312.654	1.8	-290.867	0	-0.1104843	0	0.9938779
6.579995	-312.654	1.8	-290.867	0	-0.1104843	0	0.9938779
6.599995	-312.654	1.8	-290.867	0	-0.1201548	0	0.9927552
6.619995	-312.654	1.8	-290.867	0	-0.1201548	0	0.9927552
6.639995	-312.654	1.8	-290.867	0	-0.1298154	0	0.9915382
6.659995	-312.654	1.8	-290.867	0	-0.1298154	0	0.9915382
6.679995	-312.654	1.8	-290.867	0	-0.1394643	0	0.9902272
6.699995	-312.654	1.8	-290.867	0	-0.1394643	0	0.9902272
6.719995	-312.654	1.8	-290.867	0	-0.1491003	0	0.9888222
6.739995	-312.654	1.8	-290.867	0	-0.1587224	0	0.9873233
6.759995	-312.654	1.8	-290.867	0	-0.1587224	0	0.9873233
6.779994	-312.654	1.8	-290.867	0	-0.1683296	0	0.9857308
6.799994	-312.654	1.8	-290.867	0	-0.1683296	0	0.9857308
6.819994	-312.654	1.8	-290.867	0	-0.1779208	0	0.9840448
6.839994	-312.654	1.8	-290.867	0	-0.1779208	0	0.9840448
6.859994	-312.654	1.8	-290.867	0	-0.1874952	0	0.9822655
6.879994	-312.654	1.8	-290.867	0	-0.1970518	0	0.9803931
6.899994	-312.654	1.8	-290.867	0	-0.1970518	0	0.9803931
6.919994	-312.654	1.8	-290.867	0	-0.2065897	0	0.9784276
6.939994	-312.654	1.8	-290.867	0	-0.2065897	0	0.9784276
6.959994	-312.654	1.8	-290.867	0	-0.216108	0	0.9763695
6.979994	-312.654	1.8	-290.867	0	-0.216108	0	0.9763695
6.999994	-312.654	1.8	-290.867	0	-0.2256058	0	0.9742187
7.019994	-312.654	1.8	-290.867	0	-0.2256058	0	0.9742187
7.039994	-312.654	1.8	-290.867	0	-0.2350823	0	0.9719755
7.059994	-312.654	1.8	-290.867	0	-0.2350823	0	0.9719755
7.079994	-312.654	1.8	-290.867	0	-0.2445364	0	0.9696401
7.099994	-312.654	1.8	-290.867	0	-0.2539673	0	0.9672128
7.119994	-312.654	1.8	-290.867	0	-0.2539673	0	0.9672128
7.139994	-312.654	1.8	-290.867	0	-0.2633742	0	0.9646938
7.159994	-312.654	1.8	-290.867	0	-0.2633742	0	0.9646938
7.179994	-312.654	1.8	-290.867	0	-0.2727561	0	0.9620832
7.199994	-312.654	1.8	-290.867	0	-0.2727561	0	0.9620832
7.219994	-312.654	1.8	-290.867	0	-0.2821121	0	0.9593815
7.239994	-312.654	1.8	-290.867	0	-0.2914414	0	0.9565887
7.259994	-312.654	1.8	-290.867	0	-0.2914414	0	0.9565887
7.279994	-312.654	1.8	-290.867	0	-0.300743	0	0.9537053
7.299994	-312.654	1.8	-290.867	0	-0.3100161	0	0.9507313
7.319994	-312.654	1.8	-290.867	0	-0.3100161	0	0.9507313
7.339994	-312.654	1.8	-290.867	0	-0.3192598	0	0.9476672
7.359994	-312.654	1.8	-290.867	0	-0.3192598	0	0.9476672
7.379994	-312.654	1.8	-290.867	0	-0.3284732	0	0.9445133
7.399994	-312.654	1.8	-290.867	0	-0.3376555	0	0.9412698
7.419994	-312.654	1.8	-290.867	0	-0.3376555	0	0.9412698
7.439994	-312.654	1.8	-290.867	0	-0.3468058	0	0.937937
7.459994	-312.654	1.8	-290.867	0	-0.3468058	0	0.937937
7.479994	-312.654	1.8	-290.867	0	-0.3559231	0	0.9345152
7.499994	-312.654	1.8	-290.867	0	-0.3650067	0	0.9310049
7.519994	-312.654	1.8	-290.867	0	-0.3650067	0	0.9310049
7.539994	-312.654	1.8	-290.867	0	-0.3740557	0	0.9274063
7.559994	-312.654	1.8	-290.867	0	-0.3740557	0	0.9274063
7.579994	-312.654	1.8	-290.867	0	-0.3830692	0	0.9237196
7.599994	-312.654	1.8	-290.867	0	-0.3920464	0	0.9199455
7.619994	-312.654	1.8	-290.867	0	-0.3920464	0	0.9199455
7.639994	-312.654	1.8	-290.867	0	-0.4009864	0	0.916084
7.659994	-312.654	1.8	-290.867	0	-0.4098884	0	0.9121357
7.679994	-312.654	1.8	-290.867	0	-0.4098884	0	0.9121357
7.699994	-312.654	1.8	-290.867	0	-0.4187515	0	0.9081008
7.719994	-312.654	1.8	-290.867	0	-0.4187515	0	0.9081008
7.739994	-312.654	1.8	-290.867	0	