#Walking Trial Path#
#TimeStamp#	#PositionX#	#PositionY#	#PositionZ#	#OrientationX#	#OrientationY#	#OrientationZ#	#OrientationW#	
0	-287.2831	1.8	-345.3423	0	0.3682103	0	-0.9297426
0.02	-287.2223	1.8	-345.3642	0	0.367304	0	-0.930101
0.04	-287.1714	1.8	-345.3873	0	0.3663325	0	-0.9304841
0.06	-287.1226	1.8	-345.4101	0	0.365328	0	-0.9308789
0.08	-287.0741	1.8	-345.4339	0	0.3643061	0	-0.9312793
0.09999999	-287.0255	1.8	-345.4579	0	0.3622392	0	-0.9320853
0.12	-286.9771	1.8	-345.4822	0	0.3622392	0	-0.9320853
0.14	-286.9286	1.8	-345.5065	0	0.3612002	0	-0.9324883
0.16	-286.8802	1.8	-345.5309	0	0.3601598	0	-0.9328907
0.18	-286.8318	1.8	-345.5553	0	0.3591192	0	-0.9332917
0.2	-286.7835	1.8	-345.5798	0	0.358078	0	-0.9336916
0.22	-286.7353	1.8	-345.6045	0	0.357037	0	-0.9340903
0.24	-286.687	1.8	-345.6292	0	0.3559955	0	-0.9344878
0.26	-286.6389	1.8	-345.6541	0	0.3559955	0	-0.9344878
0.28	-286.5907	1.8	-345.679	0	0.3549533	0	-0.934884
0.3	-286.5426	1.8	-345.704	0	0.3539108	0	-0.9352792
0.32	-286.4946	1.8	-345.7291	0	0.3528683	0	-0.935673
0.34	-286.4466	1.8	-345.7543	0	0.3518257	0	-0.9360656
0.36	-286.3987	1.8	-345.7796	0	0.3507822	0	-0.9364572
0.38	-286.3508	1.8	-345.805	0	0.3497373	0	-0.9368478
0.4	-286.3029	1.8	-345.8305	0	0.3486917	0	-0.9372375
0.42	-286.2552	1.8	-345.8561	0	0.3476455	0	-0.9376261
0.4400001	-286.2075	1.8	-345.8819	0	0.3476455	0	-0.9376261
0.4600001	-286.1598	1.8	-345.9076	0	0.3465989	0	-0.9380135
0.4800001	-286.1122	1.8	-345.9334	0	0.3455514	0	-0.9383999
0.5000001	-286.0646	1.8	-345.9594	0	0.3445038	0	-0.9387849
0.52	-286.017	1.8	-345.9854	0	0.343456	0	-0.9391688
0.54	-285.9695	1.8	-346.0115	0	0.3424082	0	-0.9395514
0.56	-285.9221	1.8	-346.0378	0	0.3413603	0	-0.9399325
0.58	-285.8748	1.8	-346.0641	0	0.3413603	0	-0.9399325
0.6	-285.8274	1.8	-346.0905	0	0.3403119	0	-0.9403126
0.6199999	-285.7801	1.8	-346.117	0	0.339263	0	-0.9406916
0.6399999	-285.7328	1.8	-346.1436	0	0.3382128	0	-0.9410697
0.6599999	-285.6857	1.8	-346.1702	0	0.3371619	0	-0.9414468
0.6799999	-285.6385	1.8	-346.197	0	0.3361112	0	-0.9418223
0.6999999	-285.5915	1.8	-346.2239	0	0.3361112	0	-0.9418224
0.7199998	-285.5444	1.8	-346.2508	0	0.3350609	0	-0.9421965
0.7399998	-285.5682	1.8	-346.1912	0	0.3340104	0	-0.9425694
0.7599998	-285.6654	1.8	-346.0398	0	0.33296	0	-0.942941
0.7799998	-285.7739	1.8	-345.8735	0	0.3319094	0	-0.9433113
0.7999998	-285.882	1.8	-345.7069	0	0.3308586	0	-0.9436804
0.8199998	-285.9897	1.8	-345.5401	0	0.3308586	0	-0.9436804
0.8399997	-286.0975	1.8	-345.3733	0	0.3298078	0	-0.9440482
0.8599997	-286.2049	1.8	-345.2062	0	0.3287568	0	-0.9444147
0.8799997	-286.3119	1.8	-345.0389	0	0.3277052	0	-0.94478
0.8999997	-286.4185	1.8	-344.8714	0	0.3266526	0	-0.9451445
0.9199997	-286.5247	1.8	-344.7036	0	0.3255995	0	-0.9455078
0.9399996	-286.6306	1.8	-344.5356	0	0.3245456	0	-0.9458701
0.9599996	-286.7361	1.8	-344.3674	0	0.3245456	0	-0.9458701
0.9799996	-286.8416	1.8	-344.1992	0	0.3234907	0	-0.9462314
0.9999996	-286.9467	1.8	-344.0307	0	0.3224342	0	-0.9465919
1.02	-287.0515	1.8	-343.862	0	0.3213764	0	-0.9469516
1.04	-287.1559	1.8	-343.693	0	0.3203174	0	-0.9473103
1.06	-287.2599	1.8	-343.5239	0	0.3192583	0	-0.9476677
1.08	-287.3635	1.8	-343.3545	0	0.3182006	0	-0.9480234
1.1	-287.4773	1.8	-343.1953	0	0.3182006	0	-0.9480234
1.12	-287.5911	1.8	-343.0362	0	0.3171431	0	-0.9483777
1.14	-287.7421	1.8	-342.9061	0	0.3160856	0	-0.9487307
1.159999	-287.9516	1.8	-342.819	0	0.315028	0	-0.9490823
1.179999	-288.2054	1.8	-342.7632	0	0.3139703	0	-0.9494328
1.199999	-288.477	1.8	-342.719	0	0.3139703	0	-0.9494328
1.219999	-288.7485	1.8	-342.6747	0	0.3129122	0	-0.9497821
1.239999	-289.0251	1.8	-342.6329	0	0.3118539	0	-0.95013
1.259999	-289.3023	1.8	-342.5907	0	0.3107949	0	-0.9504771
1.279999	-289.5794	1.8	-342.5479	0	0.3097352	0	-0.9508229
1.299999	-289.8564	1.8	-342.5045	0	0.3086751	0	-0.9511676
1.319999	-290.1332	1.8	-342.4604	0	0.3076147	0	-0.951511
1.339999	-290.41	1.8	-342.4158	0	0.3054928	0	-0.9521945
1.359999	-290.6863	1.8	-342.3694	0	0.304431	0	-0.9525344
1.379999	-290.9629	1.8	-342.3229	0	0.3033683	0	-0.9528734
1.399999	-291.2393	1.8	-342.2758	0	0.302305	0	-0.9532113
1.419999	-291.5155	1.8	-342.2281	0	0.3012421	0	-0.9535478
1.439999	-291.7917	1.8	-342.1797	0	0.2991152	0	-0.954217
1.459999	-292.0674	1.8	-342.1297	0	0.2980514	0	-0.9545498
1.479999	-292.3433	1.8	-342.0794	0	0.2969879	0	-0.9548813
1.499999	-292.619	1.8	-342.0286	0	0.2959241	0	-0.9552115
1.519999	-292.8946	1.8	-341.9772	0	0.2948604	0	-0.9555404
1.539999	-293.1701	1.8	-341.9252	0	0.2927338	0	-0.956194
1.559999	-293.445	1.8	-341.8715	0	0.2916703	0	-0.9565189
1.579999	-293.7202	1.8	-341.8175	0	0.2906068	0	-0.9568426
1.599999	-293.9953	1.8	-341.763	0	0.2895434	0	-0.9571649
1.619999	-294.2702	1.8	-341.7079	0	0.2884789	0	-0.9574863
1.639999	-294.545	1.8	-341.6522	0	0.2863483	0	-0.9581256
1.659999	-294.8192	1.8	-341.5948	0	0.2852823	0	-0.9584435
1.679999	-295.0937	1.8	-341.5372	0	0.2842158	0	-0.9587604
1.699999	-295.3679	1.8	-341.4791	0	0.2831493	0	-0.9590759
1.719999	-295.6421	1.8	-341.4203	0	0.281016	0	-0.9597031
1.739999	-295.9156	1.8	-341.3599	0	0.2799502	0	-0.9600145
1.759999	-296.1895	1.8	-341.2992	0	0.278885	0	-0.9603245
1.779999	-296.463	1.8	-341.238	0	0.2778193	0	-0.9606334
1.799999	-296.7339	1.8	-341.1766	0	0.2767533	0	-0.9609411
1.819999	-297.0029	1.8	-341.114	0	0.2746203	0	-0.9615528
1.839999	-297.271	1.8	-341.047	0	0.2735537	0	-0.9618568
1.859999	-297.5399	1.8	-340.9803	0	0.272486	0	-0.9621598
1.879999	-297.8087	1.8	-340.913	0	0.2714173	0	-0.9624618
1.899999	-298.0773	1.8	-340.8451	0	0.2703482	0	-0.9627626
1.919999	-298.3458	1.8	-340.7766	0	0.2682076	0	-0.9633612
1.939999	-298.6136	1.8	-340.7065	0	0.2671366	0	-0.9636588
1.959999	-298.8817	1.8	-340.6362	0	0.2660648	0	-0.9639552
1.979999	-299.1496	1.8	-340.5653	0	0.2649916	0	-0.9642508
1.999999	-299.4172	1.8	-340.4939	0	0.2639183	0	-0.9645451
2.019999	-299.6848	1.8	-340.4218	0	0.2617693	0	-0.9651305
2.039999	-299.9516	1.8	-340.3482	0	0.2606934	0	-0.9654217
2.059999	-300.2187	1.8	-340.2743	0	0.2596169	0	-0.9657117
2.079999	-300.4856	1.8	-340.1999	0	0.2585388	0	-0.9660009
2.099999	-300.7523	1.8	-340.1248	0	0.2574603	0	-0.9662889
2.119999	-301.0188	1.8	-340.0492	0	0.255301	0	-0.9668616
2.139999	-301.2847	1.8	-339.972	0	0.2542208	0	-0.9671462
2.159999	-301.5541	1.8	-339.8967	0	0.2531406	0	-0.9674295
2.179999	-301.8211	1.8	-339.8218	0	0.2513626	0	-0.9678931
2.199999	-302.0908	1.8	-339.7451	0	0.2480888	0	-0.9687374
2.219999	-302.3596	1.8	-339.6671	0	0.2350431	0	-0.9719849
2.239999	-302.6251	1.8	-339.5848	0	0.2272029	0	-0.9738474
2.259999	-302.8896	1.8	-339.4985	0	0.219022	0	-0.9757199
2.279999	-303.1527	1.8	-339.4084	0	0.2106623	0	-0.9775589
2.299999	-303.4142	1.8	-339.3145	0	0.2022054	0	-0.9793432
2.319999	-303.6742	1.8	-339.2166	0	0.1851442	0	-0.9827114
2.339998	-303.9289	1.8	-339.1136	0	0.1765718	0	-0.9842878
2.359998	-304.1809	1.8	-339.0069	0	0.1679808	0	-0.9857903
2.379998	-304.4324	1.8	-338.8922	0	0.1593744	0	-0.9872183
2.399998	-304.6824	1.8	-338.772	0	0.1507546	0	-0.9885712
2.419998	-304.9305	1.8	-338.6475	0	0.1334797	0	-0.9910516
2.439998	-305.1736	1.8	-338.5182	0	0.1248263	0	-0.9921786
2.459998	-305.4148	1.8	-338.3827	0	0.1161634	0	-0.9932302
2.479998	-305.6529	1.8	-338.2456	0	0.1074915	0	-0.994206
2.499998	-305.8889	1.8	-338.1017	0	0.09881146	0	-0.9951062
2.519998	-306.1219	1.8	-337.9562	0	0.08142942	0	-0.9966791
2.539998	-306.3494	1.8	-337.7972	0	0.07272877	0	-0.9973518
2.559998	-306.5747	1.8	-337.6343	0	0.06402257	0	-0.9979485
2.579998	-306.7974	1.8	-337.4681	0	0.0553115	0	-0.9984692
2.599998	-307.0173	1.8	-337.3019	0	0.04659622	0	-0.9989138
2.619998	-307.2343	1.8	-337.1301	0	0.03568407	0	-0.9993632
2.639998	-307.4449	1.8	-336.953	0	0.0331234	0	-0.9994513
2.659998	-307.6554	1.8	-336.77	0	0.03128667	0	-0.9995105
2.679998	-307.8656	1.8	-336.5849	0	0.03122447	0	-0.9995124
2.699998	-308.0759	1.8	-336.3994	0	0.03591505	0	-0.9993549
2.719998	-308.2871	1.8	-336.2163	0	0.0408355	0	-0.999166
2.739998	-308.4999	1.8	-336.0349	0	0.04761197	0	-0.998866
2.759998	-308.7139	1.8	-335.8558	0	0.05535657	0	-0.9984667
2.779998	-308.9296	1.8	-335.6794	0	0.06358273	0	-0.9979765
2.799998	-309.1473	1.8	-335.5062	0	0.08062696	0	-0.9967444
2.819998	-309.3692	1.8	-335.3404	0	0.08926155	0	-0.9960083
2.839998	-309.5945	1.8	-335.1782	0	0.09791964	0	-0.9951944
2.859998	-309.8225	1.8	-335.0198	0	0.1065854	0	-0.9943036
2.879998	-310.0531	1.8	-334.8653	0	0.1152507	0	-0.9933364
2.899998	-310.2863	1.8	-334.7146	0	0.1325636	0	-0.9911745
2.919998	-310.5238	1.8	-334.5725	0	0.1412072	0	-0.9899801
2.939998	-310.7645	1.8	-334.4346	0	0.1498405	0	-0.9887102
2.959998	-311.0077	1.8	-334.3008	0	0.1584625	0	-0.987365
2.979998	-311.2489	1.8	-334.1694	0	0.1670727	0	-0.9859446
2.999998	-311.4801	1.8	-334.0398	0	0.1831329	0	-0.9830882
3.019998	-311.6694	1.8	-333.9005	0	0.1892786	0	-0.9819235
3.039998	-311.8383	1.8	-333.7554	0	0.1918008	0	-0.9814339
3.059998	-311.9872	1.8	-333.6041	0	0.192514	0	-0.9812943
3.079998	-312.1153	1.8	-333.4464	0	0.1923232	0	-0.9813316
3.099998	-312.1696	1.8	-333.2593	0	0.1916803	0	-0.9814575
3.119998	-312.1437	1.8	-333.0387	0	0.1898314	0	-0.9818168
3.139998	-312.01	1.8	-332.771	0	0.1887955	0	-0.9820164
3.159998	-311.8927	1.8	-332.511	0	0.187732	0	-0.9822203
3.179998	-311.7788	1.8	-332.2533	0	0.1866548	0	-0.9824256
3.199998	-311.6665	1.8	-331.9969	0	0.1855702	0	-0.982631
3.219998	-311.5542	1.8	-331.7399	0	0.1833912	0	-0.98304
3.239998	-311.4404	1.8	-331.4839	0	0.1823002	0	-0.983243
3.259998	-311.3264	1.8	-331.2277	0	0.1812084	0	-0.9834448
3.279998	-311.2118	1.8	-330.9718	0	0.1801172	0	-0.9836451
3.299998	-311.0967	1.8	-330.7162	0	0.1790257	0	-0.9838444
3.319998	-310.981	1.8	-330.4608	0	0.1768408	0	-0.9842395
3.339998	-310.8638	1.8	-330.2063	0	0.1757478	0	-0.9844353
3.359998	-310.7464	1.8	-329.9517	0	0.174654	0	-0.9846299
3.379997	-310.6284	1.8	-329.6973	0	0.1735595	0	-0.9848235
3.399997	-310.5099	1.8	-329.4432	0	0.1724639	0	-0.9850159
3.419997	-310.3909	1.8	-329.1894	0	0.1702688	0	-0.9853976
3.439997	-310.2703	1.8	-328.9365	0	0.1691697	0	-0.985587
3.459997	-310.1495	1.8	-328.6834	0	0.1680695	0	-0.9857751
3.479997	-310.0281	1.8	-328.4307	0	0.1669693	0	-0.9859622
3.499997	-309.9063	1.8	-328.1782	0	0.1647712	0	-0.9863319
3.519997	-309.8036	1.8	-327.9346	0	0.1636724	0	-0.9865147
3.539997	-309.7208	1.8	-327.6993	0	0.1625734	0	-0.9866965
3.559997	-309.6577	1.8	-327.4723	0	0.1614738	0	-0.9868771
3.579997	-309.6143	1.8	-327.2531	0	0.1603737	0	-0.9870564
3.599997	-309.5905	1.8	-327.0415	0	0.1592742	0	-0.9872344
3.619997	-309.5786	1.8	-326.8349	0	0.1570713	0	-0.9875873
3.639997	-309.5782	1.8	-326.6352	0	0.1559694	0	-0.9877619
3.659997	-309.5793	1.8	-326.4381	0	0.1548675	0	-0.9879353
3.679997	-309.5842	1.8	-326.2434	0	0.1537661	0	-0.9881073
3.699997	-309.5952	1.8	-326.0508	0	0.1526648	0	-0.988278
3.719997	-309.614	1.8	-325.8594	0	0.1504621	0	-0.9886159
3.739997	-309.6489	1.8	-325.6684	0	0.1493596	0	-0.9887829
3.759997	-309.6876	1.8	-325.4744	0	0.1482567	0	-0.9889489
3.779997	-309.7264	1.8	-325.2796	0	0.1471534	0	-0.9891137
3.799997	-309.7648	1.8	-325.0848	0	0.1460496	0	-0.9892772
3.819997	-309.8027	1.8	-324.8899	0	0.143841	0	-0.9896009
3.839997	-309.8394	1.8	-324.6948	0	0.1427362	0	-0.9897608
3.859997	-309.876	1.8	-324.4996	0	0.1416308	0	-0.9899196
3.879997	-309.9122	1.8	-324.3043	0	0.1405249	0	-0.9900772
3.899997	-309.948	1.8	-324.109	0	0.1394188	0	-0.9902336
3.919997	-309.9833	1.8	-323.9136	0	0.1372054	0	-0.9905427
3.939997	-310.0497	1.8	-323.7311	0	0.1360989	0	-0.9906953
3.959997	-310.1463	1.8	-323.5572	0	0.134993	0	-0.9908465
3.979997	-310.2751	1.8	-323.3914	0	0.1338878	0	-0.9909965
3.999997	-310.4378	1.8	-323.2335	0	0.1316787	0	-0.9912925
4.019997	-310.6605	1.8	-323.0888	0	0.1305749	0	-0.9914384
4.039997	-310.881	1.8	-322.9443	0	0.1294716	0	-0.9915832
4.059997	-311.1052	1.8	-322.7989	0	0.1283689	0	-0.9917266
4.079997	-311.3364	1.8	-322.6552	0	0.1272663	0	-0.9918687
4.099997	-311.5762	1.8	-322.5132	0	0.1261634	0	-0.9920095
4.119997	-311.8177	1.8	-322.3709	0	0.1239564	0	-0.9922876
4.139997	-312.0583	1.8	-322.2272	0	0.1228521	0	-0.992425
4.159997	-312.2989	1.8	-322.0833	0	0.1217472	0	-0.9925612
4.179997	-312.5392	1.8	-321.9388	0	0.1206418	0	-0.9926961
4.199997	-312.7792	1.8	-321.7939	0	0.1195359	0	-0.9928299
4.219997	-313.0188	1.8	-321.6484	0	0.1173216	0	-0.993094
4.239997	-313.2574	1.8	-321.5015	0	0.1162141	0	-0.9932242
4.259997	-313.4961	1.8	-321.3543	0	0.1151065	0	-0.9933532
4.279997	-313.7345	1.8	-321.2067	0	0.1139977	0	-0.993481
4.299997	-313.9725	1.8	-321.0585	0	0.1117779	0	-0.9937333
4.319997	-314.2094	1.8	-320.909	0	0.1106677	0	-0.9938574
4.339997	-314.4464	1.8	-320.7592	0	0.1095576	0	-0.9939805
4.359997	-314.6831	1.8	-320.6089	0	0.1084483	0	-0.9941021
4.379997	-314.9048	1.8	-320.4557	0	0.1073392	0	-0.9942225
4.399997	-315.1055	1.8	-320.2981	0	0.1062297	0	-0.9943416
4.419997	-315.2851	1.8	-320.137	0	0.1051198	0	-0.9944596
4.439997	-315.4438	1.8	-319.9723	0	0.1028992	0	-0.9946918
4.459997	-315.5649	1.8	-319.8029	0	0.1017885	0	-0.9948061
4.479997	-315.6674	1.8	-319.631	0	0.1006775	0	-0.9949191
4.499997	-315.7299	1.8	-319.451	0	0.09956656	0	-0.9950309
4.519997	-315.7064	1.8	-319.2514	0	0.09845553	0	-0.9951415
4.539997	-315.6048	1.8	-319.0328	0	0.09623324	0	-0.9953588
4.559997	-315.4258	1.8	-318.7949	0	0.09512267	0	-0.9954656
4.579997	-315.2628	1.8	-318.5615	0	0.09401242	0	-0.9955711
4.599997	-315.103	1.8	-318.3299	0	0.09290324	0	-0.9956752
4.619997	-314.9447	1.8	-318.0989	0	0.09179454	0	-0.995778
4.639997	-314.786	1.8	-317.8677	0	0.08957691	0	-0.99598
4.659997	-314.6261	1.8	-317.6377	0	0.08846824	0	-0.996079
4.679996	-314.4659	1.8	-317.4076	0	0.08735926	0	-0.9961769
4.699996	-314.3051	1.8	-317.1778	0	0.08624974	0	-0.9962736
4.719996	-314.1439	1.8	-316.9485	0	0.08513957	0	-0.9963691
4.739996	-313.9822	1.8	-316.7195	0	0.08291912	0	-0.9965563
4.759996	-313.8192	1.8	-316.4916	0	0.08291912	0	-0.9965563
4.779996	-313.6562	1.8	-316.2638	0	0.08180852	0	-0.9966481
4.799996	-313.4929	1.8	-316.0358	0	0.08069777	0	-0.9967386
4.819996	-313.3351	1.8	-315.8097	0	0.07958657	0	-0.996828
4.839996	-313.1984	1.8	-315.5886	0	0.07847459	0	-0.9969162
4.859996	-313.0827	1.8	-315.3723	0	0.07736217	0	-0.997003
4.879996	-312.9877	1.8	-315.1609	0	0.07624902	0	-0.9970888
4.899996	-312.9439	1.8	-314.9587	0	0.07734689	0	-0.9970043
4.919996	-312.9751	1.8	-314.7688	0	0.08165561	0	-0.9966606
4.939996	-313.0945	1.8	-314.5922	0	0.08165561	0	-0.9966606
4.959996	-313.214	1.8	-314.4156	0	0.08815657	0	-0.9961067
4.979996	-313.4006	1.8	-314.2496	0	0.09574984	0	-0.9954055
4.999996	-313.618	1.8	-314.0904	0	0.1038851	0	-0.9945893
5.019996	-313.8464	1.8	-313.9357	0	0.112287	0	-0.9936758
5.039996	-314.0793	1.8	-313.7849	0	0.1208174	0	-0.9926748
5.059996	-314.315	1.8	-313.6378	0	0.1294072	0	-0.9915916
5.079996	-314.5529	1.8	-313.4944	0	0.1380213	0	-0.9904293
5.099996	-314.7931	1.8	-313.3548	0	0.1466421	0	-0.9891897
5.119996	-315.0354	1.8	-313.2193	0	0.1466421	0	-0.9891897
5.139996	-315.2777	1.8	-313.0838	0	0.1552602	0	-0.9878737
5.159996	-315.5222	1.8	-312.9523	0	0.1638708	0	-0.9864818
5.179996	-315.7688	1.8	-312.8251	0	0.172471	0	-0.9850146
5.199996	-316.0175	1.8	-312.7021	0	0.1810592	0	-0.9834722
5.219996	-316.2683	1.8	-312.5835	0	0.1896341	0	-0.9818549
5.239996	-316.5211	1.8	-312.4693	0	0.1896341	0	-0.9818549
5.259996	-316.774	1.8	-312.355	0	0.1981948	0	-0.9801627
5.279996	-317.0287	1.8	-312.2452	0	0.2067405	0	-0.9783958
5.299996	-317.2853	1.8	-312.1398	0	0.2152706	0	-0.9765545
5.319996	-317.5438	1.8	-312.0389	0	0.2237843	0	-0.9746387
5.339996	-317.8039	1.8	-311.9425	0	0.232281	0	-0.9726487
5.359996	-318.0657	1.8	-311.8507	0	0.232281	0	-0.9726487
5.379996	-318.3275	1.8	-311.7589	0	0.24076	0	-0.9705847
5.399996	-318.5908	1.8	-311.6717	0	0.2492207	0	-0.9684467
5.419996	-318.8556	1.8	-311.5891	0	0.2576624	0	-0.966235
5.439996	-319.1219	1.8	-311.5111	0	0.2660845	0	-0.9639497
5.459996	-319.3894	1.8	-311.4377	0	0.2660845	0	-0.9639497
5.479996	-319.657	1.8	-311.3644	0	0.2744863	0	-0.961591
5.499996	-319.9258	1.8	-311.2958	0	0.2828672	0	-0.9591591
5.519996	-320.1957	1.8	-311.2318	0	0.2912266	0	-0.9566541
5.539996	-320.4667	1.8	-311.1726	0	0.2995637	0	-0.9540763
5.559996	-320.7387	1.8	-311.1181	0	0.3078781	0	-0.9514259
5.579996	-321.0117	1.8	-311.0684	0	0.3078781	0	-0.9514259
5.599996	-321.2846	1.8	-311.0186	0	0.3161691	0	-0.9487029
5.619996	-321.5583	1.8	-310.9737	0	0.3244359	0	-0.9459077
5.639996	-321.8328	1.8	-310.9335	0	0.332678	0	-0.9430405
5.659996	-322.108	1.8	-310.8982	0	0.3408948	0	-0.9401014
5.679996	-322.3837	1.8	-310.8676	0	0.3408948	0	-0.9401014
5.699996	-322.6594	1.8	-310.837	0	0.3490857	0	-0.9370908
5.719995	-322.9356	1.8	-310.8112	0	0.3572499	0	-0.9340088
5.739995	-323.2123	1.8	-310.7903	0	0.365387	0	-0.9308557
5.759995	-323.4892	1.8	-310.7742	0	0.3734962	0	-0.9276317
5.779995	-323.7664	1.8	-310.7629	0	0.3734962	0	-0.9276317
5.799995	-324.0436	1.8	-310.7517	0	0.381577	0	-0.9243371
5.819995	-324.321	1.8	-310.7453	0	0.3896287	0	-0.920972
5.839995	-324.5984	1.8	-310.7437	0	0.3976508	0	-0.9175369
5.859995	-324.8758	1.8	-310.7469	0	0.4056426	0	-0.9140318
5.879995	-325.1531	1.8	-310.755	0	0.4056426	0	-0.9140318
5.899995	-325.4304	1.8	-310.7631	0	0.4136035	0	-0.9104571
5.919995	-325.7075	1.8	-310.7761	0	0.4215328	0	-0.9068131
5.939995	-325.9844	1.8	-310.7938	0	0.4294302	0	-0.9031001
5.959995	-326.2609	1.8	-310.8164	0	0.4372947	0	-0.8993183
5.979995	-326.5369	1.8	-310.8439	0	0.445126	0	-0.8954679
5.999995	-326.8125	1.8	-310.8761	0	0.4606863	0	-0.887563
6.019995	-327.0861	1.8	-310.9181	0	0.4684141	0	-0.883509
6.039995	-327.3594	1.8	-310.9653	0	0.4761063	0	-0.8793878
6.059995	-327.632	1.8	-311.0173	0	0.4837621	0	-0.8751996
6.079995	-327.9037	1.8	-311.0739	0	0.4913812	0	-0.8709447
6.099995	-328.1744	1.8	-311.1351	0	0.5065064	0	-0.8622363
6.119995	-328.4421	1.8	-311.2055	0	0.5140114	0	-0.8577834
6.139995	-328.709	1.8	-311.2811	0	0.5214773	0	-0.8532652
6.159995	-328.9748	1.8	-311.3614	0	0.5289035	0	-0.848682
6.179995	-329.2391	1.8	-311.4461	0	0.5362895	0	-0.8440342
6.199995	-329.5019	1.8	-311.5352	0	0.5509382	0	-0.8345461
6.219995	-329.7608	1.8	-311.6333	0	0.5581999	0	-0.8297065
6.239995	-330.0183	1.8	-311.7364	0	0.5654191	0	-0.8248038
6.259995	-330.2742	1.8	-311.8439	0	0.5725952	0	-0.8198382
6.279995	-330.5282	1.8	-311.9558	0	0.5797278	0	-0.8148102
6.299995	-330.7803	1.8	-312.072	0	0.5938599	0	-0.8045685
6.319995	-331.0275	1.8	-312.1965	0	0.6008584	0	-0.7993556
6.339995	-331.2729	1.8	-312.3259	0	0.6078111	0	-0.7940817
6.359995	-331.5161	1.8	-312.4597	0	0.6147175	0	-0.7887474
6.379995	-331.757	1.8	-312.5975	0	0.6215771	0	-0.783353
6.399995	-331.9956	1.8	-312.7393	0	0.6351539	0	-0.7723857
6.419995	-332.2285	1.8	-312.889	0	0.64187	0	-0.7668135
6.439995	-332.4589	1.8	-313.0434	0	0.6485372	0	-0.761183
6.459995	-332.6868	1.8	-313.2018	0	0.6551549	0	-0.7554945
6.479995	-332.912	1.8	-313.364	0	0.6617228	0	-0.7497485
6.499995	-333.1345	1.8	-313.5301	0	0.674707	0	-0.7380857
6.519995	-333.3504	1.8	-313.7033	0	0.6811222	0	-0.7321697
6.539995	-333.5635	1.8	-313.8809	0	0.6874856	0	-0.726198
6.559995	-333.7736	1.8	-314.0623	0	0.6937966	0	-0.720171
6.579995	-333.9806	1.8	-314.2472	0	0.7062597	0	-0.7079529
6.599995	-334.1806	1.8	-314.4386	0	0.7124108	0	-0.7017627
6.619995	-334.3774	1.8	-314.6342	0	0.7185076	0	-0.6955191
6.639995	-334.5709	1.8	-314.8332	0	0.7245498	0	-0.6892226
6.659995	-334.761	1.8	-315.0355	0	0.7305367	0	-0.6828735
6.679995	-334.9476	1.8	-315.2409	0	0.7423432	0	-0.6700199
6.699995	-335.1265	1.8	-315.4521	0	0.7481619	0	-0.6635163
6.719995	-335.3018	1.8	-315.6671	0	0.7539236	0	-0.6569622
6.739995	-335.4734	1.8	-315.8853	0	0.7596279	0	-0.650358
6.759995	-335.6414	1.8	-316.1063	0	0.7652743	0	-0.6437044
6.779994	-335.8055	1.8	-316.33	0	0.776392	0	-0.6302504
6.799994	-335.9614	1.8	-316.5588	0	0.7818623	0	-0.6234512
6.819994	-336.1132	1.8	-316.791	0	0.7872731	0	-0.6166045
6.839994	-336.2611	1.8	-317.0258	0	0.7926239	0	-0.6097109
6.859994	-336.4065	1.8	-317.2592	0	0.7979144	0	-0.6027708
6.879994	-336.5489	1.8	-317.4914	0	0.8083127	0	-0.5887535
6.899994	-336.6547	1.8	-317.7211	0	0.8134197	0	-0.5816773
6.919994	-336.7423	1.8	-317.9485	0	0.8184648	0	-0.5745568
6.939994	-336.8119	1.8	-318.1726	0	0.8234475	0	-0.5673926
6.959994	-336.8612	1.8	-318.3906	0	0.8283675	0	-0.5601851
6.979994	-336.8942	1.8	-318.6014	0	0.8380179	0	-0.5456428
6.999994	-336.9085	1.8	-318.8015	0	0.8427475	0	-0.538309
7.019994	-336.8801	1.8	-318.9844	0	0.847413	0	-0.5309343
7.039994	-336.7647	1.8	-319.1321	0	0.8520139	0	-0.5235191
7.059994	-336.5625	1.8	-319.2441	0	0.85655	0	-0.516064
7.079994	-336.3149	1.8	-319.3353	0	0.8654261	0	-0.5010366
7.099994	-336.0393	1.8	-319.4058	0	0.8697655	0	-0.4934654
7.119994	-335.7672	1.8	-319.4745	0	0.8740386	0	-0.4858566
7.139994	-335.4961	1.8	-319.5409	0	0.8782451	0	-0.4782107
7.159994	-335.225	1.8	-319.6039	0	0.8823848	0	-0.4705285
7.179994	-334.9535	1.8	-319.6627	0	0.8904623	0	-0.4550571
7.199994	-334.6812	1.8	-319.7123	0	0.8943995	0	-0.4472691
7.219994	-334.4075	1.8	-319.7568	0	0.8982685	0	-0.439447
7.239994	-334.1328	1.8	-319.7965	0	0.9020692	0	-0.4315915
7.259994	-333.8575	1.8	-319.8315	0	0.9094641	0	-0.4157825
7.279994	-333.5818	1.8	-319.8568	0	0.9130578	0	-0.4078302
7.299994	-333.3051	1.8	-319.877	0	0.916582	0	-0.3998469
7.319994	-333.028	1.8	-319.8925	0	0.9200364	0	-0.3918331
7.339994	-332.7506	1.8	-319.9032	0	0.9234207	0	-0.3837894
7.359994	-332.4732	1.8	-319.9093	0	0.9299781	0	-0.3676151
7.379994	-332.1964	1.8	-319.9058	0	0.9331506	0	-0.3594856
7.399994	-331.9191	1.8	-319.897	0	0.9362522	0	-0.3513287
7.419994	-331.6419	1.8	-319.8834	0	0.9392824	0	-0.3431451
7.439994	-331.3649	1.8	-319.8651	0	0.9422411	0	-0.3349353
7.459994	-331.0883	1.8	-319.8422	0	0.947943	0	-0.31844
7.479994	-330.8134	1.8	-319.8098	0	0.9506859	0	-0.3101556
7.499994	-330.5386	1.8	-319.772	0	0.9533562	0	-0.3018476
7.519994	-330.2643	1.8	-319.7296	0	0.955954	0	-0.2935166
7.539994	-329.9908	1.8	-319.6825	0	0.958479	0	-0.2851633
7.559994	-329.7181	1.8	-319.6307	0	0.9609309	0	-0.2767882
7.579994	-329.4464	1.8	-319.5744	0	0.9656152	0	-0.2599755
7.599994	-329.1774	1.8	-319.5087	0	0.9678472	0	-0.2515391
7.619994	-328.9146	1.8	-319.4443	0	0.9700054	0	-0.2430836
7.639994	-328.6611	1.8	-319.3914	0	0.9720897	0	-0.2346096
7.659994	-328.4129	1.8	-319.3421	0	0.9741	0	-0.2261177
7.679994	-328.1667	1.8	-319.2917	0	0.9778979	0	-0.2090828
7.699994	-327.9405	1.8	-319.2662	0	0.9796852	0	-0.2005412
7.719994	-327.7133	1.8	-319.2365	0	0.981398	0	-0.1919843
7.739994	-327.4865	1.8	-319.2037	0	0.983036	0	-0.1834128
7.759994	-327.2605	1.8	-319.1675	0	0.9860873	0	-0.1662285
7.779994	-327.0368	1.8	-319.124	0	0.9875003	0	-0.157617
7.799994	-326.8132	1.8	-319.0762	0	0.9888382	0	-0.1489936
7.819993	-326.5904	1.8	-319.0247	0	0.9901007	0	-0.1403588
7.839993	-326.3685	1.8	-318.9694	0	0.9912879	0	-0.1317133
7.859993	-326.1476	1.8	-318.9104	0	0.9934356	0	-0.1143929
7.879993	-325.9297	1.8	-318.8438	0	0.994396	0	-0.1057193
7.899993	-325.7124	1.8	-318.7729	0	0.9952807	0	-0.0970376
7.919993	-325.4962	1.8	-318.6984	0	0.9960896	0	-0.08834855
7.939993	-325.2813	1.8	-318.6202	0	0.9968227	0	-0.07965279
7.959993	-325.0678	1.8	-318.5385	0	0.998061	0	-0.0622437
7.979993	-324.8581	1.8	-318.4495	0	0.9985662	0	-0.05353171
7.999993	-324.6494	1.8	-318.3563	0	0.9989953	0	-0.04481565
8.019994	-324.4421	1.8	-318.2595	0	0.9993483	0	-0.03609618
8.039994	-324.2366	1.8	-318.1593	0	0.9996253	0	-0.02737395
8.059995	-324.033	1.8	-318.058	0	0.9999508	0	-0.009923919
8.079995	-323.835	1.8	-317.9805	0	0.9999993	0	-0.001197435
8.099996	-323.6387	1.8	-317.908	0	0.9999717	0	0.00752914
8.119996	-323.4444	1.8	-317.8386	0	0.9998679	0	0.01625514
8.139997	-323.2521	1.8	-317.7704	0	0.999688	0	0.02497991
8.159997	-323.0602	1.8	-317.7052	0	0.9990997	0	0.04242306
8.179997	-322.8665	1.8	-317.6371	0	0.9986915	0	0.05114013
8.199998	-322.675	1.8	-317.5683	0	0.9982072	0	0.05985329
8.219998	-322.4855	1.8	-317.497	0	0.9976469	0	0.0685619
8.239999	-322.2974	1.8	-317.4311	0	0.9970106	0	0.07726529
8.259999	-322.1096	1.8	-317.3761	0	0.9955103	0	0.09465376
8.28	-321.9175	1.8	-317.3599	0	0.9946464	0	0.1033375
8.3	-321.7188	1.8	-317.3692	0	0.9937067	0	0.1120134
8.320001	-321.5118	1.8	-317.4057	0	0.9926914	0	0.1206807
8.340001	-321.2964	1.8	-317.4646	0	0.9904341	0	0.1379872
8.360002	-321.0622	1.8	-317.5612	0	0.9891922	0	0.146625
8.380002	-320.8249	1.8	-317.6618	0	0.987875	0	0.1552517
8.400002	-320.5821	1.8	-317.7708	0	0.9864826	0	0.1638665
8.420003	-320.335	1.8	-317.881	0	0.985015	0	0.1724688
8.440003	-320.0845	1.8	-317.9913	0	0.981855	0	0.1896334
8.460004	-319.8236	1.8	-318.1014	0	0.9801627	0	0.1981944
8.480004	-319.5648	1.8	-318.2103	0	0.9783959	0	0.2067403
8.500005	-319.3069	1.8	-318.3166	0	0.9765545	0	0.2152704
8.520005	-319.0488	1.8	-318.419	0	0.9746388	0	0.2237841
8.540006	-318.7893	1.8	-318.5168	0	0.9705848	0	0.2407598
8.560006	-318.5273	1.8	-318.6046	0	0.9684468	0	0.2492205
8.580007	-318.2628	1.8	-318.6873	0	0.9662351	0	0.2576622
8.600007	-317.9966	1.8	-318.7651	0	0.9639498	0	0.2660843
8.620008	-317.729	1.8	-318.8382	0	0.9615911	0	0.2744861
8.640008	-317.4601	1.8	-318.9067	0	0.9566542	0	0.2912264
8.660008	-317.1896	1.8	-318.9655	0	0.9540763	0	0.2995636
8.680009	-316.9175	1.8	-319.0193	0	0.9514259	0	0.3078779
8.700009	-316.6443	1.8	-319.0685	0	0.9487029	0	0.3161688
8.72001	-316.3703	1.8	-319.113	0	0.9459078	0	0.3244357
8.74001	-316.0957	1.8	-319.1529	0	0.9401015	0	0.3408946
8.760011	-315.8205	1.8	-319.1831	0	0.9370909	0	0.3490855
8.780011	-315.5442	1.8	-319.2082	0	0.9340089	0	0.3572497
8.800012	-315.2674	1.8	-319.2285	0	0.9308558	0	0.3653868
8.820012	-314.9903	1.8	-319.2441	0	0.9243371	0	0.3815768
8.840013	-314.7135	1.8	-319.2501	0	0.9209721	0	0.3896286
8.860013	-314.4361	1.8	-319.251	0	0.9175369	0	0.3976506
8.880013	-314.1586	1.8	-319.2471	0	0.9140319	0	0.4056424
8.900014	-313.8811	1.8	-319.2385	0	0.9104573	0	0.4136033
8.920014	-313.6039	1.8	-319.2252	0	0.9031002	0	0.42943
8.940015	-313.328	1.8	-319.2024	0	0.8993183	0	0.4372946
8.960015	-313.0521	1.8	-319.1743	0	0.895468	0	0.4451258
8.980016	-312.7765	1.8	-319.1414	0	0.8915495	0	0.4529233
9.000016	-312.5014	1.8	-319.1039	0	0.8875631	0	0.4606861
9.020017	-312.2271	1.8	-319.0617	0	0.8793879	0	0.4761061
9.040017	-311.9551	1.8	-319.0101	0	0.8751996	0	0.483762
9.060018	-311.6836	1.8	-318.9533	0	0.8709447	0	0.491381
9.080018	-311.4129	1.8	-318.8918	0	0.8666235	0	0.4989626
9.100019	-311.1433	1.8	-318.8257	0	0.8622363	0	0.5065063
9.120019	-310.8749	1.8	-318.7551	0	0.8532652	0	0.5214772
9.140019	-310.6098	1.8	-318.6754	0	0.848682	0	0.5289034
9.16002	-310.3457	1.8	-318.5905	0	0.8440343	0	0.5362893
9.18002	-310.083	1.8	-318.5011	0	0.8393221	0	0.5436344
9.200021	-309.8218	1.8	-318.4072	0	0.8345461	0	0.5509381
9.220021	-309.5622	1.8	-318.309	0	0.8248038	0	0.565419
9.240022	-309.3069	1.8	-318.202	0	0.8198383	0	0.5725951
9.260022	-309.0531	1.8	-318.09	0	0.8148103	0	0.5797276
9.280023	-308.8012	1.8	-317.9735	0	0.8098195	0	0.5866793
9.300023	-308.5512	1.8	-317.8529	0	0.8050701	0	0.5931798
9.320024	-308.3032	1.8	-317.728	0	0.8023044	0	0.5969151
9.340024	-308.0613	1.8	-317.604	0	0.8022841	0	0.5969425
9.360024	-307.8212	1.8	-317.483	0	0.8026052	0	0.5965108
9.380025	-307.5829	1.8	-317.3683	0	0.803096	0	0.5958498
9.400025	-307.3463	1.8	-317.2586	0	0.8042887	0	0.5942388
9.420026	-307.1133	1.8	-317.1601	0	0.8049266	0	0.5933746
9.440026	-306.8821	1.8	-317.0637	0	0.8055741	0	0.592495
9.460027	-306.6526	1.8	-316.9693	0	0.8062258	0	0.591608
9.480027	-306.423	1.8	-316.8786	0	0.8068785	0	0.5907175
9.500028	-306.1917	1.8	-316.7917	0	0.8081834	0	0.588931
9.520028	-305.9563	1.8	-316.7098	0	0.8088353	0	0.5880353
9.540029	-305.7214	1.8	-316.627	0	0.8094867	0	0.5871382
9.560029	-305.4861	1.8	-316.5446	0	0.8101371	0	0.5862404
9.580029	-305.2506	1.8	-316.4627	0	0.8107867	0	0.5853419
9.60003	-305.015	1.8	-316.3813	0	0.8120838	0	0.5835409
9.62003	-304.784	1.8	-316.3049	0	0.8127309	0	0.5826393
9.640031	-304.5533	1.8	-316.2313	0	0.813377	0	0.581737
9.660031	-304.3243	1.8	-316.1596	0	0.8140219	0	0.5808343
9.680032	-304.0974	1.8	-316.0893	0	0.8146662	0	0.5799302
9.700032	-303.8709	1.8	-316.0224	0	0.8159528	0	0.5781185
9.720033	-303.6425	1.8	-315.9633	0	0.8165947	0	0.5772115
9.740033	-303.4116	1.8	-315.9042	0	0.8172359	0	0.5763034
9.760034	-303.1805	1.8	-315.8457	0	0.8178764	0	0.5753939
9.780034	-302.9484	1.8	-315.784	0	0.818516	0	0.5744839
9.800035	-302.7184	1.8	-315.7235	0	0.8197912	0	0.5726627
9.820035	-302.491	1.8	-315.6705	0	0.8204273	0	0.5717508
9.840035	-302.2664	1.8	-315.623	0	0.8210627	0	0.5708379
9.860036	-302.0469	1.8	-315.5888	0	0.8216976	0	0.5699239
9.880036	-301.832	1.8	-315.5656	0	0.8223315	0	0.5690086
9.900037	-301.6209	1.8	-315.5501	0	0.8235955	0	0.5671777
9.920037	-301.4206	1.8	-315.555	0	0.8242259	0	0.5662611
9.940038	-301.223	1.8	-315.5605	0	0.8248553	0	0.5653441
9.960038	-301.0317	1.8	-315.5803	0	0.8254835	0	0.5644262
9.980039	-300.8551	1.8	-315.641	0	0.8261111	0	0.5635073
10.00004	-300.6989	1.8	-315.7624	0	0.8273634	0	0.561667
10.02004	-300.5925	1.8	-316.0323	0	0.8279883	0	0.5607452
10.04004	-300.4836	1.8	-316.2935	0	0.8286122	0	0.5598231
10.06004	-300.3756	1.8	-316.5524	0	0.8292351	0	0.5589
10.08004	-300.2666	1.8	-316.8104	0	0.829857	0	0.5579761
10.10004	-300.1578	1.8	-317.0688	0	0.8310981	0	0.5561257
10.12004	-300.0507	1.8	-317.3276	0	0.8317167	0	0.5552003
10.14004	-299.9436	1.8	-317.5868	0	0.8323339	0	0.5542746
10.16004	-299.8371	1.8	-317.8462	0	0.8329495	0	0.5533489
10.18004	-299.7311	1.8	-318.1057	0	0.8335644	0	0.5524224
10.20004	-299.6258	1.8	-318.3656	0	0.8347914	0	0.5505664
10.22004	-299.5221	1.8	-318.6259	0	0.8354034	0	0.5496374
10.24004	-299.4185	1.8	-318.8864	0	0.8360141	0	0.5487081
10.26005	-299.3155	1.8	-319.1472	0	0.8366236	0	0.5477781
10.28005	-299.213	1.8	-319.4082	0	0.8372321	0	0.5468476
10.30005	-299.1112	1.8	-319.6694	0	0.8384467	0	0.5449835
10.32005	-298.9945	1.8	-319.8904	0	0.8390526	0	0.5440503
10.34005	-298.8697	1.8	-320.0917	0	0.8396578	0	0.5431159
10.36005	-298.737	1.8	-320.2734	0	0.8402621	0	0.5421806
10.38005	-298.5968	1.8	-320.4354	0	0.8414676	0	0.5403076
10.40005	-298.4474	1.8	-320.571	0	0.842069	0	0.53937
10.42005	-298.2993	1.8	-320.7044	0	0.8426691	0	0.5384316
10.44005	-298.1479	1.8	-320.8271	0	0.8432682	0	0.5374931
10.46005	-297.9871	1.8	-320.9283	0	0.8438661	0	0.536554
10.48005	-297.8072	1.8	-320.9912	0	0.8450574	0	0.5346755
10.50005	-297.5784	1.8	-320.9631	0	0.8456511	0	0.5337359
10.52005	-297.3344	1.8	-320.9074	0	0.8462441	0	0.5327955
10.54005	-297.076	1.8	-320.8245	0	0.8468361	0	0.5318538
10.56005	-296.8126	1.8	-320.7336	0	0.8474272	0	0.5309116
10.58005	-296.5476	1.8	-320.6416	0	0.8486063	0	0.5290248
10.60005	-296.2824	1.8	-320.5514	0	0.8491943	0	0.5280806
10.62005	-296.0169	1.8	-320.4613	0	0.849781	0	0.5271357
10.64005	-295.7512	1.8	-320.3717	0	0.8503671	0	0.52619
10.66005	-295.4853	1.8	-320.2827	0	0.850952	0	0.5252435
10.68005	-295.2192	1.8	-320.1944	0	0.8521194	0	0.5233475
10.70006	-294.9528	1.8	-320.1077	0	0.8527011	0	0.522399
10.72006	-294.6861	1.8	-320.0211	0	0.8532822	0	0.5214495
10.74006	-294.4193	1.8	-319.9351	0	0.8538622	0	0.520499
10.76006	-294.1522	1.8	-319.8497	0	0.8544413	0	0.5195478
10.78006	-293.885	1.8	-319.7649	0	0.8550197	0	0.5185956
10.80006	-293.6176	1.8	-319.6806	0	0.856174	0	0.5166875
10.82006	-293.3498	1.8	-319.5981	0	0.8567497	0	0.5157326
10.84006	-293.0818	1.8	-319.5157	0	0.8573242	0	0.5147769
10.86006	-292.8136	1.8	-319.4339	0	0.8578979	0	0.5138203
10.88006	-292.5453	1.8	-319.3527	0	0.8584704	0	0.512863
10.90006	-292.2768	1.8	-319.272	0	0.8596118	0	0.5109476
10.92006	-292.0079	1.8	-319.1931	0	0.8601807	0	0.5099895
10.94006	-291.7388	1.8	-319.1143	0	0.8607482	0	0.5090311
10.96006	-291.4696	1.8	-319.036	0	0.8613144	0	0.5080724
10.98006	-291.2002	1.8	-318.9584	0	0.8618792	0	0.5071136
11.00006	-290.933	1.8	-318.8823	0	0.8624427	0	0.5061548
11.02006	-290.6681	1.8	-318.8083	0	0.8635662	0	0.5042356
11.04006	-290.413	1.8	-318.7542	0	0.8641263	0	0.503275
11.06006	-290.1628	1.8	-318.7093	0	0.8646855	0	0.5023136
11.08006	-289.916	1.8	-318.6699	0	0.8652436	0	0.5013519
11.10006	-289.672	1.8	-318.6347	0	0.8663565	0	0.499426
11.12006	-289.4331	1.8	-318.6034	0	0.8669116	0	0.498462
11.14007	-289.1958	1.8	-318.5747	0	0.8674653	0	0.4974976
11.16007	-288.9588	1.8	-318.5502	0	0.8680183	0	0.4965322
11.18007	-288.7234	1.8	-318.5283	0	0.8685705	0	0.4955657
11.20007	-288.4882	1.8	-318.5102	0	0.8691217	0	0.4945984
11.22007	-288.2518	1.8	-318.4957	0	0.8702205	0	0.4926624
11.24007	-288.0164	1.8	-318.4844	0	0.8707681	0	0.4916941
11.26007	-287.7833	1.8	-318.4734	0	0.8713142	0	0.4907258
11.28007	-287.5529	1.8	-318.4649	0	0.8718592	0	0.4897568
11.30007	-287.3267	1.8	-318.4627	0	0.8724033	0	0.4887869
11.32007	-287.1044	1.8	-318.4665	0	0.8734891	0	0.4868437
11.34007	-286.8918	1.8	-318.4845	0	0.8740308	0	0.4858705
11.36007	-286.683	1.8	-318.507	0	0.8745717	0	0.4848964
11.38007	-286.4805	1.8	-318.5373	0	0.8751113	0	0.4839218
11.40007	-286.282	1.8	-318.5705	0	0.8756498	0	0.4829466
11.42007	-286.086	1.8	-318.6035	0	0.8767238	0	0.4809941
11.44007	-285.8964	1.8	-318.6397	0	0.8772593	0	0.4800169
11.46007	-285.7118	1.8	-318.6829	0	0.8777939	0	0.4790385
11.48007	-285.5332	1.8	-318.7363	0	0.8783276	0	0.4780594
11.50007	-285.361	1.8	-318.8028	0	0.8788601	0	0.4770797
11.52007	-285.1951	1.8	-318.8841	0	0.8799214	0	0.4751193
11.54007	-285.0399	1.8	-318.9945	0	0.8804503	0	0.4741385
11.56007	-284.8862	1.8	-319.114	0	0.8809782	0	0.473157
11.58008	-284.7329	1.8	-319.2381	0	0.881505	0	0.4721748
11.60008	-284.5797	1.8	-319.364	0	0.8820308	0	0.4711918
11.62008	-284.4266	1.8	-319.4905	0	0.8830804	0	0.4692219
11.64008	-284.2744	1.8	-319.6179	0	0.8836039	0	0.4682353
11.66008	-284.1221	1.8	-319.7454	0	0.8841262	0	0.4672482
11.68008	-283.9701	1.8	-319.8733	0	0.8846474	0	0.4662606
11.70008	-283.8185	1.8	-320.0014	0	0.8851677	0	0.4652722
11.72008	-283.6671	1.8	-320.1299	0	0.8862046	0	0.4632942
11.74008	-283.5166	1.8	-320.2593	0	0.8867211	0	0.4623047
11.76008	-283.366	1.8	-320.3889	0	0.8872365	0	0.461315
11.78008	-283.2158	1.8	-320.5187	0	0.8877503	0	0.4603253
11.80008	-283.0659	1.8	-320.6489	0	0.8882625	0	0.459336
11.82008	-282.9126	1.8	-320.7708	0	0.8892832	0	0.4573571
11.84008	-282.7412	1.8	-320.8623	0	0.8897923	0	0.4563659
11.86008	-282.5536	1.8	-320.9323	0	0.8903003	0	0.4553741
11.88008	-282.3478	1.8	-320.979	0	0.8908072	0	0.4543814
11.90008	-282.1258	1.8	-321.0057	0	0.8918183	0	0.4523939
11.92008	-281.8701	1.8	-320.991	0	0.8923225	0	0.4513986
11.94008	-281.6089	1.8	-320.9694	0	0.8928258	0	0.4504021
11.96008	-281.3381	1.8	-320.9355	0	0.8933284	0	0.4494046
11.98008	-281.062	1.8	-320.8955	0	0.8938298	0	0.4484065
12.00008	-280.7845	1.8	-320.8551	0	0.8948295	0	0.4464082
12.02009	-280.5071	1.8	-320.8165	0	0.8953275	0	0.4454086
12.04009	-280.2293	1.8	-320.7779	0	0.8958246	0	0.4444081
12.06009	-279.9515	1.8	-320.74	0	0.8963206	0	0.4434065
12.08009	-279.6736	1.8	-320.7027	0	0.8968157	0	0.4424046
12.10009	-279.3957	1.8	-320.666	0	0.8978019	0	0.4403996
12.12009	-279.1177	1.8	-320.631	0	0.8982931	0	0.4393969
12.14009	-278.8394	1.8	-320.5962	0	0.898783	0	0.4383937
12.16009	-278.5612	1.8	-320.562	0	0.8992716	0	0.4373907
12.18009	-278.2828	1.8	-320.5284	0	0.8997588	0	0.4363876
12.20009	-278.0044	1.8	-320.4955	0	0.9007286	0	0.4343825
12.22009	-277.726	1.8	-320.4643	0	0.9012116	0	0.4333792
12.24009	-277.4473	1.8	-320.4332	0	0.9016939	0	0.4323752
12.26009	-277.1686	1.8	-320.4027	0	0.9021745	0	0.4313711
12.28009	-276.8939	1.8	-320.3762	0	0.902654	0	0.4303672
12.30009	-276.626	1.8	-320.358	0	0.9036086	0	0.428359
12.32009	-276.3863	1.8	-320.372	0	0.9040846	0	0.4273537
12.34009	-276.1605	1.8	-320.4019	0	0.9045597	0	0.4263471
12.36009	-275.9482	1.8	-320.448	0	0.9050341	0	0.4253392
12.38009	-275.7478	1.8	-320.5066	0	0.9055076	0	0.4243301
12.40009	-275.5541	1.8	-320.5707	0	0.9064518	0	0.4223093
12.42009	-275.3692	1.8	-320.6392	0	0.9069218	0	0.4212991
12.44009	-275.1952	1.8	-320.7196	0	0.9073907	0	0.4202884
#Walking Trial Way Points#
#TimeStamp#	#WayPonitX#	#WayPonitY#	#WayPonitZ#	#OrientationX#	#OrientationY#	#OrientationZ#	#OrientationW#	
0	-287.2831	1.8	-345.3423	0	0.3695039	0	-0.9292292
4.559997	-314.7514	1.8	-316.265	0	0	0	1
12.4601	-275.4379	1.8	-323.6436	0	0	0	1
