#Walking Trial Path#
#TimeStamp#	#PositionX#	#PositionY#	#PositionZ#	#OrientationX#	#OrientationY#	#OrientationZ#	#OrientationW#	
0	-331.6092	1.8	-333.4162	0	-0.9986696	0	0.05156672
0.02	-331.6062	1.8	-333.3854	0	-0.9986696	0	0.05156672
0.04	-331.6032	1.8	-333.3547	0	-0.9986696	0	0.05156672
0.06	-331.6002	1.8	-333.3239	0	-0.9986696	0	0.05156672
0.08	-331.5972	1.8	-333.2932	0	-0.9986696	0	0.05156672
0.09999999	-331.5942	1.8	-333.2624	0	-0.9986696	0	0.05156672
0.12	-331.5912	1.8	-333.2316	0	-0.9986696	0	0.05156672
0.14	-331.5883	1.8	-333.2009	0	-0.9986696	0	0.05156672
0.16	-331.5853	1.8	-333.1701	0	-0.9986696	0	0.05156672
0.18	-331.5823	1.8	-333.1393	0	-0.9986696	0	0.05156672
0.2	-331.5793	1.8	-333.1086	0	-0.9986696	0	0.05156672
0.22	-331.5763	1.8	-333.0778	0	-0.9986696	0	0.05156672
0.24	-331.5733	1.8	-333.0471	0	-0.9986696	0	0.05156672
0.26	-331.5703	1.8	-333.0163	0	-0.9986696	0	0.05156672
0.28	-331.5673	1.8	-332.9855	0	-0.9986696	0	0.05156672
0.3	-331.5643	1.8	-332.9548	0	-0.9986696	0	0.05156672
0.32	-331.5613	1.8	-332.924	0	-0.9986352	0	0.05222898
0.34	-331.5576	1.8	-332.8881	0	-0.9986178	0	0.05256009
0.36	-331.5576	1.8	-332.8881	0	-0.9986178	0	0.05256009
0.38	-331.5576	1.8	-332.8881	0	-0.9986178	0	0.05256009
0.4	-331.5576	1.8	-332.8881	0	-0.9986178	0	0.05256009
0.42	-331.5576	1.8	-332.8881	0	-0.9986178	0	0.05256009
0.4400001	-331.5576	1.8	-332.8881	0	-0.9986091	0	0.05272565
0.4600001	-331.5576	1.8	-332.8881	0	-0.9986091	0	0.05272565
0.4800001	-331.5576	1.8	-332.8881	0	-0.9986091	0	0.05272565
0.5000001	-331.5576	1.8	-332.8881	0	-0.9986091	0	0.05272565
0.52	-331.5576	1.8	-332.8881	0	-0.9986091	0	0.05272565
0.54	-331.5576	1.8	-332.8881	0	-0.9986047	0	0.05280843
0.56	-331.5576	1.8	-332.8881	0	-0.9986047	0	0.05280843
0.58	-331.5576	1.8	-332.8881	0	-0.9986047	0	0.05280843
0.6	-331.5576	1.8	-332.8881	0	-0.9986047	0	0.05280843
0.6199999	-331.5576	1.8	-332.8881	0	-0.9986047	0	0.05280843
0.6399999	-331.5576	1.8	-332.8881	0	-0.9986025	0	0.05284982
0.6599999	-331.5576	1.8	-332.8881	0	-0.9986025	0	0.05284982
0.6799999	-331.5576	1.8	-332.8881	0	-0.9986025	0	0.05284982
0.6999999	-331.5576	1.8	-332.8881	0	-0.9986025	0	0.05284982
0.7199998	-331.5576	1.8	-332.8881	0	-0.9986025	0	0.05284982
0.7399998	-331.5576	1.8	-332.8881	0	-0.9986014	0	0.05287052
0.7599998	-331.5576	1.8	-332.8881	0	-0.9986014	0	0.05287052
0.7799998	-331.5576	1.8	-332.8881	0	-0.9986014	0	0.05287052
0.7999998	-331.5576	1.8	-332.8881	0	-0.9986014	0	0.05287052
0.8199998	-331.5576	1.8	-332.8881	0	-0.9986014	0	0.05287052
0.8399997	-331.5576	1.8	-332.8881	0	-0.9986009	0	0.05288086
0.8599997	-331.5576	1.8	-332.8881	0	-0.9986009	0	0.05288086
0.8799997	-331.5576	1.8	-332.8881	0	-0.9986009	0	0.05288086
0.8999997	-331.5576	1.8	-332.8881	0	-0.9986009	0	0.05288086
0.9199997	-331.5576	1.8	-332.8881	0	-0.9986009	0	0.05288086
0.9399996	-331.5576	1.8	-332.8881	0	-0.9986006	0	0.05288604
0.9599996	-331.5576	1.8	-332.8881	0	-0.9986006	0	0.05288604
0.9799996	-331.5576	1.8	-332.8881	0	-0.9986006	0	0.05288604
0.9999996	-331.5576	1.8	-332.8881	0	-0.9986006	0	0.05288604
1.02	-331.5576	1.8	-332.8881	0	-0.9986006	0	0.05288604
1.04	-331.5576	1.8	-332.8881	0	-0.9986005	0	0.05288862
1.06	-331.5576	1.8	-332.8881	0	-0.9986005	0	0.05288862
1.08	-331.5576	1.8	-332.8881	0	-0.9986005	0	0.05288862
1.1	-331.5576	1.8	-332.8881	0	-0.9986005	0	0.05288862
1.12	-331.5576	1.8	-332.8881	0	-0.9986005	0	0.05288862
1.14	-331.5576	1.8	-332.8881	0	-0.9986004	0	0.05288992
1.159999	-331.5576	1.8	-332.8881	0	-0.9986004	0	0.05288992
1.179999	-331.5576	1.8	-332.8881	0	-0.9986004	0	0.05288992
1.199999	-331.5576	1.8	-332.8881	0	-0.9986004	0	0.05288992
1.219999	-331.5576	1.8	-332.8881	0	-0.9986004	0	0.05288992
1.239999	-331.5576	1.8	-332.8881	0	-0.9986004	0	0.05289057
1.259999	-331.5576	1.8	-332.8881	0	-0.9985768	0	0.05333236
1.279999	-331.5537	1.8	-332.8521	0	-0.9985412	0	0.05399472
1.299999	-331.5498	1.8	-332.8162	0	-0.9984992	0	0.05476733
1.319999	-331.5458	1.8	-332.7802	0	-0.9984534	0	0.05559505
1.339999	-331.5418	1.8	-332.7443	0	-0.9984534	0	0.05559505
1.359999	-331.5378	1.8	-332.7083	0	-0.9984055	0	0.0564503
1.379999	-331.5337	1.8	-332.6724	0	-0.998356	0	0.05731928
1.399999	-331.5295	1.8	-332.6365	0	-0.9983053	0	0.05819511
1.419999	-331.5253	1.8	-332.6006	0	-0.9982536	0	0.05907434
1.439999	-331.5211	1.8	-332.5646	0	-0.9982536	0	0.05907434
1.459999	-331.5168	1.8	-332.5287	0	-0.9982011	0	0.05995525
1.479999	-331.5125	1.8	-332.4928	0	-0.9981477	0	0.06083697
1.499999	-331.5081	1.8	-332.4569	0	-0.9980935	0	0.06171907
1.519999	-331.5036	1.8	-332.4211	0	-0.9980935	0	0.06171907
1.539999	-331.4991	1.8	-332.3852	0	-0.9980386	0	0.06260134
1.559999	-331.4946	1.8	-332.3493	0	-0.9979829	0	0.06348368
1.579999	-331.4901	1.8	-332.3134	0	-0.9979264	0	0.06436601
1.599999	-331.4854	1.8	-332.2776	0	-0.9978691	0	0.06524832
1.619999	-331.4807	1.8	-332.2417	0	-0.9978691	0	0.06524832
1.639999	-331.476	1.8	-332.2058	0	-0.997811	0	0.06613059
1.659999	-331.4713	1.8	-332.17	0	-0.9977521	0	0.06701282
1.679999	-331.4664	1.8	-332.1342	0	-0.9976925	0	0.067895
1.699999	-331.4615	1.8	-332.0983	0	-0.9976321	0	0.06877713
1.719999	-331.4565	1.8	-332.0625	0	-0.9976321	0	0.06877713
1.739999	-331.4516	1.8	-332.0267	0	-0.9975709	0	0.0696592
1.759999	-331.4465	1.8	-331.9909	0	-0.9975089	0	0.07054123
1.779999	-331.4414	1.8	-331.9551	0	-0.9974461	0	0.07142319
1.799999	-331.4363	1.8	-331.9193	0	-0.9974461	0	0.07142319
1.819999	-331.4311	1.8	-331.8835	0	-0.9973826	0	0.07230511
1.839999	-331.4259	1.8	-331.8477	0	-0.9973183	0	0.07318696
1.859999	-331.4206	1.8	-331.8119	0	-0.9972531	0	0.07406876
1.879999	-331.4153	1.8	-331.7762	0	-0.9972531	0	0.07406876
1.899999	-331.4099	1.8	-331.7404	0	-0.9971873	0	0.07495051
1.919999	-331.4045	1.8	-331.7046	0	-0.9971206	0	0.0758322
1.939999	-331.3991	1.8	-331.6689	0	-0.9970531	0	0.07671382
1.959999	-331.3936	1.8	-331.6331	0	-0.996985	0	0.07759538
1.979999	-331.388	1.8	-331.5974	0	-0.996985	0	0.07759538
1.999999	-331.3824	1.8	-331.5617	0	-0.9969159	0	0.07847688
2.019999	-331.3767	1.8	-331.526	0	-0.9968461	0	0.07935832
2.039999	-331.371	1.8	-331.4903	0	-0.9967756	0	0.08023971
2.059999	-331.3652	1.8	-331.4546	0	-0.9967043	0	0.08112103
2.079999	-331.3595	1.8	-331.4197	0	-0.9967043	0	0.08112103
2.099999	-331.3538	1.8	-331.3849	0	-0.9966322	0	0.08200227
2.119999	-331.3479	1.8	-331.3492	0	-0.9965593	0	0.08288345
2.139999	-331.3419	1.8	-331.3136	0	-0.9964856	0	0.08376458
2.159999	-331.3359	1.8	-331.2779	0	-0.9964111	0	0.08464564
2.179999	-331.3298	1.8	-331.2423	0	-0.9964111	0	0.08464564
2.199999	-331.3237	1.8	-331.2066	0	-0.9963365	0	0.08552066
2.219999	-331.3175	1.8	-331.171	0	-0.9962607	0	0.08639859
2.239999	-331.3113	1.8	-331.1354	0	-0.9961841	0	0.08727796
2.259999	-331.305	1.8	-331.0998	0	-0.9961065	0	0.088158
2.279999	-331.334	1.8	-331.2622	0	-0.9961801	0	0.0873227
2.299999	-331.4171	1.8	-331.7325	0	-0.99666	0	0.08166366
2.319999	-331.494	1.8	-332.2037	0	-0.9970414	0	0.07686709
2.339998	-331.5673	1.8	-332.6756	0	-0.99751	0	0.07052629
2.359998	-331.6344	1.8	-333.1483	0	-0.9980135	0	0.06300075
2.379998	-331.6945	1.8	-333.6218	0	-0.998493	0	0.0548804
2.399998	-331.7468	1.8	-334.0963	0	-0.9992761	0	0.03804374
2.419998	-331.7793	1.8	-334.5716	0	-0.9995671	0	0.02942174
2.439998	-331.8073	1.8	-335.0483	0	-0.9997848	0	0.02074769
2.459998	-331.8271	1.8	-335.5251	0	-0.9999275	0	0.01204716
2.479998	-331.8387	1.8	-336.0023	0	-0.9999945	0	0.003333256
2.499998	-331.8419	1.8	-336.4795	0	-0.9999005	0	-0.01411023
2.519998	-331.8245	1.8	-336.9556	0	-0.9997393	0	-0.02283381
2.539998	-331.8027	1.8	-337.4326	0	-0.999502	0	-0.03155643
2.559998	-331.7726	1.8	-337.9089	0	-0.9991885	0	-0.04027704
2.579998	-331.7342	1.8	-338.3846	0	-0.998799	0	-0.04899478
2.599998	-331.6875	1.8	-338.8596	0	-0.9977918	0	-0.06641863
2.619998	-331.6204	1.8	-339.3312	0	-0.9971743	0	-0.07512335
2.639998	-331.5489	1.8	-339.8033	0	-0.9964807	0	-0.08382235
2.659998	-331.4692	1.8	-340.2739	0	-0.9957113	0	-0.09251499
2.679998	-331.3813	1.8	-340.743	0	-0.9939901	0	-0.1094699
2.699998	-331.2736	1.8	-341.2072	0	-0.9932258	0	-0.1162006
2.719998	-331.1634	1.8	-341.6718	0	-0.9926229	0	-0.121243
2.739998	-331.0485	1.8	-342.1353	0	-0.9923664	0	-0.1233244
2.759998	-330.9316	1.8	-342.5983	0	-0.9926085	0	-0.1213604
2.779998	-330.8165	1.8	-343.0618	0	-0.9932439	0	-0.1160455
2.799998	-330.7065	1.8	-343.5264	0	-0.9948651	0	-0.1012111
2.819998	-330.6135	1.8	-343.9939	0	-0.9956713	0	-0.09294543
2.839998	-330.5251	1.8	-344.4631	0	-0.9964266	0	-0.08446322
2.859998	-330.4448	1.8	-344.9336	0	-0.9971178	0	-0.07586978
2.879998	-330.3725	1.8	-345.4053	0	-0.9982854	0	-0.05853504
2.899998	-330.3208	1.8	-345.8789	0	-0.9987575	0	-0.04983438
2.919998	-330.2732	1.8	-346.354	0	-0.9991541	0	-0.04112335
2.939998	-330.234	1.8	-346.8297	0	-0.9994748	0	-0.03240591
2.959998	-330.203	1.8	-347.3059	0	-0.9997195	0	-0.02368435
2.979998	-330.1804	1.8	-347.7826	0	-0.9999806	0	-0.006234437
2.999998	-330.1784	1.8	-348.259	0	-0.9999969	0	0.002491977
3.019998	-330.1808	1.8	-348.7365	0	-0.9999371	0	0.0112183
3.039998	-330.1915	1.8	-349.2136	0	-0.9998012	0	0.01994383
3.059998	-330.2105	1.8	-349.6905	0	-0.999589	0	0.02866786
3.079998	-330.2379	1.8	-350.167	0	-0.9989364	0	0.04610872
3.099998	-330.2857	1.8	-350.641	0	-0.9984961	0	0.05482423
3.119998	-330.338	1.8	-351.1156	0	-0.9979796	0	0.06353555
3.139998	-330.3985	1.8	-351.589	0	-0.9973871	0	0.07224203
3.159998	-330.4672	1.8	-352.0612	0	-0.9967188	0	0.08094302
3.179998	-330.5442	1.8	-352.5323	0	-0.9951543	0	0.09832583
3.199998	-330.6413	1.8	-352.9987	0	-0.9942583	0	0.1070063
3.219998	-330.7429	1.8	-353.4653	0	-0.9933342	0	0.1152704
3.239998	-330.8522	1.8	-353.9299	0	-0.9925306	0	0.1219966
3.259998	-330.9678	1.8	-354.393	0	-0.9918329	0	0.127545
3.279998	-331.0886	1.8	-354.8549	0	-0.9909132	0	0.1345035
3.299998	-331.2181	1.8	-355.3145	0	-0.990675	0	0.1362467
3.319998	-331.347	1.8	-355.7744	0	-0.990494	0	0.137556
3.339998	-331.4772	1.8	-356.2339	0	-0.9903417	0	0.1386483
3.359998	-331.6083	1.8	-356.6931	0	-0.9898225	0	0.1423072
3.379997	-331.743	1.8	-357.1513	0	-0.9892051	0	0.146538
3.399997	-331.8815	1.8	-357.6083	0	-0.9882944	0	0.1525595
3.419997	-332.0254	1.8	-358.0635	0	-0.987137	0	0.1598769
3.439997	-332.1761	1.8	-358.5164	0	-0.9858151	0	0.1678353
3.459997	-332.334	1.8	-358.9668	0	-0.9828271	0	0.1845287
3.479997	-332.5104	1.8	-359.4095	0	-0.9813339	0	0.1923116
3.499997	-332.6906	1.8	-359.8517	0	-0.9800271	0	0.198864
3.519997	-332.8767	1.8	-360.2913	0	-0.9792678	0	0.2025698
3.539997	-333.0661	1.8	-360.7296	0	-0.9787925	0	0.2048544
3.559997	-333.2577	1.8	-361.1671	0	-0.9782035	0	0.2076484
3.579997	-333.4524	1.8	-361.6032	0	-0.9779817	0	0.2086904
3.599997	-333.6474	1.8	-362.0392	0	-0.9777779	0	0.2096436
3.619997	-333.8432	1.8	-362.4748	0	-0.9775826	0	0.2105524
3.639997	-334.0398	1.8	-362.9101	0	-0.9773913	0	0.2114388
3.659997	-334.2372	1.8	-363.345	0	-0.9770122	0	0.2131835
3.679997	-334.4365	1.8	-363.779	0	-0.9768227	0	0.21405
3.699997	-334.6362	1.8	-364.2128	0	-0.976634	0	0.2149092
3.719997	-334.8367	1.8	-364.6463	0	-0.9764441	0	0.2157704
3.739997	-334.9441	1.8	-364.8778	0	-0.9762532	0	0.2166326
3.759997	-334.9593	1.8	-364.9106	0	-0.9758688	0	0.2183578
3.779997	-334.9586	1.8	-364.9091	0	-0.9756753	0	0.2192204
3.799997	-334.9431	1.8	-364.8764	0	-0.9754812	0	0.220083
3.819997	-334.9276	1.8	-364.8437	0	-0.9752862	0	0.2209454
3.839997	-334.912	1.8	-364.8111	0	-0.9750904	0	0.2218076
3.859997	-334.8963	1.8	-364.7785	0	-0.9746967	0	0.2235316
3.879997	-334.8806	1.8	-364.7459	0	-0.9744986	0	0.2243933
3.899997	-334.8648	1.8	-364.7134	0	-0.9742999	0	0.2252549
3.919997	-334.8489	1.8	-364.6809	0	-0.9741004	0	0.2261163
3.939997	-334.833	1.8	-364.6484	0	-0.9736989	0	0.2278386
3.959997	-334.817	1.8	-364.616	0	-0.9734971	0	0.2286994
3.979997	-334.8012	1.8	-364.5844	0	-0.9732945	0	0.2295601
3.999997	-334.7851	1.8	-364.5521	0	-0.9730911	0	0.2304206
4.019997	-334.7854	1.8	-364.5527	0	-0.972887	0	0.231281
4.039997	-334.835	1.8	-364.6511	0	-0.9729002	0	0.2312258
4.059997	-335.1649	1.8	-365.3045	0	-0.9734918	0	0.2287219
4.079997	-335.3927	1.8	-365.7604	0	-0.9745846	0	0.2240196
4.099997	-335.6011	1.8	-366.1899	0	-0.9760805	0	0.2174096
4.119997	-335.8037	1.8	-366.6221	0	-0.9777365	0	0.2098367
4.139997	-335.9996	1.8	-367.0574	0	-0.9811085	0	0.1934582
4.159997	-336.177	1.8	-367.4996	0	-0.9827369	0	0.1850089
4.179997	-336.3507	1.8	-367.9444	0	-0.9843032	0	0.1764859
4.199997	-336.5165	1.8	-368.3919	0	-0.9858007	0	0.1679196
4.219997	-336.6745	1.8	-368.8422	0	-0.9872261	0	0.1593256
4.239997	-336.8247	1.8	-369.2952	0	-0.9898548	0	0.1420832
4.259997	-336.9549	1.8	-369.7535	0	-0.9910567	0	0.1334416
4.279997	-337.0812	1.8	-370.214	0	-0.9921833	0	0.124789
4.299997	-337.1994	1.8	-370.6764	0	-0.9932345	0	0.1161264
4.319997	-337.3095	1.8	-371.1407	0	-0.99421	0	0.1074547
4.339997	-337.4115	1.8	-371.607	0	-0.9951099	0	0.09877472
4.359997	-337.5053	1.8	-372.0749	0	-0.9959339	0	0.09008715
4.379997	-337.591	1.8	-372.5444	0	-0.9966821	0	0.08139268
4.399997	-337.6685	1.8	-373.0153	0	-0.9969203	0	0.07842192
4.419997	-337.7222	1.8	-373.3419	0	-0.9970019	0	0.07737706
4.439997	-337.74	1.8	-373.4491	0	-0.9970083	0	0.07729539
4.459997	-337.7401	1.8	-373.4495	0	-0.9969772	0	0.07769532
4.479997	-337.7345	1.8	-373.414	0	-0.9969772	0	0.07769532
4.499997	-337.7289	1.8	-373.3784	0	-0.9969271	0	0.07833604
4.519997	-337.7233	1.8	-373.3427	0	-0.9968669	0	0.0790971
4.539997	-337.7176	1.8	-373.307	0	-0.9968014	0	0.07991832
4.559997	-337.7119	1.8	-373.2722	0	-0.9967328	0	0.08076957
4.579997	-337.7061	1.8	-373.2365	0	-0.9966623	0	0.08163581
4.599997	-337.7002	1.8	-373.2008	0	-0.9965903	0	0.08250951
4.619997	-337.6943	1.8	-373.1652	0	-0.9965172	0	0.08338691
4.639997	-337.6883	1.8	-373.1295	0	-0.9965172	0	0.08338691
4.659997	-337.6823	1.8	-373.0939	0	-0.9967628	0	0.0803988
4.679996	-337.6765	1.8	-373.0582	0	-0.9972171	0	0.07455401
4.699996	-337.6711	1.8	-373.0224	0	-0.9977344	0	0.06727786
4.719996	-337.6662	1.8	-372.9866	0	-0.9982412	0	0.05928334
4.739996	-337.662	1.8	-372.9507	0	-0.9987023	0	0.05092747
4.759996	-337.6583	1.8	-372.9147	0	-0.9987023	0	0.05092747
4.779996	-337.6546	1.8	-372.8787	0	-0.9991012	0	0.04238917
4.799996	-337.6515	1.8	-372.8427	0	-0.9994301	0	0.03375832
4.819996	-337.6491	1.8	-372.8066	0	-0.9996855	0	0.02508022
4.839996	-337.6473	1.8	-372.7705	0	-0.9998659	0	0.01637785
4.859996	-337.6461	1.8	-372.7344	0	-0.9998659	0	0.01637785
4.879996	-337.6449	1.8	-372.6983	0	-0.9999707	0	0.007663041
4.899996	-337.6443	1.8	-372.6621	0	-0.9999995	0	-0.001057942
4.919996	-337.6444	1.8	-372.6259	0	-0.9999522	0	-0.009781644
4.939996	-337.6451	1.8	-372.5898	0	-0.9998288	0	-0.018506
4.959996	-337.6465	1.8	-372.5537	0	-0.9998288	0	-0.018506
4.979996	-337.6478	1.8	-372.5175	0	-0.9996292	0	-0.02722965
4.999996	-337.6498	1.8	-372.4814	0	-0.9993535	0	-0.03595157
5.019996	-337.6524	1.8	-372.4454	0	-0.9990017	0	-0.04467093
5.039996	-337.6523	1.8	-372.4461	0	-0.9985739	0	-0.05338697
5.059996	-337.6466	1.8	-372.4994	0	-0.99807	0	-0.06209899
5.079996	-337.64	1.8	-372.5526	0	-0.9974901	0	-0.07080632
5.099996	-337.6324	1.8	-372.6057	0	-0.9974901	0	-0.07080632
5.119996	-337.6248	1.8	-372.6588	0	-0.9968342	0	-0.07950825
5.139996	-337.6163	1.8	-372.7118	0	-0.9961025	0	-0.08820415
5.159996	-337.6069	1.8	-372.7646	0	-0.9952948	0	-0.09689332
5.179996	-337.5965	1.8	-372.8172	0	-0.9944113	0	-0.1055751
5.199996	-337.5853	1.8	-372.8697	0	-0.9944113	0	-0.1055751
5.219996	-337.574	1.8	-372.9221	0	-0.9934522	0	-0.1142488
5.239996	-337.5618	1.8	-372.9743	0	-0.9924173	0	-0.1229139
5.259996	-337.5487	1.8	-373.0263	0	-0.991307	0	-0.1315696
5.279996	-337.5348	1.8	-373.0781	0	-0.9901211	0	-0.1402152
5.299996	-337.5199	1.8	-373.1296	0	-0.9888598	0	-0.1488502
5.319996	-337.5041	1.8	-373.1809	0	-0.9888598	0	-0.1488502
5.339996	-337.4883	1.8	-373.2322	0	-0.9875231	0	-0.1574739
5.359996	-337.4716	1.8	-373.2831	0	-0.9861113	0	-0.1660855
5.379996	-337.454	1.8	-373.3338	0	-0.9846244	0	-0.1746845
5.399996	-337.4356	1.8	-373.3842	0	-0.9830626	0	-0.1832702
5.419996	-337.4163	1.8	-373.4342	0	-0.9814258	0	-0.191842
5.439996	-337.3961	1.8	-373.4839	0	-0.9814258	0	-0.191842
5.459996	-337.3759	1.8	-373.5336	0	-0.9797143	0	-0.2003991
5.479996	-337.3548	1.8	-373.5829	0	-0.9779283	0	-0.208941
5.499996	-337.3329	1.8	-373.6318	0	-0.9760677	0	-0.217467
5.519996	-337.3101	1.8	-373.6804	0	-0.9741328	0	-0.2259764
5.539996	-337.2865	1.8	-373.7285	0	-0.9721237	0	-0.2344686
5.559996	-337.2621	1.8	-373.7763	0	-0.9700406	0	-0.242943
5.579996	-337.2368	1.8	-373.8236	0	-0.9678836	0	-0.2513988
5.599996	-337.2107	1.8	-373.8704	0	-0.9633487	0	-0.2682525
5.619996	-337.1832	1.8	-373.9164	0	-0.9609711	0	-0.2766489
5.639996	-337.1547	1.8	-373.9618	0	-0.9585203	0	-0.2850243
5.659996	-337.1254	1.8	-374.0067	0	-0.9559965	0	-0.2933781
5.679996	-337.0953	1.8	-374.0511	0	-0.9534	0	-0.3017094
5.699996	-337.0644	1.8	-374.095	0	-0.9479892	0	-0.3183026
5.719995	-337.0323	1.8	-374.1379	0	-0.9451754	0	-0.3265631
5.739995	-336.9991	1.8	-374.1801	0	-0.9422897	0	-0.3347988
5.759995	-336.9564	1.8	-374.2327	0	-0.9393321	0	-0.343009
5.779995	-336.8672	1.8	-374.3386	0	-0.9363031	0	-0.3511931
5.799995	-336.7483	1.8	-374.4748	0	-0.9300314	0	-0.3674804
5.819995	-336.4127	1.8	-374.834	0	-0.9267891	0	-0.3755823
5.839995	-336.1103	1.8	-375.146	0	-0.9234763	0	-0.3836557
5.859995	-335.772	1.8	-375.4828	0	-0.9200931	0	-0.3916998
5.879995	-335.428	1.8	-375.8136	0	-0.9166399	0	-0.3997141
5.899995	-335.0783	1.8	-376.1384	0	-0.9095243	0	-0.4156508
5.919995	-334.7155	1.8	-376.4472	0	-0.9058625	0	-0.423572
5.939995	-334.3708	1.8	-376.7352	0	-0.9021317	0	-0.4314609
5.959995	-334.1946	1.8	-376.8783	0	-0.8983322	0	-0.439317
5.979995	-334.052	1.8	-376.9892	0	-0.8944643	0	-0.4471396
5.999995	-333.9074	1.8	-377.0977	0	-0.8897951	0	-0.4563603
6.019995	-333.8859	1.8	-377.113	0	-0.8892774	0	-0.4573682
6.039995	-333.8866	1.8	-377.1125	0	-0.8892205	0	-0.4574789
6.059995	-333.916	1.8	-377.0915	0	-0.8893942	0	-0.4571411
6.079995	-333.9455	1.8	-377.0704	0	-0.8896829	0	-0.4565789
6.099995	-333.9749	1.8	-377.0493	0	-0.891541	0	-0.4529401
6.119995	-333.8387	1.8	-377.1484	0	-0.8929595	0	-0.450137
6.139995	-333.6251	1.8	-377.3063	0	-0.8947906	0	-0.4464862
6.159995	-333.3113	1.8	-377.5425	0	-0.8969971	0	-0.4420365
6.179995	-332.955	1.8	-377.8162	0	-0.9029723	0	-0.4296989
6.199995	-332.5643	1.8	-378.1366	0	-0.9064242	0	-0.4223686
6.219995	-332.1988	1.8	-378.4436	0	-0.9064242	0	-0.4223686
6.239995	-331.8333	1.8	-378.7507	0	-0.9099461	0	-0.4147265
6.259995	-331.473	1.8	-379.0638	0	-0.9169521	0	-0.3989972
6.279995	-331.1687	1.8	-379.3523	0	-0.9203839	0	-0.3910161
6.299995	-330.8759	1.8	-379.6347	0	-0.9237535	0	-0.3829874
6.319995	-330.6182	1.8	-379.8921	0	-0.9270569	0	-0.3749207
6.339995	-330.3846	1.8	-380.1336	0	-0.9302916	0	-0.366821
6.359995	-330.1649	1.8	-380.3689	0	-0.9365506	0	-0.3505327
6.379995	-330.058	1.8	-380.4937	0	-0.9395736	0	-0.3423471
6.399995	-329.9417	1.8	-380.6321	0	-0.9425253	0	-0.3341351
6.419995	-329.8634	1.8	-380.7286	0	-0.9454052	0	-0.3258975
6.439995	-329.7694	1.8	-380.8488	0	-0.9482131	0	-0.3176351
6.459995	-329.652	1.8	-381.0043	0	-0.9529603	0	-0.3030955
6.479995	-329.2862	1.8	-381.5209	0	-0.9540831	0	-0.2995423
6.499995	-329.013	1.8	-381.9131	0	-0.9539806	0	-0.2998686
6.519995	-328.7397	1.8	-382.3047	0	-0.952611	0	-0.3041912
6.539995	-328.463	1.8	-382.6939	0	-0.9505731	0	-0.3105008
6.559995	-328.1812	1.8	-383.0792	0	-0.9455224	0	-0.3255573
6.579995	-327.8852	1.8	-383.4526	0	-0.9427328	0	-0.3335491
6.599995	-327.5849	1.8	-383.8239	0	-0.939831	0	-0.34164
6.619995	-327.2784	1.8	-384.1897	0	-0.9368367	0	-0.3497671
6.639995	-326.9657	1.8	-384.5502	0	-0.9337605	0	-0.3578986
6.659995	-326.6467	1.8	-384.9052	0	-0.9273813	0	-0.3741177
6.679995	-326.3133	1.8	-385.2455	0	-0.9240828	0	-0.3821926
6.699995	-325.976	1.8	-385.5836	0	-0.9207131	0	-0.3902402
6.719995	-325.6331	1.8	-385.9155	0	-0.917273	0	-0.398259
6.739995	-325.2844	1.8	-386.2413	0	-0.9137629	0	-0.406248
6.759995	-324.9301	1.8	-386.5611	0	-0.9065338	0	-0.4221332
6.779994	-324.5629	1.8	-386.8647	0	-0.9028156	0	-0.430028
6.799994	-324.1922	1.8	-387.1656	0	-0.8990285	0	-0.43789
6.819994	-323.8164	1.8	-387.4598	0	-0.8951731	0	-0.4457187
6.839994	-323.4356	1.8	-387.7474	0	-0.8912494	0	-0.4535135
6.859994	-323.0498	1.8	-388.0284	0	-0.8831988	0	-0.4689989
6.879994	-322.653	1.8	-388.2919	0	-0.8790724	0	-0.4766883
6.899994	-322.2528	1.8	-388.5524	0	-0.8748791	0	-0.4843414
6.919994	-321.8483	1.8	-388.8058	0	-0.8706192	0	-0.4919576
6.939994	-321.4395	1.8	-389.052	0	-0.866293	0	-0.4995364
6.959994	-321.0265	1.8	-389.2911	0	-0.8574429	0	-0.5145792
6.979994	-320.6042	1.8	-389.5117	0	-0.8529197	0	-0.5220422
6.999994	-320.179	1.8	-389.729	0	-0.8483316	0	-0.5294653
7.019994	-319.7502	1.8	-389.9387	0	-0.8436788	0	-0.5368481
7.039994	-319.3179	1.8	-390.1408	0	-0.838962	0	-0.5441901
7.059994	-318.8822	1.8	-390.3354	0	-0.8293368	0	-0.5587491
7.079994	-318.4391	1.8	-390.5107	0	-0.8244292	0	-0.5659651
7.099994	-317.9935	1.8	-390.6823	0	-0.8194589	0	-0.5731379
7.119994	-317.5453	1.8	-390.846	0	-0.8144262	0	-0.5802671
7.139994	-317.0942	1.8	-391.0019	0	-0.8093315	0	-0.5873522
7.159994	-316.6404	1.8	-391.1499	0	-0.7989575	0	-0.6013875
7.179994	-316.1815	1.8	-391.2779	0	-0.7936791	0	-0.6083367
7.199994	-315.7205	1.8	-391.402	0	-0.7883402	0	-0.6152396
7.219994	-315.2575	1.8	-391.5179	0	-0.7829413	0	-0.6220957
7.239994	-314.7926	1.8	-391.6258	0	-0.771965	0	-0.6356651
7.259994	-314.3243	1.8	-391.7133	0	-0.7663884	0	-0.6423775
7.279994	-313.8541	1.8	-391.7968	0	-0.7607535	0	-0.649041
7.299994	-313.3828	1.8	-391.872	0	-0.7550606	0	-0.655655
7.319994	-312.9103	1.8	-391.9389	0	-0.7493103	0	-0.6622191
7.339994	-312.4367	1.8	-391.9976	0	-0.7376389	0	-0.6751955
7.359994	-311.9618	1.8	-392.0357	0	-0.7317187	0	-0.6816068
7.379994	-311.4855	1.8	-392.0695	0	-0.7257428	0	-0.6879662
7.399994	-311.0089	1.8	-392.095	0	-0.7197115	0	-0.6942732
7.419994	-310.532	1.8	-392.1122	0	-0.7136256	0	-0.7005274
7.439994	-310.0548	1.8	-392.1211	0	-0.701291	0	-0.7128752
7.459994	-309.5785	1.8	-392.1093	0	-0.6950434	0	-0.7189679
7.479994	-309.1013	1.8	-392.0932	0	-0.6887428	0	-0.7250058
7.499994	-308.6247	1.8	-392.0687	0	-0.6823898	0	-0.7309886
7.519994	-308.1486	1.8	-392.0359	0	-0.6759848	0	-0.7369156
7.539994	-307.6731	1.8	-391.9949	0	-0.6641356	0	-0.7476121
7.559994	-307.2002	1.8	-391.9349	0	-0.6584955	0	-0.7525847
7.579994	-306.7269	1.8	-391.8715	0	-0.6529058	0	-0.7574392
7.599994	-306.2548	1.8	-391.8011	0	-0.6473243	0	-0.7622147
7.619994	-305.7837	1.8	-391.7238	0	-0.64173	0	-0.7669306
7.639994	-305.3138	1.8	-391.6396	0	-0.6301078	0	-0.7765077
7.659994	-304.8481	1.8	-391.5382	0	-0.6240479	0	-0.7813861
7.679994	-304.3824	1.8	-391.4326	0	-0.6177394	0	-0.7863829
7.699994	-303.9186	1.8	-391.3196	0	-0.611285	0	-0.7914106
7.719994	-303.4568	1.8	-391.199	0	-0.6047362	0	-0.7964259
7.739994	-302.9971	1.8	-391.0709	0	-0.5981195	0	-0.801407
7.759994	-302.5396	1.8	-390.9351	0	-0.5914482	0	-0.806343
7.779994	-302.0843	1.8	-390.7917	0	-0.5847294	0	-0.8112284
#Walking Trial Way Points#
#TimeStamp#	#WayPonitX#	#WayPonitY#	#WayPonitZ#	#OrientationX#	#OrientationY#	#OrientationZ#	#OrientationW#	
0	-331.6092	1.8	-333.4162	0	-0.9986923	0	0.0511252
4.299997	-335.6938	1.8	-373.2071	0	0	0	1
7.799994	-299.1127	1.8	-389.3879	0	0	0	1
#Walking Trial Path#
#TimeStamp#	#PositionX#	#PositionY#	#PositionZ#	#OrientationX#	#OrientationY#	#OrientationZ#	#OrientationW#	
0	-360.0876	1.8	-316.3251	0	0.9374904	0	0.3480111
0.02	-360.1354	1.8	-316.2994	0	0.9374905	0	0.3480111
0.04	-360.1831	1.8	-316.2737	0	0.9374905	0	0.3480111
0.06	-360.2308	1.8	-316.248	0	0.9374905	0	0.3480111
0.08	-360.2786	1.8	-316.2224	0	0.9374905	0	0.3480111
0.09999999	-360.3263	1.8	-316.1967	0	0.9374905	0	0.3480111
0.12	-360.374	1.8	-316.171	0	0.9382649	0	0.3459176
0.14	-360.4214	1.8	-316.1452	0	0.9386507	0	0.3448693
0.16	-360.4689	1.8	-316.1192	0	0.9390354	0	0.3438206
0.18	-360.5164	1.8	-316.093	0	0.9390354	0	0.3438206
0.2	-360.5639	1.8	-316.0669	0	0.939419	0	0.3427712
0.22	-360.6113	1.8	-316.0407	0	0.9398012	0	0.3417218
0.24	-360.6587	1.8	-316.0144	0	0.9401821	0	0.3406722
0.26	-360.7061	1.8	-315.9879	0	0.940562	0	0.339622
0.28	-360.7533	1.8	-315.9614	0	0.940562	0	0.339622
0.3	-360.8006	1.8	-315.9348	0	0.9409403	0	0.3385725
0.32	-360.8478	1.8	-315.9082	0	0.9413172	0	0.3375233
0.34	-360.895	1.8	-315.8815	0	0.9416928	0	0.3364741
0.36	-360.942	1.8	-315.8546	0	0.9420671	0	0.3354243
0.38	-360.9891	1.8	-315.8277	0	0.9424404	0	0.3343741
0.4	-360.9985	1.8	-315.8439	0	0.9424405	0	0.3343741
0.42	-361.0079	1.8	-315.8602	0	0.9428126	0	0.3333234
0.4400001	-360.9444	1.8	-315.9688	0	0.9431835	0	0.3322722
0.4600001	-360.7958	1.8	-316.0771	0	0.9435534	0	0.3312204
0.4800001	-360.6139	1.8	-316.1773	0	0.9439222	0	0.3301682
0.5000001	-360.4218	1.8	-316.2756	0	0.9442894	0	0.3291163
0.52	-360.2279	1.8	-316.3742	0	0.9446554	0	0.3280643
0.54	-360.0341	1.8	-316.4732	0	0.9450202	0	0.3270121
0.56	-359.8407	1.8	-316.5727	0	0.9450202	0	0.3270121
0.58	-359.6472	1.8	-316.6721	0	0.9453837	0	0.3259599
0.6	-359.4539	1.8	-316.772	0	0.9457459	0	0.3249072
0.6199999	-359.2585	1.8	-316.8698	0	0.9461069	0	0.3238544
0.6399999	-359.0619	1.8	-316.9677	0	0.9464669	0	0.322801
0.6599999	-358.8656	1.8	-317.0661	0	0.9464669	0	0.322801
0.6799999	-358.6693	1.8	-317.1644	0	0.9468258	0	0.3217468
0.6999999	-358.4732	1.8	-317.2632	0	0.9471836	0	0.320692
0.7199998	-358.2773	1.8	-317.3624	0	0.9475403	0	0.3196361
0.7399998	-358.0817	1.8	-317.462	0	0.9478964	0	0.3185788
0.7599998	-357.8863	1.8	-317.5621	0	0.9478964	0	0.3185788
0.7799998	-357.6908	1.8	-317.6621	0	0.9482513	0	0.3175207
0.7999998	-357.4956	1.8	-317.7627	0	0.9486055	0	0.3164613
0.8199998	-357.3007	1.8	-317.8636	0	0.9489586	0	0.3154007
0.8399997	-357.1059	1.8	-317.965	0	0.9489586	0	0.3154007
0.8599997	-356.9112	1.8	-318.0664	0	0.9493105	0	0.3143398
0.8799997	-356.7167	1.8	-318.1682	0	0.9496613	0	0.3132789
0.8999997	-356.5224	1.8	-318.2704	0	0.9500107	0	0.3122174
0.9199997	-356.3304	1.8	-318.372	0	0.950359	0	0.3111557
0.9399996	-356.1409	1.8	-318.4732	0	0.9507062	0	0.3100933
0.9599996	-355.954	1.8	-318.5746	0	0.9507062	0	0.3100933
0.9799996	-355.7672	1.8	-318.6759	0	0.9510524	0	0.3090298
0.9999996	-355.5832	1.8	-318.7779	0	0.9513976	0	0.3079654
1.02	-355.4023	1.8	-318.8826	0	0.9517416	0	0.3069006
1.04	-355.2248	1.8	-318.9898	0	0.9517416	0	0.3069006
1.06	-355.0472	1.8	-319.097	0	0.9520847	0	0.3058347
1.08	-354.8727	1.8	-319.2051	0	0.9524263	0	0.304769
1.1	-354.7018	1.8	-319.3148	0	0.9527665	0	0.3037038
1.12	-354.5347	1.8	-319.4267	0	0.9527665	0	0.3037038
1.14	-354.3676	1.8	-319.5386	0	0.9531053	0	0.302639
1.159999	-354.2025	1.8	-319.6493	0	0.9534425	0	0.3015747
1.179999	-354.0411	1.8	-319.7603	0	0.9537786	0	0.3005106
1.199999	-353.8853	1.8	-319.8735	0	0.9541133	0	0.2994457
1.219999	-353.7371	1.8	-319.9913	0	0.9541134	0	0.2994458
1.239999	-353.5888	1.8	-320.1092	0	0.954447	0	0.2983803
1.259999	-353.4501	1.8	-320.2342	0	0.9547797	0	0.2973144
1.279999	-353.322	1.8	-320.3685	0	0.9551111	0	0.296248
1.299999	-353.2047	1.8	-320.5132	0	0.9551111	0	0.296248
1.319999	-353.0874	1.8	-320.658	0	0.9554412	0	0.2951813
1.339999	-352.9796	1.8	-320.813	0	0.9557701	0	0.2941149
1.359999	-352.879	1.8	-320.9767	0	0.9560978	0	0.293048
1.379999	-352.7829	1.8	-321.1466	0	0.9564241	0	0.291981
1.399999	-352.6889	1.8	-321.3201	0	0.9567493	0	0.2909139
1.419999	-352.5956	1.8	-321.4951	0	0.9570732	0	0.2898465
1.439999	-352.5026	1.8	-321.6706	0	0.9577166	0	0.2877131
1.459999	-352.4108	1.8	-321.8466	0	0.9580362	0	0.2866471
1.479999	-352.319	1.8	-322.0228	0	0.9583546	0	0.2855811
1.499999	-352.2276	1.8	-322.1991	0	0.9586719	0	0.2845143
1.519999	-352.1366	1.8	-322.3756	0	0.9589884	0	0.2834455
1.539999	-352.046	1.8	-322.5523	0	0.959618	0	0.2813064
1.559999	-351.9565	1.8	-322.7295	0	0.9599312	0	0.2802361
1.579999	-351.8671	1.8	-322.9068	0	0.960243	0	0.2791653
1.599999	-351.7781	1.8	-323.0843	0	0.9605538	0	0.2780944
1.619999	-351.6895	1.8	-323.262	0	0.9608632	0	0.2770234
1.639999	-351.6012	1.8	-323.4399	0	0.9614787	0	0.2748797
1.659999	-351.5142	1.8	-323.6183	0	0.9617846	0	0.2738073
1.679999	-351.4271	1.8	-323.7968	0	0.9620891	0	0.2727355
1.699999	-351.3405	1.8	-323.9755	0	0.9623923	0	0.2716635
1.719999	-351.2542	1.8	-324.1544	0	0.9629951	0	0.2695189
1.739999	-351.1692	1.8	-324.3337	0	0.9632947	0	0.2684462
1.759999	-351.0841	1.8	-324.5132	0	0.9635931	0	0.2673734
1.779999	-350.9995	1.8	-324.6928	0	0.9638903	0	0.2662995
1.799999	-350.9152	1.8	-324.8726	0	0.9641867	0	0.2652249
1.819999	-350.8313	1.8	-325.0526	0	0.9647757	0	0.2630737
1.839999	-350.7487	1.8	-325.2331	0	0.9650686	0	0.2619975
1.859999	-350.666	1.8	-325.4137	0	0.9653603	0	0.2609205
1.879999	-350.5838	1.8	-325.5944	0	0.9656509	0	0.2598433
1.899999	-350.5019	1.8	-325.7754	0	0.9659402	0	0.2587651
1.919999	-350.4205	1.8	-325.9565	0	0.9665155	0	0.2566084
1.939999	-350.3403	1.8	-326.138	0	0.966801	0	0.2555302
1.959999	-350.26	1.8	-326.3197	0	0.9670854	0	0.254452
1.979999	-350.1802	1.8	-326.5016	0	0.9673685	0	0.2533737
1.999999	-350.1008	1.8	-326.6836	0	0.9676503	0	0.2522957
2.019999	-350.0218	1.8	-326.8658	0	0.9682098	0	0.2501396
2.039999	-349.944	1.8	-327.0483	0	0.9684879	0	0.2490611
2.059999	-349.8662	1.8	-327.2311	0	0.9687645	0	0.2479827
2.079999	-349.7888	1.8	-327.414	0	0.9690398	0	0.2469045
2.099999	-349.7048	1.8	-327.5909	0	0.9693139	0	0.2458265
2.119999	-349.6117	1.8	-327.7609	0	0.9698579	0	0.243671
2.139999	-349.4967	1.8	-327.9173	0	0.9701282	0	0.2425929
2.159999	-349.3705	1.8	-328.0693	0	0.9703973	0	0.2415142
2.179999	-349.2363	1.8	-328.2191	0	0.9706652	0	0.2404351
2.199999	-349.0979	1.8	-328.3688	0	0.9711978	0	0.2382748
2.219999	-348.9537	1.8	-328.5155	0	0.9714622	0	0.2371942
2.239999	-348.8073	1.8	-328.6619	0	0.9717255	0	0.2361137
2.259999	-348.6584	1.8	-328.8067	0	0.9719873	0	0.2350337
2.279999	-348.5061	1.8	-328.9497	0	0.9722477	0	0.2339539
2.299999	-348.35	1.8	-329.091	0	0.9727646	0	0.2317954
2.319999	-348.1794	1.8	-329.2245	0	0.9730211	0	0.2307163
2.339998	-348.0032	1.8	-329.3564	0	0.9732764	0	0.2296369
2.359998	-347.8207	1.8	-329.4854	0	0.9735305	0	0.2285569
2.379998	-347.6285	1.8	-329.6095	0	0.9737835	0	0.2274771
2.399998	-347.4315	1.8	-329.7324	0	0.9742853	0	0.2253179
2.419998	-347.2095	1.8	-329.8432	0	0.9745345	0	0.2242381
2.439998	-346.9777	1.8	-329.95	0	0.9747823	0	0.2231579
2.459998	-346.7369	1.8	-330.0531	0	0.9750291	0	0.2220773
2.479998	-346.4905	1.8	-330.1542	0	0.9752747	0	0.2209964
2.499998	-346.243	1.8	-330.2556	0	0.9757624	0	0.2188324
2.519998	-345.9965	1.8	-330.3585	0	0.9760045	0	0.2177504
2.539998	-345.7497	1.8	-330.4616	0	0.9762453	0	0.2166686
2.559998	-345.5032	1.8	-330.5652	0	0.9764847	0	0.2155869
2.579998	-345.257	1.8	-330.6694	0	0.9767228	0	0.2145052
2.599998	-345.011	1.8	-330.7741	0	0.9771958	0	0.2123403
2.619998	-344.7677	1.8	-330.8789	0	0.9774305	0	0.2112573
2.639998	-344.5376	1.8	-330.99	0	0.977664	0	0.2101743
2.659998	-344.3269	1.8	-331.1098	0	0.9778962	0	0.2090912
2.679998	-344.136	1.8	-331.2375	0	0.9781273	0	0.2080075
2.699998	-343.9644	1.8	-331.3734	0	0.9785862	0	0.2058377
2.719998	-343.8279	1.8	-331.5219	0	0.9788141	0	0.2047516
2.739998	-343.6936	1.8	-331.6688	0	0.9790406	0	0.2036658
2.759998	-343.5625	1.8	-331.815	0	0.9792657	0	0.20258
2.779998	-343.4369	1.8	-331.9619	0	0.9797125	0	0.2004081
2.799998	-343.341	1.8	-332.1208	0	0.9799345	0	0.1993202
2.819998	-343.2664	1.8	-332.2908	0	0.9801554	0	0.1982311
2.839998	-343.2121	1.8	-332.4724	0	0.9803751	0	0.1971412
2.859998	-343.1744	1.8	-332.6641	0	0.9805936	0	0.1960514
2.879998	-343.1478	1.8	-332.863	0	0.9810271	0	0.1938707
2.899998	-343.1335	1.8	-333.0708	0	0.9812422	0	0.1927792
2.919998	-343.1181	1.8	-333.2769	0	0.9814563	0	0.1916861
2.939998	-343.1018	1.8	-333.4835	0	0.9816692	0	0.1905928
2.959998	-343.0846	1.8	-333.688	0	0.981881	0	0.1894989
2.979998	-343.0654	1.8	-333.8925	0	0.9823012	0	0.1873083
2.999998	-343.0386	1.8	-334.0896	0	0.9825096	0	0.1862126
3.019998	-343.0101	1.8	-334.2841	0	0.9827164	0	0.1851174
3.039998	-342.9776	1.8	-334.4761	0	0.9829221	0	0.1840225
3.059998	-342.9392	1.8	-334.6663	0	0.9831263	0	0.1829281
3.079998	-342.8946	1.8	-334.8558	0	0.9835312	0	0.1807385
3.099998	-342.8228	1.8	-335.0324	0	0.9837318	0	0.1796437
3.119998	-342.732	1.8	-335.2025	0	0.9839311	0	0.1785489
3.139998	-342.6227	1.8	-335.3671	0	0.9841291	0	0.1774542
3.159998	-342.4982	1.8	-335.5276	0	0.9843259	0	0.1763591
3.179998	-342.3639	1.8	-335.6864	0	0.9847159	0	0.1741688
3.199998	-342.2203	1.8	-335.8456	0	0.984909	0	0.1730729
3.219998	-342.0785	1.8	-336.0032	0	0.985101	0	0.171977
3.239998	-341.9389	1.8	-336.1613	0	0.9852918	0	0.1708807
3.259998	-341.8002	1.8	-336.3212	0	0.9854814	0	0.169784
3.279998	-341.6619	1.8	-336.4818	0	0.9858568	0	0.16759
3.299998	-341.5246	1.8	-336.6433	0	0.9860427	0	0.1664928
3.319998	-341.3872	1.8	-336.8049	0	0.9862273	0	0.1653956
3.339998	-341.2503	1.8	-336.9668	0	0.9864108	0	0.1642981
3.359998	-341.1107	1.8	-337.1273	0	0.986774	0	0.1621023
3.379997	-340.958	1.8	-337.2832	0	0.9869539	0	0.1610037
3.399997	-340.799	1.8	-337.4375	0	0.9871325	0	0.159905
3.419997	-340.6325	1.8	-337.5895	0	0.9873099	0	0.1588052
3.439997	-340.4577	1.8	-337.7392	0	0.9874863	0	0.1577048
3.459997	-340.2766	1.8	-337.8874	0	0.9878356	0	0.1555022
3.479997	-340.0859	1.8	-338.0339	0	0.9880084	0	0.1544007
3.499997	-339.8971	1.8	-338.1791	0	0.9881799	0	0.153299
3.519997	-339.7105	1.8	-338.3255	0	0.9883503	0	0.1521969
3.539997	-339.5246	1.8	-338.4738	0	0.9885194	0	0.1510948
3.559997	-339.3388	1.8	-338.623	0	0.988854	0	0.1488885
3.579997	-339.1541	1.8	-338.7733	0	0.9890197	0	0.1477838
3.599997	-338.9693	1.8	-338.9239	0	0.9891843	0	0.1466782
3.619997	-338.7813	1.8	-339.0735	0	0.9893476	0	0.1455724
3.639997	-338.5894	1.8	-339.2221	0	0.9895098	0	0.1444663
3.659997	-338.3932	1.8	-339.3698	0	0.9898304	0	0.1422528
3.679997	-338.1858	1.8	-339.5152	0	0.989989	0	0.1411448
3.699997	-337.9762	1.8	-339.6604	0	0.9901464	0	0.1400361
3.719997	-337.7631	1.8	-339.8048	0	0.9903026	0	0.1389272
3.739997	-337.5458	1.8	-339.9484	0	0.9904575	0	0.1378184
3.759997	-337.328	1.8	-340.0926	0	0.9907635	0	0.1356014
3.779997	-337.1033	1.8	-340.2357	0	0.9909145	0	0.1344938
3.799997	-336.8809	1.8	-340.3777	0	0.9910642	0	0.1333863
3.819997	-336.66	1.8	-340.5212	0	0.9912127	0	0.132278
3.839997	-336.4395	1.8	-340.6663	0	0.9913599	0	0.1311694
3.859997	-336.2192	1.8	-340.8121	0	0.9916511	0	0.128951
3.879997	-335.9999	1.8	-340.9593	0	0.9917947	0	0.1278413
3.899997	-335.7805	1.8	-341.1067	0	0.9919371	0	0.1267314
3.919997	-335.5636	1.8	-341.2532	0	0.9920783	0	0.1256216
3.939997	-335.3489	1.8	-341.4002	0	0.9923568	0	0.1234017
3.959997	-335.1367	1.8	-341.5511	0	0.9924942	0	0.1222925
3.979997	-334.9236	1.8	-341.7021	0	0.9926302	0	0.1211835
3.999997	-334.7128	1.8	-341.852	0	0.9927649	0	0.1200752
4.019997	-334.5073	1.8	-342.0028	0	0.9928981	0	0.1189677
4.039997	-334.3062	1.8	-342.1541	0	0.993161	0	0.1167533
4.059997	-334.1305	1.8	-342.3123	0	0.9932906	0	0.115645
4.079997	-333.9593	1.8	-342.4709	0	0.9934191	0	0.1145359
4.099997	-333.7981	1.8	-342.6317	0	0.9935464	0	0.1134266
4.119997	-333.6491	1.8	-342.7953	0	0.9936724	0	0.1123166
4.139997	-333.5077	1.8	-342.9601	0	0.9939211	0	0.1100946
4.159997	-333.3783	1.8	-343.1257	0	0.9940438	0	0.108982
#Walking Trial Way Points#
#TimeStamp#	#WayPonitX#	#WayPonitY#	#WayPonitZ#	#OrientationX#	#OrientationY#	#OrientationZ#	#OrientationW#	
0	-360.2786	1.8	-316.2224	0	0.9374905	0	0.3480111
4.179997	-334.178	1.8	-346.5334	0	0	0	1
4.179997	-297.2849	1.8	-331.0769	0	0	0	1
#Walking Trial Path#
#TimeStamp#	#PositionX#	#PositionY#	#PositionZ#	#OrientationX#	#OrientationY#	#OrientationZ#	#OrientationW#	
0	-329.7595	1.8	-278.6177	0	-0.9015361	0	0.4327039
0.02	-329.7321	1.8	-278.571	0	-0.9015361	0	0.4327039
0.04	-329.7048	1.8	-278.5242	0	-0.9015361	0	0.4327039
0.06	-329.6775	1.8	-278.4774	0	-0.9015361	0	0.4327039
0.08	-329.6501	1.8	-278.4306	0	-0.9015361	0	0.4327039
0.09999999	-329.6228	1.8	-278.3838	0	-0.9015361	0	0.4327039
0.12	-329.5954	1.8	-278.337	0	-0.9015361	0	0.4327039
0.14	-329.5681	1.8	-278.2903	0	-0.9015361	0	0.4327039
0.16	-329.5407	1.8	-278.2435	0	-0.9010522	0	0.4337108
0.18	-329.5133	1.8	-278.1967	0	-0.9005666	0	0.4347183
0.2	-329.4857	1.8	-278.1501	0	-0.9000795	0	0.4357257
0.22	-329.4581	1.8	-278.1035	0	-0.8995914	0	0.4367326
0.24	-329.4303	1.8	-278.0569	0	-0.8995914	0	0.4367326
0.26	-329.4025	1.8	-278.0104	0	-0.8991022	0	0.4377388
0.28	-329.3747	1.8	-277.9639	0	-0.8986121	0	0.4387441
0.3	-329.3467	1.8	-277.9175	0	-0.8981209	0	0.4397486
0.32	-329.3186	1.8	-277.8712	0	-0.8976285	0	0.440753
0.34	-329.2906	1.8	-277.825	0	-0.8971348	0	0.4417568
0.36	-329.2624	1.8	-277.7788	0	-0.8971348	0	0.4417568
0.38	-329.2341	1.8	-277.7326	0	-0.8966404	0	0.4427595
0.4	-329.2057	1.8	-277.6864	0	-0.8961449	0	0.4437617
0.42	-329.1882	1.8	-277.6498	0	-0.895648	0	0.4447637
0.4400001	-329.2372	1.8	-277.6637	0	-0.8951499	0	0.4457653
0.4600001	-329.3808	1.8	-277.7475	0	-0.8946506	0	0.4467663
0.4800001	-329.5507	1.8	-277.8502	0	-0.8946507	0	0.4467664
0.5000001	-329.7206	1.8	-277.9528	0	-0.8941504	0	0.447767
0.52	-329.8821	1.8	-278.0634	0	-0.8936491	0	0.4487664
0.54	-330.0339	1.8	-278.1843	0	-0.8931471	0	0.4497649
0.56	-330.1761	1.8	-278.3171	0	-0.892644	0	0.4507624
0.58	-330.3096	1.8	-278.4617	0	-0.892644	0	0.4507624
0.6	-330.4431	1.8	-278.6064	0	-0.8921399	0	0.4517593
0.6199999	-330.5704	1.8	-278.7612	0	-0.8916353	0	0.4527544
0.6399999	-330.6928	1.8	-278.9244	0	-0.8911298	0	0.4537486
0.6599999	-330.8116	1.8	-279.0942	0	-0.8911298	0	0.4537486
0.6799999	-330.9305	1.8	-279.264	0	-0.890623	0	0.4547427
0.6999999	-331.0464	1.8	-279.4389	0	-0.8901145	0	0.4557368
0.7199998	-331.1531	1.8	-279.626	0	-0.8896052	0	0.4567304
0.7399998	-331.2476	1.8	-279.8308	0	-0.8896052	0	0.4567304
0.7599998	-331.3421	1.8	-280.0355	0	-0.8890945	0	0.4577236
0.7799998	-331.4142	1.8	-280.2729	0	-0.8885826	0	0.4587168
0.7999998	-331.4698	1.8	-280.5351	0	-0.8880693	0	0.4597096
0.8199998	-331.5187	1.8	-280.8083	0	-0.8880693	0	0.4597096
0.8399997	-331.5676	1.8	-281.0815	0	-0.8875552	0	0.4607016
0.8599997	-331.6156	1.8	-281.3577	0	-0.8870398	0	0.4616929
0.8799997	-331.6643	1.8	-281.6338	0	-0.8865237	0	0.4626834
0.8999997	-331.7135	1.8	-281.9098	0	-0.8860062	0	0.4636734
0.9199997	-331.7634	1.8	-282.1857	0	-0.8854877	0	0.4646628
0.9399996	-331.8139	1.8	-282.4615	0	-0.8854877	0	0.4646628
0.9599996	-331.8643	1.8	-282.7372	0	-0.884968	0	0.465652
0.9799996	-331.9154	1.8	-283.0129	0	-0.8844468	0	0.4666412
0.9999996	-331.9671	1.800001	-283.2885	0	-0.883924	0	0.4676307
1.02	-332.0195	1.8	-283.5639	0	-0.883924	0	0.4676307
1.04	-332.0718	1.8	-283.8393	0	-0.8833997	0	0.4686203
1.06	-332.1248	1.8	-284.1146	0	-0.8828741	0	0.4696099
1.08	-332.1783	1.8	-284.3898	0	-0.8823476	0	0.4705982
1.1	-332.2325	1.8	-284.6649	0	-0.8818201	0	0.4715861
1.12	-332.2873	1.8	-284.9399	0	-0.8818201	0	0.4715861
1.14	-332.342	1.8	-285.2148	0	-0.8812916	0	0.4725728
1.159999	-332.3975	1.8	-285.4897	0	-0.8807621	0	0.4735591
1.179999	-332.4535	1.8	-285.7644	0	-0.8802319	0	0.474544
1.199999	-332.5101	1.8	-286.039	0	-0.8802319	0	0.474544
1.219999	-332.5668	1.8	-286.3135	0	-0.8797008	0	0.4755278
1.239999	-332.624	1.8	-286.588	0	-0.8791689	0	0.4765103
1.259999	-332.6819	1.8	-286.8623	0	-0.8786362	0	0.4774919
1.279999	-332.7404	1.8	-287.1365	0	-0.8781025	0	0.4784727
1.299999	-332.7994	1.8	-287.4106	0	-0.8775679	0	0.4794525
1.319999	-332.8588	1.8	-287.6819	0	-0.8775679	0	0.4794525
1.339999	-332.9181	1.8	-287.9533	0	-0.8770326	0	0.4804308
1.359999	-332.9826	1.8	-288.2169	0	-0.8759592	0	0.4823852
1.379999	-333.0553	1.8	-288.4678	0	-0.8754208	0	0.4833617
1.399999	-333.1302	1.8	-288.7144	0	-0.874881	0	0.484338
1.419999	-333.2045	1.8	-288.9586	0	-0.8743399	0	0.4853143
1.439999	-333.2787	1.8	-289.2003	0	-0.8737971	0	0.4862907
1.459999	-333.354	1.8	-289.4394	0	-0.8732534	0	0.4872665
1.479999	-333.4326	1.8	-289.6762	0	-0.8721621	0	0.489217
1.499999	-333.5139	1.8	-289.9077	0	-0.8716149	0	0.4901913
1.519999	-333.6005	1.8	-290.1388	0	-0.8710666	0	0.491165
1.539999	-333.6905	1.8	-290.3702	0	-0.8705173	0	0.4921378
1.559999	-333.7819	1.8	-290.6019	0	-0.8694153	0	0.494082
1.579999	-333.8751	1.8	-290.8331	0	-0.8688629	0	0.495053
1.599999	-333.9683	1.8	-291.0644	0	-0.8683088	0	0.496024
1.619999	-334.062	1.8	-291.2954	0	-0.8677536	0	0.4969948
1.639999	-334.1562	1.8	-291.5262	0	-0.8671971	0	0.4979649
1.659999	-334.2509	1.8	-291.7568	0	-0.8660806	0	0.4999045
1.679999	-334.347	1.8	-291.9866	0	-0.8655204	0	0.5008737
1.699999	-334.4433	1.8	-292.2166	0	-0.8649594	0	0.501842
1.719999	-334.5401	1.8	-292.4464	0	-0.8643979	0	0.5028085
1.739999	-334.6374	1.8	-292.6759	0	-0.8638356	0	0.5037737
1.759999	-334.734	1.8	-292.903	0	-0.8627076	0	0.505703
1.779999	-334.8378	1.8	-293.1172	0	-0.8621419	0	0.5066669
1.799999	-334.9477	1.8	-293.3202	0	-0.8615748	0	0.5076308
1.819999	-335.0674	1.8	-293.5044	0	-0.8610065	0	0.508594
1.839999	-335.1953	1.8	-293.6708	0	-0.8604373	0	0.5095565
1.859999	-335.3227	1.8	-293.8341	0	-0.8592964	0	0.511478
1.879999	-335.5056	1.8	-293.8947	0	-0.8587245	0	0.5124376
1.899999	-335.7337	1.8	-293.8789	0	-0.8581515	0	0.5133966
1.919999	-335.989	1.8	-293.8182	0	-0.8575778	0	0.5143544
1.939999	-336.2538	1.8	-293.7415	0	-0.8570033	0	0.5153109
1.959999	-336.5211	1.8	-293.6602	0	-0.8558512	0	0.5172222
1.979999	-336.789	1.8	-293.5759	0	-0.8552737	0	0.5181767
1.999999	-337.0566	1.8	-293.4919	0	-0.8546949	0	0.5191308
2.019999	-337.3239	1.8	-293.4074	0	-0.8541151	0	0.5200841
2.039999	-337.5801	1.8	-293.3415	0	-0.8535349	0	0.5210357
2.059999	-337.8252	1.8	-293.294	0	-0.8523725	0	0.5229352
2.079999	-338.0482	1.8	-293.2827	0	-0.8517903	0	0.523883
2.099999	-338.2643	1.8	-293.281	0	-0.8512069	0	0.5248303
2.119999	-338.4749	1.8	-293.2864	0	-0.8506225	0	0.5257769
2.139999	-338.6684	1.8	-293.3237	0	-0.8500371	0	0.5267229
2.159999	-338.829	1.8	-293.4291	0	-0.8488627	0	0.5286133
2.179999	-338.9167	1.8	-293.6967	0	-0.848274	0	0.5295576
2.199999	-339.0048	1.8	-293.9619	0	-0.8476838	0	0.5305018
2.219999	-339.0952	1.8	-294.2263	0	-0.8470923	0	0.5314458
2.239999	-339.1871	1.8	-294.4909	0	-0.8464994	0	0.5323896
2.259999	-339.2799	1.8	-294.7554	0	-0.8453096	0	0.5342768
2.279999	-339.3743	1.8	-295.0193	0	-0.8447127	0	0.53522
2.299999	-339.4689	1.8	-295.2833	0	-0.8441149	0	0.5361624
2.319999	-339.5641	1.8	-295.547	0	-0.843516	0	0.5371042
2.339998	-339.6598	1.8	-295.8105	0	-0.842916	0	0.5380451
2.359998	-339.7561	1.8	-296.0738	0	-0.8417131	0	0.5399251
2.379998	-339.854	1.8	-296.3363	0	-0.8411103	0	0.5408636
2.399998	-339.9522	1.8	-296.599	0	-0.8405066	0	0.5418012
2.419998	-340.0509	1.8	-296.8615	0	-0.8399022	0	0.5427378
2.439998	-340.1501	1.8	-297.1237	0	-0.8392968	0	0.5436736
2.459998	-340.25	1.8	-297.3857	0	-0.8380831	0	0.5455426
2.479998	-340.3514	1.8	-297.6468	0	-0.8374746	0	0.5464763
2.499998	-340.4531	1.8	-297.9082	0	-0.8368649	0	0.5474095
2.519998	-340.5552	1.8	-298.1693	0	-0.8362545	0	0.5483416
2.539998	-340.658	1.8	-298.4301	0	-0.8350304	0	0.5502038
2.559998	-340.7623	1.8	-298.6902	0	-0.834417	0	0.5511335
2.579998	-340.8669	1.8	-298.9504	0	-0.8338028	0	0.5520625
2.599998	-340.9719	1.8	-299.2103	0	-0.8331876	0	0.5529905
2.619998	-341.0776	1.8	-299.47	0	-0.8325711	0	0.5539182
2.639998	-341.1838	1.8	-299.7295	0	-0.8313339	0	0.5557734
2.659998	-341.2916	1.8	-299.9881	0	-0.8307136	0	0.5566999
2.679998	-341.3996	1.8	-300.2469	0	-0.8300924	0	0.5576259
2.699998	-341.5082	1.8	-300.5053	0	-0.8294698	0	0.5585515
2.719998	-341.6173	1.8	-300.7636	0	-0.8288464	0	0.5594763
2.739998	-341.727	1.8	-301.0216	0	-0.8275962	0	0.5613238
2.759998	-341.8383	1.8	-301.2787	0	-0.8269696	0	0.5622467
2.779998	-341.9497	1.8	-301.536	0	-0.8263424	0	0.5631682
2.799998	-342.0617	1.8	-301.7931	0	-0.8257146	0	0.5640881
2.819998	-342.1743	1.8	-302.0498	0	-0.8250864	0	0.5650067
2.839998	-342.2875	1.8	-302.3064	0	-0.8238276	0	0.5668405
2.859998	-342.4021	1.8	-302.562	0	-0.8231968	0	0.5677561
2.879998	-342.517	1.8	-302.8178	0	-0.8225651	0	0.5686709
2.899998	-342.6324	1.8	-303.0733	0	-0.821932	0	0.5695858
2.919998	-342.7484	1.8	-303.3286	0	-0.8212973	0	0.5705004
2.939998	-342.865	1.8	-303.5836	0	-0.8200245	0	0.5723286
2.959998	-342.9831	1.8	-303.8376	0	-0.8193867	0	0.5732412
2.979998	-343.1014	1.8	-304.0919	0	-0.8187485	0	0.5741524
2.999998	-343.2202	1.8	-304.3459	0	-0.8181095	0	0.5750625
3.019998	-343.3396	1.8	-304.5995	0	-0.8174694	0	0.5759721
3.039998	-343.4596	1.8	-304.8529	0	-0.8161854	0	0.5777901
3.059998	-343.581	1.8	-305.1054	0	-0.8155413	0	0.5786991
3.079998	-343.7027	1.8	-305.3581	0	-0.8148959	0	0.5796072
3.099998	-343.8249	1.8	-305.6104	0	-0.8142501	0	0.5805141
3.119998	-343.9477	1.8	-305.8624	0	-0.813604	0	0.5814195
3.139998	-344.071	1.8	-306.1142	0	-0.8123091	0	0.5832273
3.159998	-344.1958	1.8	-306.3651	0	-0.8116598	0	0.5841303
3.179998	-344.3208	1.8	-306.6161	0	-0.8110097	0	0.5850328
3.199998	-344.4464	1.8	-306.8667	0	-0.8103582	0	0.5859348
3.219998	-344.5725	1.8	-307.1171	0	-0.8097054	0	0.5868366
3.239998	-344.6992	1.8	-307.3672	0	-0.808397	0	0.5886378
3.259998	-344.8273	1.8	-307.6164	0	-0.8077416	0	0.5895367
3.279998	-344.9557	1.8	-307.8657	0	-0.8070857	0	0.5904343
3.299998	-345.0846	1.8	-308.1147	0	-0.806429	0	0.5913308
3.319998	-345.2141	1.8	-308.3634	0	-0.8057712	0	0.592227
3.339998	-345.3441	1.8	-308.6118	0	-0.8044527	0	0.5940167
3.359998	-345.4755	1.8	-308.8592	0	-0.8037922	0	0.5949101
3.379997	-345.6064	1.8	-309.1041	0	-0.8031312	0	0.5958022
3.399997	-345.7371	1.8	-309.346	0	-0.8024693	0	0.5966935
3.419997	-345.8681	1.8	-309.5845	0	-0.8018062	0	0.5975841
3.439997	-345.9997	1.8	-309.8194	0	-0.8004773	0	0.5993631
3.459997	-346.1345	1.8	-310.0443	0	-0.7998111	0	0.6002519
3.479997	-346.271	1.8	-310.2637	0	-0.7991437	0	0.6011401
3.499997	-346.4088	1.8	-310.4784	0	-0.7984757	0	0.6020269
3.519997	-346.5492	1.8	-310.6862	0	-0.7978071	0	0.6029128
3.539997	-346.6945	1.8	-310.8812	0	-0.7964662	0	0.604683
3.559997	-346.8511	1.8	-311.0414	0	-0.7957945	0	0.6055668
3.579997	-347.0096	1.8	-311.193	0	-0.7951219	0	0.6064497
3.599997	-347.1702	1.8	-311.3344	0	-0.7944483	0	0.6073319
3.619997	-347.3333	1.8	-311.4621	0	-0.7937734	0	0.6082136
3.639997	-347.4965	1.8	-311.5826	0	-0.7924204	0	0.6099755
3.659997	-347.6584	1.8	-311.6935	0	-0.7917424	0	0.6108551
3.679997	-347.8282	1.8	-311.7751	0	-0.791064	0	0.6117334
3.699997	-348.0148	1.8	-311.8018	0	-0.7903847	0	0.6126108
3.719997	-348.223	1.8	-311.761	0	-0.789704	0	0.6134881
3.739997	-348.4517	1.8	-311.6543	0	-0.7883384	0	0.6152418
3.759997	-348.6973	1.8	-311.4929	0	-0.7876537	0	0.6161183
3.779997	-348.9386	1.8	-311.3436	0	-0.7869678	0	0.616994
3.799997	-349.178	1.8	-311.1964	0	-0.7862808	0	0.6178695
3.819997	-349.4171	1.8	-311.0506	0	-0.7855924	0	0.6187443
3.839997	-349.6564	1.8	-310.9043	0	-0.784213	0	0.6204917
3.859997	-349.8944	1.8	-310.7567	0	-0.7835222	0	0.6213638
3.879997	-350.1327	1.8	-310.6088	0	-0.7828304	0	0.6222351
3.899997	-350.3706	1.8	-310.4604	0	-0.7821378	0	0.6231055
3.919997	-350.6081	1.8	-310.3115	0	-0.7814443	0	0.623975
3.939997	-350.8453	1.8	-310.162	0	-0.7800556	0	0.6257103
3.959997	-351.0815	1.8	-310.0112	0	-0.7793602	0	0.6265763
3.979997	-351.3177	1.8	-309.8602	0	-0.7786637	0	0.6274415
3.999997	-351.5536	1.8	-309.7086	0	-0.7779664	0	0.6283059
4.019997	-351.7891	1.8	-309.5565	0	-0.7772681	0	0.6291696
4.039997	-352.0243	1.8	-309.404	0	-0.7758678	0	0.6308956
4.059997	-352.2534	1.8	-309.2716	0	-0.7751656	0	0.6317581
4.079997	-352.4773	1.8	-309.1601	0	-0.7744622	0	0.6326202
4.099997	-352.6957	1.8	-309.0692	0	-0.7737577	0	0.6334817
4.119997	-352.9086	1.8	-308.9989	0	-0.773052	0	0.6343427
4.139997	-353.1163	1.8	-308.9489	0	-0.7716361	0	0.6360643
4.159997	-353.3165	1.8	-308.9246	0	-0.7709266	0	0.636924
4.179997	-353.5143	1.8	-308.9012	0	-0.7702163	0	0.6377828
4.199997	-353.7084	1.8	-308.89	0	-0.7695053	0	0.6386405
4.219997	-353.8977	1.8	-308.9021	0	-0.7680809	0	0.6403527
4.239997	-354.0763	1.8	-308.983	0	-0.7673674	0	0.6412076
4.259997	-354.2521	1.8	-309.095	0	-0.7666529	0	0.6420619
4.279997	-354.4271	1.8	-309.2256	0	-0.765938	0	0.6429146
4.299997	-354.6024	1.8	-309.3646	0	-0.765222	0	0.6437665
4.319997	-354.7785	1.8	-309.506	0	-0.7637873	0	0.6454679
4.339997	-354.9557	1.8	-309.6465	0	-0.7630687	0	0.6463174
4.359997	-355.1329	1.8	-309.7869	0	-0.7623498	0	0.6471652
4.379997	-355.3104	1.8	-309.9269	0	-0.7616304	0	0.6480118
4.399997	-355.4882	1.8	-310.0665	0	-0.76091	0	0.6488576
4.419997	-355.6663	1.8	-310.2057	0	-0.7594668	0	0.650546
4.439997	-355.8451	1.8	-310.3437	0	-0.7587438	0	0.6513892
4.459997	-356.0242	1.8	-310.4817	0	-0.7580196	0	0.6522318
4.479997	-356.2035	1.8	-310.6193	0	-0.7572946	0	0.6530734
4.499997	-356.3831	1.8	-310.7565	0	-0.7565686	0	0.6539143
4.519997	-356.5631	1.8	-310.8933	0	-0.7551119	0	0.6555958
4.539997	-356.7422	1.8	-311.0266	0	-0.7543807	0	0.6564371
4.559997	-356.9211	1.8	-311.1535	0	-0.7536476	0	0.6572788
4.579997	-357.0997	1.8	-311.2746	0	-0.7529127	0	0.6581204
4.599997	-357.2775	1.8	-311.3917	0	-0.7521765	0	0.6589618
4.619997	-357.4549	1.8	-311.5033	0	-0.7507003	0	0.660643
4.639997	-357.6309	1.8	-311.602	0	-0.7499608	0	0.6614824
4.659997	-357.8051	1.8	-311.6987	0	-0.7492205	0	0.6623207
4.679996	-357.9776	1.8	-311.7926	0	-0.7484798	0	0.6631576
4.699996	-358.1494	1.8	-311.881	0	-0.7477387	0	0.6639931
4.719996	-358.3216	1.8	-311.9609	0	-0.7462544	0	0.6656609
4.739996	-358.497	1.8	-312.0184	0	-0.7455112	0	0.6664932
4.759996	-358.677	1.8	-312.0605	0	-0.744767	0	0.6673248
4.779996	-358.8621	1.8	-312.0878	0	-0.7440215	0	0.6681558
4.799996	-359.0521	1.8	-312.1031	0	-0.7432752	0	0.6689858
#Walking Trial Way Points#
#TimeStamp#	#WayPonitX#	#WayPonitY#	#WayPonitZ#	#OrientationX#	#OrientationY#	#OrientationZ#	#OrientationW#	
0	-329.5954	1.8	-278.337	0	-0.9015361	0	0.4327039
4.759996	-360.8033	1.8	-303.3584	0	0	0	1
4.819996	-346.6503	1.8	-340.7709	0	0	0	1
#Walking Trial Path#
#TimeStamp#	#PositionX#	#PositionY#	#PositionZ#	#OrientationX#	#OrientationY#	#OrientationZ#	#OrientationW#	
0	-369.3894	1.8	-309.0687	0	-0.2804103	0	-0.9598802
0.02	-369.3995	1.8	-309.1216	0	-0.281459	0	-0.9595733
0.04	-369.41	1.8	-309.1743	0	-0.2825081	0	-0.9592649
0.06	-369.4206	1.8	-309.227	0	-0.2835566	0	-0.9589555
0.08	-369.4313	1.8	-309.2797	0	-0.284605	0	-0.9586449
0.09999999	-369.4421	1.8	-309.3323	0	-0.2856525	0	-0.9583333
0.12	-369.453	1.8	-309.385	0	-0.2866997	0	-0.9580206
0.14	-369.4641	1.8	-309.4376	0	-0.2877469	0	-0.9577066
0.16	-369.475	1.8	-309.4903	0	-0.28984	0	-0.9570751
0.18	-369.4866	1.8	-309.5426	0	-0.28984	0	-0.9570751
0.2	-369.4983	1.8	-309.5949	0	-0.2908861	0	-0.9567577
0.22	-369.5096	1.8	-309.6476	0	-0.2919329	0	-0.9564388
0.24	-369.5209	1.8	-309.7002	0	-0.2929789	0	-0.956119
0.26	-369.5327	1.8	-309.7527	0	-0.2940241	0	-0.9557981
0.28	-369.5445	1.8	-309.8051	0	-0.2950689	0	-0.955476
0.3	-369.5565	1.8	-309.8575	0	-0.2950689	0	-0.955476
0.32	-369.5684	1.8	-309.9099	0	-0.2961132	0	-0.9551529
0.34	-369.5805	1.8	-309.9623	0	-0.2971569	0	-0.9548287
0.36	-369.5927	1.8	-310.0147	0	-0.2981997	0	-0.9545035
0.38	-369.605	1.8	-310.067	0	-0.2992423	0	-0.9541771
0.4	-369.6174	1.8	-310.1194	0	-0.3002854	0	-0.9538494
0.42	-369.6299	1.8	-310.1716	0	-0.3013285	0	-0.9535204
0.4400001	-369.6426	1.8	-310.2239	0	-0.3023718	0	-0.9531901
0.4600001	-369.6553	1.8	-310.2761	0	-0.3034137	0	-0.9528589
0.4800001	-369.6682	1.8	-310.3283	0	-0.3034137	0	-0.9528589
0.5000001	-369.6811	1.8	-310.3805	0	-0.3044548	0	-0.9525268
0.52	-369.6941	1.8	-310.4326	0	-0.3054945	0	-0.9521939
0.54	-369.7072	1.8	-310.4848	0	-0.3065339	0	-0.9518598
0.56	-369.7204	1.8	-310.5369	0	-0.3075736	0	-0.9515243
0.58	-369.7335	1.8	-310.5891	0	-0.3086131	0	-0.9511877
0.6	-369.7469	1.8	-310.6412	0	-0.3096527	0	-0.9508497
0.6199999	-369.7603	1.8	-310.693	0	-0.3106918	0	-0.9505107
0.6399999	-369.7738	1.8	-310.7451	0	-0.3106918	0	-0.9505107
0.6599999	-369.7872	1.8	-310.7973	0	-0.3117298	0	-0.9501708
0.6799999	-369.801	1.8	-310.8492	0	-0.3127679	0	-0.9498296
0.6999999	-369.8149	1.8	-310.9012	0	-0.313805	0	-0.9494875
0.7199998	-369.8289	1.8	-310.9531	0	-0.3148428	0	-0.9491439
0.7399998	-369.843	1.8	-311.0049	0	-0.3158807	0	-0.948799
0.7599998	-369.8573	1.8	-311.0568	0	-0.3158807	0	-0.948799
0.7799998	-369.8715	1.8	-311.1086	0	-0.3169181	0	-0.9484529
0.7999998	-369.8493	1.8	-311.1881	0	-0.3179549	0	-0.9481059
0.8199998	-369.7543	1.8	-311.2369	0	-0.3189916	0	-0.9477575
0.8399997	-369.5702	1.8	-311.2259	0	-0.3200277	0	-0.9474082
0.8599997	-369.3616	1.8	-311.1689	0	-0.3200277	0	-0.9474082
0.8799997	-369.153	1.8	-311.112	0	-0.3210636	0	-0.9470577
0.8999997	-368.9491	1.8	-311.0513	0	-0.3220991	0	-0.946706
0.9199997	-368.7545	1.8	-310.9822	0	-0.3231338	0	-0.9463533
0.9399996	-368.5654	1.8	-310.9097	0	-0.3241678	0	-0.9459996
0.9599996	-368.3794	1.8	-310.8367	0	-0.325202	0	-0.9456446
0.9799996	-368.1963	1.8	-310.7636	0	-0.325202	0	-0.9456446
0.9999996	-368.0132	1.8	-310.6905	0	-0.3262363	0	-0.9452883
1.02	-367.8343	1.8	-310.615	0	-0.3272709	0	-0.9449306
1.04	-367.661	1.8	-310.5345	0	-0.3283055	0	-0.9445717
1.06	-367.4944	1.8	-310.4463	0	-0.3293406	0	-0.9442112
1.08	-367.3352	1.8	-310.3479	0	-0.3303761	0	-0.9438494
1.1	-367.1832	1.8	-310.2381	0	-0.3314122	0	-0.9434862
1.12	-367.0373	1.8	-310.1169	0	-0.3314122	0	-0.9434862
1.14	-366.8913	1.8	-309.9958	0	-0.3324479	0	-0.9431217
1.159999	-366.7494	1.8	-309.8651	0	-0.3334838	0	-0.9427559
1.179999	-366.6093	1.8	-309.728	0	-0.3345196	0	-0.9423888
1.199999	-366.4691	1.8	-309.5878	0	-0.3355556	0	-0.9420205
1.219999	-366.3373	1.8	-309.4436	0	-0.3365917	0	-0.9416507
1.239999	-366.2185	1.8	-309.2904	0	-0.3365917	0	-0.9416507
1.259999	-366.0997	1.8	-309.1373	0	-0.3376272	0	-0.9412799
1.279999	-365.9983	1.8	-308.9706	0	-0.3386621	0	-0.9409081
1.299999	-365.9199	1.8	-308.7842	0	-0.3396961	0	-0.9405353
1.319999	-365.8657	1.8	-308.5763	0	-0.3407298	0	-0.9401613
1.339999	-365.8335	1.8	-308.3483	0	-0.3417631	0	-0.9397862
1.359999	-365.818	1.8	-308.1048	0	-0.3427956	0	-0.9394101
1.379999	-365.8132	1.8	-307.851	0	-0.3448559	0	-0.9386556
1.399999	-365.8266	1.8	-307.5797	0	-0.3458839	0	-0.9382774
1.419999	-365.8381	1.8	-307.3112	0	-0.3469105	0	-0.9378983
1.439999	-365.8484	1.8	-307.0449	0	-0.347936	0	-0.9375184
1.459999	-365.8563	1.8	-306.7786	0	-0.3489615	0	-0.9371371
1.479999	-365.8627	1.8	-306.5116	0	-0.3510107	0	-0.9363715
1.499999	-365.8671	1.8	-306.2442	0	-0.3502458	0	-0.9366578
1.519999	-365.8724	1.8	-305.977	0	-0.3477538	0	-0.9375859
1.539999	-365.8791	1.8	-305.71	0	-0.3439979	0	-0.9389705
1.559999	-365.8875	1.8	-305.4433	0	-0.3388892	0	-0.9408264
1.579999	-365.8982	1.8	-305.1771	0	-0.3254528	0	-0.9455584
1.599999	-365.9148	1.8	-304.9128	0	-0.3177494	0	-0.9481748
1.619999	-365.9355	1.8	-304.6483	0	-0.3097439	0	-0.9508201
1.639999	-365.96	1.8	-304.3842	0	-0.3015756	0	-0.9534422
1.659999	-365.9885	1.8	-304.1207	0	-0.2933145	0	-0.956016
1.679999	-366.0212	1.8	-303.8578	0	-0.2766383	0	-0.9609742
1.699999	-366.0626	1.8	-303.597	0	-0.2682507	0	-0.9633492
1.719999	-366.1062	1.8	-303.3379	0	-0.2598383	0	-0.9656522
1.739999	-366.1498	1.8	-303.0833	0	-0.2514038	0	-0.9678823
1.759999	-366.1905	1.8	-302.8336	0	-0.2429491	0	-0.9700391
1.779999	-366.2276	1.8	-302.5888	0	-0.2259834	0	-0.9741312
1.799999	-366.2628	1.8	-302.3542	0	-0.219247	0	-0.9756694
1.819999	-366.2981	1.8	-302.1184	0	-0.2164106	0	-0.9763024
1.839999	-366.3328	1.8	-301.885	0	-0.2155278	0	-0.9764977
1.859999	-366.366	1.8	-301.6522	0	-0.2162035	0	-0.9763483
1.879999	-366.3961	1.8	-301.4242	0	-0.2170293	0	-0.9761651
1.899999	-366.4251	1.8	-301.1984	0	-0.2179773	0	-0.9759539
1.919999	-366.4503	1.8	-300.9753	0	-0.2189859	0	-0.975728
1.939999	-366.4672	1.8	-300.7562	0	-0.2200256	0	-0.9754941
1.959999	-366.4787	1.8	-300.5403	0	-0.2221428	0	-0.9750142
1.979999	-366.4676	1.8	-300.3368	0	-0.223209	0	-0.9747706
1.999999	-366.454	1.8	-300.1365	0	-0.2242773	0	-0.9745254
2.019999	-366.4403	1.8	-299.9388	0	-0.2253461	0	-0.9742788
2.039999	-366.424	1.8	-299.7443	0	-0.2264149	0	-0.974031
2.059999	-366.3943	1.8	-299.5567	0	-0.2285512	0	-0.9735319
2.079999	-366.269	1.8	-299.4105	0	-0.2296193	0	-0.9732805
2.099999	-366.0792	1.8	-299.2905	0	-0.2306867	0	-0.9730281
2.119999	-365.8404	1.8	-299.1913	0	-0.2317534	0	-0.9727746
2.139999	-365.581	1.8	-299.1012	0	-0.2328208	0	-0.9725197
2.159999	-365.3159	1.8	-299.0138	0	-0.2349553	0	-0.9720063
2.179999	-365.048	1.8	-298.9288	0	-0.236022	0	-0.9717478
2.199999	-364.7809	1.8	-298.8436	0	-0.2370884	0	-0.9714881
2.219999	-364.5136	1.8	-298.7589	0	-0.2381544	0	-0.9712273
2.239999	-364.2462	1.8	-298.6748	0	-0.23922	0	-0.9709654
2.259999	-363.9785	1.8	-298.5913	0	-0.2413471	0	-0.9704389
2.279999	-363.7106	1.8	-298.5096	0	-0.2424086	0	-0.9701743
2.299999	-363.4423	1.8	-298.4278	0	-0.2434691	0	-0.9699087
2.319999	-363.1739	1.8	-298.3467	0	-0.2445295	0	-0.9696419
2.339998	-362.9054	1.8	-298.2661	0	-0.24559	0	-0.9693739
2.359998	-362.6367	1.8	-298.1862	0	-0.2477099	0	-0.9688343
2.379998	-362.4013	1.8	-298.0909	0	-0.2487699	0	-0.9685627
2.399998	-362.1852	1.8	-297.9862	0	-0.2498301	0	-0.9682897
2.419998	-361.9884	1.8	-297.8725	0	-0.2508904	0	-0.9680156
2.439998	-361.8105	1.8	-297.7496	0	-0.2530116	0	-0.9674633
2.459998	-361.6614	1.8	-297.613	0	-0.2540717	0	-0.9671854
2.479998	-361.515	1.8	-297.4774	0	-0.2551313	0	-0.9669065
2.499998	-361.3713	1.8	-297.3424	0	-0.2561895	0	-0.9666266
2.519998	-361.2375	1.8	-297.2033	0	-0.2572478	0	-0.9663455
2.539998	-361.1186	1.8	-297.0561	0	-0.2593637	0	-0.9657797
2.559998	-361.0422	1.8	-296.8828	0	-0.2604214	0	-0.965495
2.579998	-360.9867	1.8	-296.6941	0	-0.2614793	0	-0.9652091
2.599998	-360.9473	1.8	-296.4931	0	-0.2625374	0	-0.9649219
2.619998	-360.9187	1.8	-296.2836	0	-0.2635957	0	-0.9646333
2.639998	-360.8949	1.8	-296.0692	0	-0.2646532	0	-0.9643437
2.659998	-360.8718	1.8	-295.853	0	-0.2667667	0	-0.9637612
2.679998	-360.8475	1.8	-295.6368	0	-0.2678236	0	-0.963468
2.699998	-360.8261	1.8	-295.4195	0	-0.26888	0	-0.9631737
2.719998	-360.8034	1.8	-295.204	0	-0.2699358	0	-0.9628784
2.739998	-360.782	1.8	-294.9857	0	-0.2709916	0	-0.9625817
2.759998	-360.7602	1.8	-294.7697	0	-0.2720465	0	-0.9622841
2.779998	-360.736	1.8	-294.5548	0	-0.2731001	0	-0.9619856
2.799998	-360.7097	1.8	-294.3394	0	-0.2752073	0	-0.961385
2.819998	-360.6812	1.8	-294.1235	0	-0.2762608	0	-0.9610828
2.839998	-360.6528	1.8	-293.9099	0	-0.2773128	0	-0.9607797
2.859998	-360.6239	1.8	-293.6988	0	-0.2783636	0	-0.9604758
2.879998	-360.594	1.8	-293.4901	0	-0.2794136	0	-0.9601709
2.899998	-360.5635	1.8	-293.284	0	-0.2815133	0	-0.9595574
2.919998	-360.5262	1.8	-293.0862	0	-0.2825634	0	-0.9592487
2.939998	-360.4893	1.8	-292.8909	0	-0.2836137	0	-0.9589387
2.959998	-360.4507	1.8	-292.6989	0	-0.284664	0	-0.9586274
2.979998	-360.4078	1.8	-292.5111	0	-0.2857146	0	-0.9583148
2.999998	-360.3577	1.8	-292.3287	0	-0.2878148	0	-0.9576861
3.019998	-360.287	1.8	-292.1585	0	-0.2888637	0	-0.9573703
3.039998	-360.2012	1.8	-291.9947	0	-0.289912	0	-0.9570534
3.059998	-360.101	1.8	-291.8362	0	-0.2909602	0	-0.9567353
3.079998	-359.9887	1.8	-291.6814	0	-0.2920067	0	-0.9564162
3.099998	-359.868	1.8	-291.5288	0	-0.2940979	0	-0.9557753
3.119998	-359.7376	1.8	-291.3778	0	-0.2951431	0	-0.9554531
3.139998	-359.6091	1.8	-291.2271	0	-0.2961878	0	-0.9551297
3.159998	-359.4806	1.8	-291.0757	0	-0.2972326	0	-0.9548051
3.179998	-359.3517	1.8	-290.9245	0	-0.2993208	0	-0.9541525
3.199998	-359.2218	1.8	-290.7745	0	-0.3003644	0	-0.9538245
3.219998	-359.0919	1.8	-290.6242	0	-0.3014074	0	-0.9534954
3.239998	-358.9618	1.8	-290.4742	0	-0.3024503	0	-0.9531652
3.259998	-358.8313	1.8	-290.3245	0	-0.3034932	0	-0.9528337
3.279998	-358.7004	1.8	-290.175	0	-0.3055792	0	-0.9521667
3.299998	-358.5686	1.8	-290.0267	0	-0.3066218	0	-0.9518315
3.319998	-358.4365	1.8	-289.8782	0	-0.3076636	0	-0.9514952
3.339998	-358.3044	1.8	-289.7299	0	-0.3087048	0	-0.9511579
3.359998	-358.1719	1.8	-289.5819	0	-0.3097457	0	-0.9508194
3.379997	-358.0391	1.8	-289.4342	0	-0.3118262	0	-0.9501392
3.399997	-357.9053	1.8	-289.2876	0	-0.3128655	0	-0.9497975
3.419997	-357.7715	1.8	-289.1407	0	-0.3139041	0	-0.9494547
3.439997	-357.6375	1.8	-288.9942	0	-0.3149424	0	-0.9491108
3.459997	-357.5031	1.8	-288.848	0	-0.3159803	0	-0.9487658
3.479997	-357.3683	1.8	-288.702	0	-0.3180541	0	-0.9480726
3.499997	-357.2328	1.8	-288.557	0	-0.3190904	0	-0.9477243
3.519997	-357.0971	1.8	-288.4119	0	-0.3201266	0	-0.9473748
3.539997	-356.9611	1.8	-288.2672	0	-0.3211623	0	-0.9470242
3.559997	-356.8248	1.8	-288.1227	0	-0.3221975	0	-0.9466726
3.579997	-356.6882	1.8	-287.9785	0	-0.3232326	0	-0.9463196
3.599997	-356.5513	1.8	-287.8347	0	-0.3253019	0	-0.9456103
3.619997	-356.4135	1.8	-287.6917	0	-0.3263346	0	-0.9452544
3.639997	-356.2756	1.8	-287.5487	0	-0.3273669	0	-0.9448973
3.659997	-356.1374	1.8	-287.406	0	-0.3283982	0	-0.9445394
3.679997	-355.9989	1.8	-287.2637	0	-0.3294287	0	-0.9441804
3.699997	-355.8601	1.8	-287.1216	0	-0.3314884	0	-0.9434593
3.719997	-355.7204	1.8	-286.9807	0	-0.3325166	0	-0.9430974
3.739997	-355.5806	1.8	-286.8395	0	-0.333544	0	-0.9427345
3.759997	-355.4406	1.8	-286.6987	0	-0.3345712	0	-0.9423705
3.779997	-355.3002	1.8	-286.5582	0	-0.3355981	0	-0.9420053
3.799997	-355.1596	1.8	-286.4179	0	-0.3376503	0	-0.9412717
3.819997	-355.0358	1.8	-286.2693	0	-0.3386761	0	-0.9409031
3.839997	-354.9249	1.8	-286.111	0	-0.3397014	0	-0.9405334
3.859997	-354.8273	1.8	-285.9414	0	-0.3407268	0	-0.9401624
3.879997	-354.7417	1.8	-285.7608	0	-0.3417522	0	-0.9397901
3.899997	-354.6642	1.8	-285.5716	0	-0.3438029	0	-0.9390419
3.919997	-354.5945	1.8	-285.3713	0	-0.3448282	0	-0.9386659
3.939997	-354.5247	1.8	-285.1735	0	-0.3458526	0	-0.9382889
3.959997	-354.4529	1.8	-284.9769	0	-0.3468764	0	-0.9379109
3.979997	-354.3793	1.8	-284.7802	0	-0.3489228	0	-0.9371514
3.999997	-354.3038	1.8	-284.5836	0	-0.3499458	0	-0.93677
4.019997	-354.2285	1.8	-284.3871	0	-0.350969	0	-0.9363871
4.039997	-354.1529	1.8	-284.1908	0	-0.3519924	0	-0.9360029
4.059997	-354.0768	1.8	-283.9947	0	-0.3530157	0	-0.9356174
4.079997	-354.0002	1.8	-283.7987	0	-0.3550597	0	-0.9348437
4.099997	-353.9225	1.8	-283.6033	0	-0.3560799	0	-0.9344556
4.119997	-353.8446	1.8	-283.4078	0	-0.3570994	0	-0.9340664
4.139997	-353.7664	1.8	-283.2125	0	-0.3581191	0	-0.9336759
4.159997	-353.6877	1.8	-283.0173	0	-0.3591383	0	-0.9332844
4.179997	-353.6086	1.8	-282.8224	0	-0.3611751	0	-0.932498
4.199997	-353.5283	1.8	-282.628	0	-0.3621929	0	-0.9321032
4.219997	-353.4479	1.8	-282.4336	0	-0.3632101	0	-0.9317073
4.239997	-353.3671	1.8	-282.2393	0	-0.3642269	0	-0.9313103
4.259997	-353.2859	1.8	-282.0452	0	-0.3652436	0	-0.930912
4.279997	-353.2042	1.8	-281.8513	0	-0.3672748	0	-0.9301125
4.299997	-353.1214	1.8	-281.658	0	-0.3682888	0	-0.9297115
4.319997	-353.0384	1.8	-281.4646	0	-0.3693012	0	-0.9293098
4.339997	-352.9551	1.8	-281.2714	0	-0.3703135	0	-0.9289069
4.359997	-352.8713	1.8	-281.0784	0	-0.3713256	0	-0.9285027
4.379997	-352.7871	1.8	-280.8856	0	-0.3733494	0	-0.9276908
4.399997	-352.7018	1.8	-280.6934	0	-0.3743616	0	-0.9272828
4.419997	-352.6163	1.8	-280.5011	0	-0.375374	0	-0.9268734
4.439997	-352.5304	1.8	-280.3091	0	-0.3763868	0	-0.9264627
4.459997	-352.4441	1.8	-280.1172	0	-0.3773986	0	-0.926051
4.479997	-352.3574	1.8	-279.9254	0	-0.3794217	0	-0.9252238
4.499997	-352.2695	1.8	-279.7344	0	-0.3804326	0	-0.9248087
4.519997	-352.1815	1.8	-279.5432	0	-0.3814431	0	-0.9243924
4.539997	-352.0932	1.8	-279.3523	0	-0.3824531	0	-0.923975
4.559997	-352.0044	1.8	-279.1616	0	-0.3844723	0	-0.9231365
4.579997	-351.9144	1.8	-278.9715	0	-0.3854819	0	-0.9227154
4.599997	-351.8243	1.8	-278.7813	0	-0.3864917	0	-0.9222929
4.619997	-351.7339	1.8	-278.5913	0	-0.3875022	0	-0.9218688
4.639997	-351.643	1.8	-278.4016	0	-0.3885126	0	-0.9214435
4.659997	-351.5517	1.8	-278.212	0	-0.3905329	0	-0.9205889
4.679996	-351.4593	1.8	-278.0231	0	-0.3915424	0	-0.9201601
4.699996	-351.3667	1.8	-277.8341	0	-0.3925516	0	-0.91973
4.719996	-351.2737	1.8	-277.6454	0	-0.393561	0	-0.9192985
4.739996	-351.1804	1.8	-277.4568	0	-0.3945699	0	-0.918866
4.759996	-351.0866	1.8	-277.2685	0	-0.3955782	0	-0.9184324
4.779996	-350.9924	1.8	-277.0804	0	-0.3975927	0	-0.9175621
4.799996	-350.8971	1.8	-276.8929	0	-0.3985986	0	-0.9171256
4.819996	-350.8016	1.8	-276.7054	0	-0.3996042	0	-0.9166878
4.839996	-350.7057	1.8	-276.5181	0	-0.4006097	0	-0.9162487
4.859996	-350.6095	1.8	-276.331	0	-0.4016149	0	-0.9158087
4.879996	-350.5135	1.8	-276.1463	0	-0.4036248	0	-0.9149247
4.899996	-350.4146	1.8	-275.9709	0	-0.4046289	0	-0.914481
4.919996	-350.3167	1.8	-275.7978	0	-0.4056325	0	-0.9140363
4.939996	-350.2182	1.8	-275.6282	0	-0.4066351	0	-0.9135906
4.959996	-350.1172	1.8	-275.4637	0	-0.4076368	0	-0.9131442
4.979996	-350.0111	1.8	-275.306	0	-0.4096391	0	-0.9122478
4.999996	-349.8901	1.8	-275.1647	0	-0.4106395	0	-0.9117979
5.019996	-349.7578	1.8	-275.0324	0	-0.4116398	0	-0.9113467
5.039996	-349.6105	1.8	-274.9148	0	-0.4126399	0	-0.9108943
5.059996	-349.4462	1.8	-274.8136	0	-0.4136393	0	-0.9104408
5.079996	-349.2645	1.8	-274.7292	0	-0.4136393	0	-0.9104409
5.099996	-349.0828	1.8	-274.6447	0	-0.4146386	0	-0.9099863
5.119996	-348.9201	1.8	-274.5721	0	-0.4156371	0	-0.9095305
5.139996	-348.7765	1.8	-274.5113	0	-0.4166351	0	-0.9090739
5.159996	-348.6518	1.8	-274.4623	0	-0.4176328	0	-0.9086159
5.179996	-348.5461	1.8	-274.425	0	-0.4186297	0	-0.9081571
5.199996	-348.4594	1.8	-274.3994	0	-0.4184267	0	-0.9082505
5.219996	-348.3918	1.8	-274.3854	0	-0.4184268	0	-0.9082506
5.239996	-348.3241	1.8	-274.3713	0	-0.4166255	0	-0.9090782
5.259996	-348.2695	1.8	-274.3648	0	-0.4129451	0	-0.9107559
5.279996	-348.2184	1.8	-274.3594	0	-0.4073525	0	-0.9132711
5.299996	-348.1735	1.8	-274.3568	0	-0.4005562	0	-0.9162722
5.319996	-348.1398	1.8	-274.3608	0	-0.3931415	0	-0.919478
5.339996	-348.1248	1.8	-274.3771	0	-0.385402	0	-0.9227488
5.359996	-348.1342	1.8	-274.4143	0	-0.3774851	0	-0.9260157
5.379996	-348.1542	1.8	-274.4628	0	-0.3694651	0	-0.9292446
5.399996	-348.1741	1.8	-274.5124	0	-0.3694651	0	-0.9292446
5.419996	-348.1939	1.8	-274.562	0	-0.3613797	0	-0.9324188
5.439996	-348.2131	1.8	-274.6122	0	-0.3532481	0	-0.9355297
5.459996	-348.2314	1.8	-274.6625	0	-0.3450803	0	-0.9385732
5.479996	-348.2486	1.8	-274.7133	0	-0.3368814	0	-0.9415472
5.499996	-348.2651	1.8	-274.7643	0	-0.3286545	0	-0.9444502
5.519996	-348.2806	1.8	-274.8152	0	-0.3204015	0	-0.9472819
5.539996	-348.2952	1.8	-274.8669	0	-0.3204015	0	-0.9472819
5.559996	-348.3097	1.8	-274.9185	0	-0.3121234	0	-0.9500416
5.579996	-348.3235	1.8	-274.9704	0	-0.3038212	0	-0.9527291
5.599996	-348.3365	1.8	-275.0224	0	-0.2954957	0	-0.9553441
5.619996	-348.3483	1.8	-275.0746	0	-0.2871477	0	-0.9578863
5.639996	-348.3594	1.8	-275.1271	0	-0.2787778	0	-0.9603556
5.659996	-348.3696	1.8	-275.1797	0	-0.2787778	0	-0.9603556
5.679996	-348.3798	1.8	-275.2324	0	-0.2703867	0	-0.9627519
5.699996	-348.3889	1.8	-275.2852	0	-0.2619749	0	-0.9650747
5.719995	-348.3972	1.8	-275.3382	0	-0.2535431	0	-0.9673241
5.739995	-348.4047	1.8	-275.3912	0	-0.2450921	0	-0.9694998
5.759995	-348.4112	1.8	-275.4444	0	-0.2450921	0	-0.9694998
5.779995	-348.4177	1.8	-275.4976	0	-0.2366224	0	-0.9716017
5.799995	-348.4232	1.8	-275.5509	0	-0.2281347	0	-0.9736296
5.819995	-348.4279	1.8	-275.6043	0	-0.2196296	0	-0.9755834
5.839995	-348.4316	1.8	-275.6577	0	-0.2111077	0	-0.9774628
5.859995	-348.4344	1.8	-275.7112	0	-0.2025698	0	-0.9792678
5.879995	-348.436	1.8	-275.7648	0	-0.2025698	0	-0.9792678
5.899995	-348.4377	1.8	-275.8184	0	-0.1940165	0	-0.9809983
5.919995	-348.4386	1.8	-275.8721	0	-0.1854484	0	-0.982654
5.939995	-348.4385	1.8	-275.9257	0	-0.1768662	0	-0.9842349
5.959995	-348.4376	1.8	-275.9792	0	-0.1682705	0	-0.9857409
5.979995	-348.4357	1.8	-276.0328	0	-0.159662	0	-0.9871718
5.999995	-348.4329	1.8	-276.0863	0	-0.159662	0	-0.9871718
6.019995	-348.43	1.8	-276.1398	0	-0.1510413	0	-0.9885275
6.039995	-348.4263	1.8	-276.1932	0	-0.1424091	0	-0.9898079
6.059995	-348.4216	1.8	-276.2466	0	-0.1337661	0	-0.9910129
6.079995	-348.416	1.8	-276.2999	0	-0.1251129	0	-0.9921425
6.099995	-348.4092	1.8	-276.3527	0	-0.1251129	0	-0.9921425
6.119995	-348.4024	1.8	-276.4056	0	-0.1164502	0	-0.9931965
6.139995	-348.3949	1.8	-276.4587	0	-0.1077786	0	-0.994175
6.159995	-348.3864	1.8	-276.5116	0	-0.0990988	0	-0.9950776
6.179995	-348.3771	1.8	-276.5644	0	-0.09041145	0	-0.9959045
6.199995	-348.3669	1.8	-276.617	0	-0.09041145	0	-0.9959045
6.219995	-348.3566	1.8	-276.6696	0	-0.08171722	0	-0.9966556
6.239995	-348.3452	1.8	-276.722	0	-0.07301676	0	-0.9973307
6.259995	-348.3331	1.8	-276.7742	0	-0.05559981	0	-0.9984531
6.279995	-348.3186	1.8	-276.8254	0	-0.04688466	0	-0.9989004
6.299995	-348.3037	1.8	-276.8771	0	-0.03816593	0	-0.9992715
6.319995	-348.2881	1.8	-276.9283	0	-0.0294443	0	-0.9995664
6.339995	-348.2715	1.8	-276.9793	0	-0.02072043	0	-0.9997853
6.359995	-348.2538	1.8	-277.0299	0	-0.003268614	0	-0.9999947
6.379995	-348.2343	1.8	-277.0795	0	0.005457999	0	-0.9999852
6.399995	-348.2141	1.8	-277.1293	0	0.0141842	0	-0.9998994
6.419995	-348.1931	1.8	-277.1786	0	0.02290932	0	-0.9997376
6.439995	-348.1713	1.8	-277.2276	0	0.03163269	0	-0.9994996
6.459995	-348.1484	1.8	-277.2761	0	0.04907155	0	-0.9987953
6.479995	-348.1238	1.8	-277.3231	0	0.0577857	0	-0.998329
6.499995	-348.0985	1.8	-277.3705	0	0.06649546	0	-0.9977868
6.519995	-348.0725	1.8	-277.4173	0	0.07520015	0	-0.9971685
6.539995	-348.0457	1.8	-277.4637	0	0.08389911	0	-0.9964743
6.559995	-348.018	1.8	-277.5096	0	0.1012772	0	-0.9948583
6.579995	-347.9886	1.8	-277.554	0	0.109955	0	-0.9939366
6.599995	-347.9585	1.8	-277.5985	0	0.1186244	0	-0.9929392
6.619995	-347.9277	1.8	-277.6424	0	0.1272849	0	-0.9918662
6.639995	-347.8962	1.8	-277.6857	0	0.1359356	0	-0.9907177
6.659995	-347.8639	1.8	-277.7285	0	0.1532053	0	-0.9881944
6.679995	-347.83	1.8	-277.7696	0	0.161823	0	-0.9868199
6.699995	-347.7954	1.8	-277.8107	0	0.1704283	0	-0.9853701
6.719995	-347.7602	1.8	-277.8511	0	0.1790207	0	-0.9838454
6.739995	-347.7243	1.8	-277.8909	0	0.1875995	0	-0.9822456
6.759995	-347.6878	1.8	-277.9301	0	0.2047134	0	-0.978822
6.779994	-347.6497	1.8	-277.9673	0	0.2132474	0	-0.9769983
6.799994	-347.6112	1.8	-278.0043	0	0.2217651	0	-0.9751002
6.819994	-347.5821	1.8	-278.0239	0	0.2302659	0	-0.9731278
6.839994	-347.5838	1.8	-277.9801	0	0.2387491	0	-0.9710813
6.859994	-347.6392	1.8	-277.8317	0	0.2544349	0	-0.9670899
6.879994	-347.6522	1.8	-277.584	0	0.2575124	0	-0.966275
6.899994	-347.6717	1.8	-277.3576	0	0.2585223	0	-0.9660053
6.919994	-347.6883	1.8	-277.138	0	0.2584989	0	-0.9660116
6.939994	-347.7045	1.8	-276.9191	0	0.2579586	0	-0.966156
6.959994	-347.7177	1.8	-276.6991	0	0.2562305	0	-0.9666157
6.979994	-347.7276	1.8	-276.4771	0	0.2552371	0	-0.9668785
6.999994	-347.7383	1.8	-276.2557	0	0.254212	0	-0.9671485
7.019994	-347.7492	1.8	-276.0368	0	0.253171	0	-0.9674215
7.039994	-347.7621	1.8	-275.8184	0	0.2510673	0	-0.9679697
7.059994	-347.7754	1.8	-275.5984	0	0.2500109	0	-0.9682431
7.079994	-347.7878	1.8	-275.3793	0	0.2489533	0	-0.9685155
7.099994	-347.7997	1.8	-275.1601	0	0.2478951	0	-0.9687869
7.119994	-347.8111	1.8	-274.9409	0	0.2468358	0	-0.9690574
7.139994	-347.8221	1.8	-274.7216	0	0.2447154	0	-0.969595
7.159994	-347.8336	1.8	-274.507	0	0.2436544	0	-0.9698622
7.179994	-347.848	1.8	-274.2935	0	0.2425932	0	-0.9701282
7.199994	-347.8644	1.8	-274.0819	0	0.2415314	0	-0.9703931
7.219994	-347.8828	1.8	-273.8724	0	0.2404693	0	-0.9706568
7.239994	-347.9016	1.8	-273.6653	0	0.2383443	0	-0.9711807
7.259994	-347.9326	1.8	-273.4677	0	0.2372817	0	-0.9714409
7.279994	-347.9641	1.8	-273.2726	0	0.2362194	0	-0.9716998
7.299994	-347.9987	1.8	-273.0807	0	0.2351566	0	-0.9719575
7.319994	-348.0387	1.8	-272.8917	0	0.2340934	0	-0.9722141
7.339994	-348.0861	1.8	-272.7055	0	0.2319682	0	-0.9727234
7.359994	-348.1716	1.8	-272.5388	0	0.2309063	0	-0.972976
7.379994	-348.2964	1.8	-272.3892	0	0.2298453	0	-0.9732272
7.399994	-348.4625	1.8	-272.2567	0	0.2287841	0	-0.9734772
7.419994	-348.6585	1.8	-272.1363	0	0.2277222	0	-0.9737262
7.439994	-348.881	1.8	-272.0272	0	0.2255967	0	-0.9742208
7.459994	-349.1553	1.8	-271.9406	0	0.2245331	0	-0.9744665
7.479994	-349.4237	1.8	-271.8518	0	0.2234689	0	-0.9747111
7.499994	-349.6897	1.8	-271.7635	0	0.2224036	0	-0.9749547
7.519994	-349.9539	1.8	-271.6735	0	0.2202727	0	-0.9754384
7.539994	-350.2173	1.8	-271.5786	0	0.2192075	0	-0.9756783
7.559994	-350.4813	1.8	-271.4842	0	0.218142	0	-0.975917
7.579994	-350.7451	1.8	-271.3893	0	0.2170758	0	-0.9761548
7.599994	-351.0086	1.8	-271.2937	0	0.2160091	0	-0.9763914
7.619994	-351.272	1.8	-271.1976	0	0.213875	0	-0.976861
7.639994	-351.5346	1.8	-271.1	0	0.2128081	0	-0.9770941
7.659994	-351.7974	1.8	-271.0021	0	0.2117413	0	-0.9773258
7.679994	-352.0547	1.8	-270.9025	0	0.2106746	0	-0.9775563
7.699994	-352.3051	1.8	-270.7999	0	0.2096074	0	-0.9777856
7.719994	-352.5479	1.8	-270.6939	0	0.2074715	0	-0.9782411
7.739994	-352.7802	1.8	-270.584	0	0.2064031	0	-0.978467
7.759994	-353.0111	1.8	-270.4716	0	0.2053342	0	-0.9786919
7.779994	-353.242	1.8	-270.3571	0	0.2042648	0	-0.9789157
7.799994	-353.4728	1.8	-270.2418	0	0.2031948	0	-0.9791384
7.819993	-353.7034	1.8	-270.1259	0	0.201053	0	-0.9795805
7.839993	-353.9332	1.8	-270.0086	0	0.199981	0	-0.9797997
7.859993	-354.1631	1.8	-269.8911	0	0.198908	0	-0.9800182
7.879993	-354.3927	1.8	-269.7732	0	0.1978346	0	-0.9802355
7.899993	-354.622	1.8	-269.6548	0	0.196761	0	-0.9804515
7.919993	-354.8511	1.8	-269.5359	0	0.194614	0	-0.98088
7.939993	-355.0793	1.8	-269.4156	0	0.1935412	0	-0.9810922
7.959993	-355.311	1.8	-269.2969	0	0.1924686	0	-0.9813032
7.979993	-355.5434	1.8	-269.1777	0	0.1913956	0	-0.981513
7.999993	-355.7755	1.8	-269.058	0	0.190323	0	-0.9817216
8.019994	-356.0074	1.8	-268.9378	0	0.1881764	0	-0.9821353
8.039994	-356.2383	1.8	-268.8163	0	0.1871023	0	-0.9823405
8.059995	-356.4695	1.8	-268.6945	0	0.1860277	0	-0.9825445
8.079995	-356.7003	1.8	-268.5723	0	0.1849526	0	-0.9827474
8.099996	-356.9308	1.8	-268.4496	0	0.182801	0	-0.9831499
8.119996	-357.1604	1.8	-268.3256	0	0.1817249	0	-0.9833494
8.139997	-357.3902	1.8	-268.2013	0	0.1806483	0	-0.9835478
8.159997	-357.6196	1.8	-268.0766	0	0.1795719	0	-0.9837449
8.179997	-357.8488	1.8	-267.9514	0	0.1784956	0	-0.9839408
8.199998	-358.0776	1.8	-267.8256	0	0.1763418	0	-0.984329
8.219998	-358.3056	1.8	-267.6986	0	0.1752647	0	-0.9845214
8.239999	-358.5337	1.8	-267.5713	0	0.1741873	0	-0.9847126
8.259999	-358.7615	1.8	-267.4436	0	0.1731092	0	-0.9849027
8.28	-358.9868	1.8	-267.3166	0	0.1720314	0	-0.9850915
8.3	-359.2099	1.8	-267.1888	0	0.1698753	0	-0.9854656
8.320001	-359.4231	1.8	-267.0586	0	0.1687972	0	-0.9856508
8.340001	-359.6315	1.8	-266.9271	0	0.1677197	0	-0.9858348
8.360002	-359.8313	1.8	-266.7922	0	0.1666425	0	-0.9860175
8.380002	-360.027	1.8	-266.6566	0	0.1655647	0	-0.9861989
8.400002	-360.217	1.8	-266.5193	0	0.1634097	0	-0.9865583
8.420003	-360.3919	1.8	-266.3767	0	0.1623324	0	-0.9867361
8.440003	-360.5639	1.8	-266.2345	0	0.1612548	0	-0.9869128
8.460004	-360.7332	1.8	-266.0931	0	0.1601771	0	-0.9870883
8.480004	-360.8997	1.8	-265.9521	0	0.1590988	0	-0.9872627
8.500005	-361.0633	1.8	-265.8113	0	0.1569414	0	-0.987608
8.520005	-361.2205	1.8	-265.6703	0	0.1558632	0	-0.9877787
8.540006	-361.3725	1.8	-265.525	0	0.1547848	0	-0.9879482
8.560006	-361.5197	1.8	-265.3742	0	0.1537061	0	-0.9881166
8.580007	-361.6633	1.8	-265.2181	0	0.1526272	0	-0.9882839
8.600007	-361.8051	1.8	-265.0578	0	0.1504676	0	-0.988615
8.620008	-361.9414	1.8	-264.8973	0	0.1493881	0	-0.9887787
8.640008	-362.0773	1.8	-264.7331	0	0.1483089	0	-0.9889411
8.660008	-362.213	1.8	-264.5679	0	0.1472295	0	-0.9891024
8.680009	-362.3484	1.8	-264.4025	0	0.1450698	0	-0.9894214
8.700009	-362.4827	1.8	-264.2362	0	0.1439896	0	-0.9895792
8.72001	-362.617	1.8	-264.0698	0	0.1429089	0	-0.9897358
8.74001	-362.7494	1.8	-263.9048	0	0.1429089	0	-0.9897358
8.760011	-362.8817	1.8	-263.7398	0	0.1407485	0	-0.9900454
8.780011	-363.0091	1.8	-263.5731	0	0.139668	0	-0.9901984
8.800012	-363.1375	1.8	-263.4042	0	0.1385869	0	-0.9903503
8.820012	-363.2654	1.8	-263.2351	0	0.1375058	0	-0.990501
8.840013	-363.393	1.8	-263.0658	0	0.1364244	0	-0.9906505
8.860013	-363.5203	1.8	-262.8961	0	0.1342593	0	-0.9909462
8.880013	-363.6435	1.8	-262.7292	0	0.1331756	0	-0.9910925
8.900014	-363.7652	1.8	-262.5589	0	0.1320912	0	-0.9912376
8.920014	-363.8864	1.8	-262.3872	0	0.131006	0	-0.9913816
8.940015	-364.0073	1.8	-262.215	0	0.1299196	0	-0.9915246
8.960015	-364.1277	1.8	-262.0425	0	0.1277445	0	-0.9918072
8.980016	-364.2471	1.8	-261.8694	0	0.1266557	0	-0.9919468
9.000016	-364.3665	1.8	-261.696	0	0.1255662	0	-0.9920852
9.020017	-364.4854	1.8	-261.5225	0	0.1244762	0	-0.9922227
9.040017	-364.604	1.8	-261.3487	0	0.1222951	0	-0.9924939
9.060018	-364.7215	1.8	-261.1743	0	0.121205	0	-0.9926275
9.080018	-364.8389	1.8	-260.9997	0	0.1201157	0	-0.9927599
9.100019	-364.956	1.8	-260.8248	0	0.119027	0	-0.9928911
9.120019	-365.0727	1.8	-260.6497	0	0.1179378	0	-0.9930211
9.140019	-365.189	1.8	-260.4744	0	0.1157586	0	-0.9932774
9.16002	-365.3041	1.8	-260.2984	0	0.1146679	0	-0.9934039
9.18002	-365.4192	1.8	-260.1223	0	0.1135764	0	-0.9935293
9.200021	-365.534	1.8	-259.9459	0	0.1124844	0	-0.9936535
9.220021	-365.6483	1.8	-259.7693	0	0.111392	0	-0.9937766
9.240022	-365.7623	1.8	-259.5925	0	0.1092083	0	-0.9940189
9.260022	-365.8751	1.8	-259.415	0	0.1081169	0	-0.9941382
9.280023	-365.9879	1.8	-259.2374	0	0.1070258	0	-0.9942563
9.300023	-366.1003	1.8	-259.0595	0	0.1059346	0	-0.9943731
9.320024	-366.2124	1.8	-258.8814	0	0.104843	0	-0.9944888
9.340024	-366.324	1.8	-258.7031	0	0.1026582	0	-0.9947167
9.360024	-366.4344	1.8	-258.5241	0	0.1015653	0	-0.9948289
9.380025	-366.5449	1.8	-258.345	0	0.1004728	0	-0.9949398
9.400025	-366.655	1.8	-258.1657	0	0.09937999	0	-0.9950496
9.420026	-366.7646	1.8	-257.9861	0	0.0982859	0	-0.9951583
9.440026	-366.8739	1.8	-257.8063	0	0.09609357	0	-0.9953724
9.460027	-366.982	1.8	-257.6259	0	0.09499627	0	-0.9954777
9.480027	-367.0901	1.8	-257.4453	0	0.09389903	0	-0.9955818
9.500028	-367.1977	1.8	-257.2646	0	0.09280127	0	-0.9956847
9.520028	-367.305	1.8	-257.0836	0	0.09170335	0	-0.9957864
9.540029	-367.4119	1.8	-256.9024	0	0.0895073	0	-0.9959862
9.560029	-367.5175	1.8	-256.7206	0	0.08840846	0	-0.9960843
9.580029	-367.6232	1.8	-256.5386	0	0.08731027	0	-0.9961812
9.60003	-367.7285	1.8	-256.3564	0	0.0862122	0	-0.9962769
9.62003	-367.8334	1.8	-256.174	0	0.08401595	0	-0.9964644
9.640031	-367.9371	1.8	-255.9911	0	0.08291864	0	-0.9965563
9.660031	-368.0407	1.8	-255.808	0	0.08182113	0	-0.9966471
9.680032	-368.144	1.8	-255.6246	0	0.08072315	0	-0.9967366
9.700032	-368.2469	1.8	-255.4411	0	0.07962472	0	-0.9968249
9.720033	-368.3493	1.8	-255.2574	0	0.07742681	0	-0.9969981
9.740033	-368.4506	1.8	-255.073	0	0.07632746	0	-0.9970828
9.760034	-368.5518	1.8	-254.8886	0	0.075228	0	-0.9971664
9.780034	-368.6527	1.8	-254.7039	0	0.07412843	0	-0.9972488
9.800035	-368.7531	1.8	-254.519	0	0.07302991	0	-0.9973297
9.820035	-368.8531	1.8	-254.3339	0	0.07083512	0	-0.9974881
9.840035	-368.9519	1.8	-254.1483	0	0.06973878	0	-0.9975653
9.860036	-369.0507	1.8	-253.9625	0	0.06864303	0	-0.9976413
9.880036	-369.1491	1.8	-253.7765	0	0.06754686	0	-0.9977161
9.900037	-369.2502	1.8	-253.5914	0	0.06645013	0	-0.9977898
9.920037	-369.3524	1.8	-253.4056	0	0.06425727	0	-0.9979333
9.940038	-369.4569	1.8	-253.2201	0	0.06316061	0	-0.9980034
9.960038	-369.5625	1.8	-253.0342	0	0.06206413	0	-0.9980722
9.980039	-369.6709	1.8	-252.849	0	0.06096787	0	-0.9981398
10.00004	-369.7803	1.8	-252.6632	0	0.05987035	0	-0.9982061
10.02004	-369.8893	1.8	-252.4771	0	0.05767392	0	-0.9983355
10.04004	-370.004	1.8	-252.2921	0	0.05657653	0	-0.9983982
10.06004	-370.1167	1.8	-252.1069	0	0.05547997	0	-0.9984599
10.08004	-370.2287	1.8	-251.9206	0	0.05438378	0	-0.9985201
10.10004	-370.3402	1.8	-251.7339	0	0.05328825	0	-0.9985792
10.12004	-370.4548	1.8	-251.5478	0	0.05109846	0	-0.9986936
10.14004	-370.5707	1.8	-251.36	0	0.05000406	0	-0.998749
10.16004	-370.6853	1.8	-251.1729	0	0.0489093	0	-0.9988033
10.18004	-370.7995	1.8	-250.9854	0	0.04781383	0	-0.9988563
10.20004	-370.9132	1.8	-250.7976	0	0.04671782	0	-0.9989082
10.22004	-371.0266	1.8	-250.6096	0	0.04452634	0	-0.9990083
10.24004	-371.1387	1.8	-250.421	0	0.04343007	0	-0.9990565
10.26005	-371.2508	1.8	-250.2322	0	0.04233371	0	-0.9991035
10.28005	-371.3625	1.8	-250.0431	0	0.04123745	0	-0.9991494
10.30005	-371.4738	1.8	-249.8539	0	0.04014089	0	-0.999194
10.32005	-371.5847	1.8	-249.6644	0	0.03794797	0	-0.9992797
10.34005	-371.6943	1.8	-249.4743	0	0.03685269	0	-0.9993207
10.36005	-371.804	1.8	-249.284	0	0.035758	0	-0.9993605
10.38005	-371.9131	1.8	-249.0935	0	0.03466442	0	-0.999399
10.40005	-372.0219	1.8	-248.9028	0	0.03247855	0	-0.9994724
10.42005	-372.1295	1.8	-248.7115	0	0.03138568	0	-0.9995074
10.44005	-372.237	1.8	-248.5201	0	0.03029276	0	-0.9995411
10.46005	-372.3441	1.8	-248.3284	0	0.02919964	0	-0.9995736
10.48005	-372.4508	1.8	-248.1365	0	0.02810623	0	-0.999605
10.50005	-372.5571	1.8	-247.9444	0	0.02591974	0	-0.999664
10.52005	-372.6621	1.8	-247.7517	0	0.02482647	0	-0.9996918
10.54005	-372.7672	1.8	-247.5589	0	0.02373276	0	-0.9997184
#Walking Trial Way Points#
#TimeStamp#	#WayPonitX#	#WayPonitY#	#WayPonitZ#	#OrientationX#	#OrientationY#	#OrientationZ#	#OrientationW#	
0	-369.3894	1.8	-309.0687	0	0	0	0
4.879996	-347.9303	1.8	-275.3121	0	0	0	0
10.56005	-373.4034	1.8	-244.4719	0	0	0	0
