#Walking Trial Path#
#TimeStamp#	#Collision Event#	#Mode Switch Event#	#Reset Event#	#Waypoint Event#	#PositionX#	#PositionY#	#PositionZ#	#OrientationX#	#OrientationY#	#OrientationZ#	#OrientationW#	#HeadOrientationX#	#HeadOrientationY#	#HeadOrientationZ#	#WayPointX#	#WayPointY#	#WayPointZ#	
16.70019	COLLISION_NONE	CORRECT_SWITCH	NOT_RESET	TRIGGER_WAYPOINT	-253.6454	1.8	-269.9176	0	0	0	1	-0.01080322	0.147583	-0.0274902	-240.303	1.8	-260.7295	
16.72019	COLLISION_NONE	NOT_SWITCH	NOT_RESET	NOT_WAYPOINT	-253.6229	1.8	-269.7316	0	0	0	1	-0.01196671	0.1394043	-0.04134756	-240.303	1.8	-260.7295	
16.74019	COLLISION_NONE	NOT_SWITCH	NOT_RESET	NOT_WAYPOINT	-253.6896	1.8	-269.6266	0	0	0	1	0.01478577	0.1264343	-0.01385027	-240.303	1.8	-260.7295	
16.76019	COLLISION_NONE	NOT_SWITCH	NOT_RESET	NOT_WAYPOINT	-253.9323	1.8	-269.6783	0	0	0	1	0.002502441	0.119812	-0.02649853	-240.303	1.8	-260.7295	
16.78019	COLLISION_NONE	NOT_SWITCH	NOT_RESET	NOT_WAYPOINT	-254.2632	1.8	-269.8082	0	0	0	1	0.006919861	0.1020203	-0.0327622	-240.303	1.8	-260.7295	
16.80019	COLLISION_NONE	NOT_SWITCH	NOT_RESET	NOT_WAYPOINT	-254.6822	1.8	-270.0161	0	0	0	1	-0.005027771	0.1025391	-0.02823713	-240.303	1.8	-260.7295	
16.82019	COLLISION_NONE	NOT_SWITCH	NOT_RESET	NOT_WAYPOINT	-255.1893	1.8	-270.3019	0	0	0	1	-0.02342987	0.1121521	-0.03116933	-240.303	1.8	-260.7295	
16.84019	COLLISION_NONE	NOT_SWITCH	NOT_RESET	NOT_WAYPOINT	-255.7843	1.8	-270.666	0	0	0	1	0.008350372	0.10495	-0.05046396	-240.303	1.8	-260.7295	
16.8602	COLLISION_NONE	NOT_SWITCH	NOT_RESET	NOT_WAYPOINT	-256.5548	1.8	-271.1865	0	0	0	1	0.01413727	0.09448242	-0.06187721	-240.303	1.8	-260.7295	
16.8802	COLLISION_NONE	NOT_SWITCH	NOT_RESET	NOT_WAYPOINT	-257.413	1.8	-271.7856	0	0	0	1	0.01609421	0.09100342	-0.05566758	-240.303	1.8	-260.7295	
16.9002	COLLISION_NONE	NOT_SWITCH	NOT_RESET	NOT_WAYPOINT	-258.3582	1.8	-272.4638	0	0	0	1	0.03123856	0.08602905	-0.05090111	-240.303	1.8	-260.7295	
16.9202	COLLISION_NONE	NOT_SWITCH	NOT_RESET	NOT_WAYPOINT	-259.3898	1.8	-273.2218	0	0	0	1	0.02676392	0.07821655	-0.06438492	-240.303	1.8	-260.7295	
16.9402	COLLISION_NONE	NOT_SWITCH	NOT_RESET	NOT_WAYPOINT	-260.4994	1.8	-274.0553	0	0	0	1	0.04660034	0.04116821	-0.06706581	-240.303	1.8	-260.7295	
16.9602	COLLISION_NONE	NOT_SWITCH	NOT_RESET	NOT_WAYPOINT	-261.5731	1.8	-274.862	0	0	0	1	0.04660034	0.04116821	-0.06706581	-240.303	1.8	-260.7295	
16.9802	COLLISION_NONE	NOT_SWITCH	NOT_RESET	NOT_WAYPOINT	-262.6397	1.8	-275.6633	0	0	0	1	0.02894592	0.08236694	-0.07431407	-240.303	1.8	-260.7295	
17.0002	COLLISION_NONE	NOT_SWITCH	NOT_RESET	NOT_WAYPOINT	-263.6884	1.8	-276.4512	0	0	0	1	0.04461288	0.08840942	-0.07314967	-240.303	1.8	-260.7295	
17.0202	COLLISION_NONE	NOT_SWITCH	NOT_RESET	NOT_WAYPOINT	-264.7192	1.8	-277.2256	0	0	0	1	0.03755188	0.08660889	-0.06590177	-240.303	1.8	-260.7295	
17.0402	COLLISION_NONE	NOT_SWITCH	NOT_RESET	NOT_WAYPOINT	-265.7321	1.8	-277.9866	0	0	0	1	0.04277802	0.09564209	-0.04462259	-240.303	1.8	-260.7295	
17.0602	COLLISION_NONE	NOT_SWITCH	NOT_RESET	NOT_WAYPOINT	-266.7092	1.8	-278.7206	0	0	0	1	0.04689789	0.1092224	-0.03283489	-240.303	1.8	-260.7295	
17.0802	COLLISION_NONE	NOT_SWITCH	NOT_RESET	NOT_WAYPOINT	-267.6731	1.8	-279.4448	0	0	0	1	0.03507996	0.1180725	-0.03652772	-240.303	1.8	-260.7295	
17.1002	COLLISION_NONE	NOT_SWITCH	NOT_RESET	NOT_WAYPOINT	-268.6191	1.8	-280.1555	0	0	0	1	0.03588104	0.1277771	-0.02588177	-240.303	1.8	-260.7295	
17.1202	COLLISION_NONE	NOT_SWITCH	NOT_RESET	NOT_WAYPOINT	-269.5471	1.8	-280.8527	0	0	0	1	0.03217316	0.1211853	-0.0315668	-240.303	1.8	-260.7295	
17.1402	COLLISION_NONE	NOT_SWITCH	NOT_RESET	NOT_WAYPOINT	-270.4394	1.8	-281.523	0	0	0	1	0.03289032	0.1139221	-0.02664053	-240.303	1.8	-260.7295	
17.1602	COLLISION_NONE	NOT_SWITCH	NOT_RESET	NOT_WAYPOINT	-271.3287	1.8	-282.1911	0	0	0	1	0.02070618	0.1242981	-0.03350279	-240.303	1.8	-260.7295	
17.1802	COLLISION_NONE	NOT_SWITCH	NOT_RESET	NOT_WAYPOINT	-272.2002	1.8	-282.8458	0	0	0	1	0.01710129	0.1560364	-0.01511815	-240.303	1.8	-260.7295	
17.2002	COLLISION_NONE	NOT_SWITCH	NOT_RESET	NOT_WAYPOINT	-273.0543	1.8	-283.4875	0	0	0	1	0.01628494	0.1420898	-0.02724433	-240.303	1.8	-260.7295	
17.2202	COLLISION_NONE	NOT_SWITCH	NOT_RESET	NOT_WAYPOINT	-273.8913	1.8	-284.1163	0	0	0	1	0.04390717	0.1903687	0.00600177	-240.303	1.8	-260.7295	
17.2402	COLLISION_NONE	NOT_SWITCH	NOT_RESET	NOT_WAYPOINT	-274.6948	1.8	-284.7199	0	0	0	1	0.04508972	0.2118225	-0.009104848	-240.303	1.8	-260.7295	
17.2602	COLLISION_NONE	NOT_SWITCH	NOT_RESET	NOT_WAYPOINT	-275.499	1.8	-285.3241	0	0	0	1	0.04953766	0.219635	0.004401803	-240.303	1.8	-260.7295	
17.2802	COLLISION_NONE	NOT_SWITCH	NOT_RESET	NOT_WAYPOINT	-276.2871	1.8	-285.9162	0	0	0	1	0.02400208	0.2402954	0.02406672	-240.303	1.8	-260.7295	
17.30021	COLLISION_NONE	NOT_SWITCH	NOT_RESET	NOT_WAYPOINT	-277.0594	1.8	-286.4964	0	0	0	1	0.004009247	0.2172546	0.02873701	-240.303	1.8	-260.7295	
17.32021	COLLISION_NONE	NOT_SWITCH	NOT_RESET	NOT_WAYPOINT	-277.8163	1.8	-287.065	0	0	0	1	0.000377655	0.2579956	0.01664996	-240.303	1.8	-260.7295	
17.34021	COLLISION_NONE	NOT_SWITCH	NOT_RESET	NOT_WAYPOINT	-278.543	1.8	-287.6109	0	0	0	1	0.008892059	0.2495422	0.02073234	-240.303	1.8	-260.7295	
17.36021	COLLISION_NONE	NOT_SWITCH	NOT_RESET	NOT_WAYPOINT	-279.2702	1.8	-288.1573	0	0	0	1	0.01256943	0.2476501	0.023568	-240.303	1.8	-260.7295	
17.38021	COLLISION_NONE	NOT_SWITCH	NOT_RESET	NOT_WAYPOINT	-279.9829	1.8	-288.6927	0	0	0	1	0.0159874	0.2769775	0.03328565	-240.303	1.8	-260.7295	
17.40021	COLLISION_NONE	NOT_SWITCH	NOT_RESET	NOT_WAYPOINT	-280.6813	1.8	-289.2174	0	0	0	1	0.02231598	0.2733459	0.01683417	-240.303	1.8	-260.7295	
17.42021	COLLISION_NONE	NOT_SWITCH	NOT_RESET	NOT_WAYPOINT	-281.3658	1.8	-289.7316	0	0	0	1	0.0363121	0.2596741	0.04106206	-240.303	1.8	-260.7295	
17.44021	COLLISION_NONE	NOT_SWITCH	NOT_RESET	NOT_WAYPOINT	-282.0228	1.8	-290.2253	0	0	0	1	0.02268219	0.2670593	0.05188689	-240.303	1.8	-260.7295	
17.46021	COLLISION_NONE	NOT_SWITCH	NOT_RESET	NOT_WAYPOINT	-282.6805	1.8	-290.7193	0	0	0	1	0.05449295	0.2599182	0.03265244	-240.303	1.8	-260.7295	
17.48021	COLLISION_NONE	NOT_SWITCH	NOT_RESET	NOT_WAYPOINT	-283.3249	1.8	-291.2035	0	0	0	1	0.07084656	0.2634888	0.006865799	-240.303	1.8	-260.7295	
17.50021	COLLISION_NONE	NOT_SWITCH	NOT_RESET	NOT_WAYPOINT	-283.9565	1.8	-291.6779	0	0	0	1	0.05558395	0.2601318	0.01032826	-240.303	1.8	-260.7295	
17.52021	COLLISION_NONE	NOT_SWITCH	NOT_RESET	NOT_WAYPOINT	-284.5755	1.8	-292.1429	0	0	0	1	0.09275436	0.2745972	0.00560534	-240.303	1.8	-260.7295	
17.54021	COLLISION_NONE	NOT_SWITCH	NOT_RESET	NOT_WAYPOINT	-285.1697	1.8	-292.5894	0	0	0	1	0.09499359	0.3086548	0.01691526	-240.303	1.8	-260.7295	
17.56021	COLLISION_NONE	NOT_SWITCH	NOT_RESET	NOT_WAYPOINT	-285.7644	1.8	-293.0361	0	0	0	1	0.09614182	0.2912292	0.01105967	-240.303	1.8	-260.7295	
17.58021	COLLISION_NONE	NOT_SWITCH	NOT_RESET	NOT_WAYPOINT	-286.3472	1.8	-293.474	0	0	0	1	0.08127975	0.2991028	0.02198926	-240.303	1.8	-260.7295	
17.60021	COLLISION_NONE	NOT_SWITCH	NOT_RESET	NOT_WAYPOINT	-286.9183	1.8	-293.903	0	0	0	1	0.08388519	0.3054504	0.05002388	-240.303	1.8	-260.7295	
17.62021	COLLISION_NONE	NOT_SWITCH	NOT_RESET	NOT_WAYPOINT	-287.478	1.8	-294.3235	0	0	0	1	0.08492279	0.2881775	0.05522099	-240.303	1.8	-260.7295	
17.64021	COLLISION_NONE	NOT_SWITCH	NOT_RESET	NOT_WAYPOINT	-288.0154	1.8	-294.7272	0	0	0	1	0.08492279	0.2881775	0.05522099	-240.303	1.8	-260.7295	
17.66021	COLLISION_NONE	NOT_SWITCH	NOT_RESET	NOT_WAYPOINT	-288.5531	1.8	-295.1313	0	0	0	1	0.08647537	0.27771	0.0553965	-240.303	1.8	-260.7295	
17.68021	COLLISION_NONE	NOT_SWITCH	NOT_RESET	NOT_WAYPOINT	-289.0801	1.8	-295.5272	0	0	0	1	0.08827972	0.2748718	0.03941336	-240.303	1.8	-260.7295	
17.70021	COLLISION_NONE	NOT_SWITCH	NOT_RESET	NOT_WAYPOINT	-289.5966	1.8	-295.9152	0	0	0	1	0.09191513	0.2687683	0.04080406	-240.303	1.8	-260.7295	
17.72021	COLLISION_NONE	NOT_SWITCH	NOT_RESET	NOT_WAYPOINT	-290.1028	1.8	-296.2954	0	0	0	1	0.09491348	0.2826538	0.04159576	-240.303	1.8	-260.7295	
17.74022	COLLISION_NONE	NOT_SWITCH	NOT_RESET	NOT_WAYPOINT	-290.5887	1.8	-296.6605	0	0	0	1	0.08084869	0.2788086	0.04488054	-240.303	1.8	-260.7295	
17.76022	COLLISION_NONE	NOT_SWITCH	NOT_RESET	NOT_WAYPOINT	-291.075	1.8	-297.0258	0	0	0	1	0.08082962	0.2745972	0.04343265	-240.303	1.8	-260.7295	
17.78022	COLLISION_NONE	NOT_SWITCH	NOT_RESET	NOT_WAYPOINT	-291.5515	1.8	-297.3839	0	0	0	1	0.08160782	0.2842712	0.05413118	-240.303	1.8	-260.7295	
17.80022	COLLISION_NONE	NOT_SWITCH	NOT_RESET	NOT_WAYPOINT	-292.0186	1.8	-297.7348	0	0	0	1	0.06122208	0.2798462	0.07245103	-240.303	1.8	-260.7295	
17.82022	COLLISION_NONE	NOT_SWITCH	NOT_RESET	NOT_WAYPOINT	-292.4669	1.8	-298.0716	0	0	0	1	0.06713867	0.2602539	0.08035123	-240.303	1.8	-260.7295	
17.84022	COLLISION_NONE	NOT_SWITCH	NOT_RESET	NOT_WAYPOINT	-292.9157	1.8	-298.4088	0	0	0	1	0.0919838	0.2767029	0.0769555	-240.303	1.8	-260.7295	
17.86022	COLLISION_NONE	NOT_SWITCH	NOT_RESET	NOT_WAYPOINT	-293.3554	1.8	-298.7391	0	0	0	1	0.09606171	0.260437	0.06754225	-240.303	1.8	-260.7295	
17.88022	COLLISION_NONE	NOT_SWITCH	NOT_RESET	NOT_WAYPOINT	-293.7864	1.8	-299.0629	0	0	0	1	0.1103859	0.2414856	0.06021625	-240.303	1.8	-260.7295	
17.90022	COLLISION_NONE	NOT_SWITCH	NOT_RESET	NOT_WAYPOINT	-294.2088	1.8	-299.3802	0	0	0	1	0.1082726	0.2585449	0.07731405	-240.303	1.8	-260.7295	
17.92022	COLLISION_NONE	NOT_SWITCH	NOT_RESET	NOT_WAYPOINT	-294.6142	1.8	-299.6848	0	0	0	1	0.1115646	0.2539063	0.07549733	-240.303	1.8	-260.7295	
17.94022	COLLISION_NONE	NOT_SWITCH	NOT_RESET	NOT_WAYPOINT	-295.02	1.8	-299.9897	0	0	0	1	0.1104622	0.2584534	0.06594917	-240.303	1.8	-260.7295	
17.96022	COLLISION_NONE	NOT_SWITCH	NOT_RESET	NOT_WAYPOINT	-295.4177	1.8	-300.2884	0	0	0	1	0.1079483	0.2685547	0.0770168	-240.303	1.8	-260.7295	
17.98022	COLLISION_NONE	NOT_SWITCH	NOT_RESET	NOT_WAYPOINT	-295.8074	1.8	-300.5812	0	0	0	1	0.1208534	0.2641602	0.05983898	-240.303	1.8	-260.7295	
18.00022	COLLISION_NONE	NOT_SWITCH	NOT_RESET	NOT_WAYPOINT	-296.1894	1.8	-300.8681	0	0	0	1	0.1294975	0.2944641	0.04359621	-240.303	1.8	-260.7295	
18.02022	COLLISION_NONE	NOT_SWITCH	NOT_RESET	NOT_WAYPOINT	-296.556	1.8	-301.1436	0	0	0	1	0.1290779	0.2789917	0.03463107	-240.303	1.8	-260.7295	
18.04022	COLLISION_NONE	NOT_SWITCH	NOT_RESET	NOT_WAYPOINT	-296.923	1.8	-301.4193	0	0	0	1	0.1271362	0.2867126	0.02983409	-240.303	1.8	-260.7295	
18.06022	COLLISION_NONE	NOT_SWITCH	NOT_RESET	NOT_WAYPOINT	-297.2826	1.8	-301.6895	0	0	0	1	0.1361542	0.306427	0.04721785	-240.303	1.8	-260.7295	
18.08022	COLLISION_NONE	NOT_SWITCH	NOT_RESET	NOT_WAYPOINT	-297.635	1.8	-301.9542	0	0	0	1	0.1357231	0.2909851	0.03827184	-240.303	1.8	-260.7295	
18.10022	COLLISION_NONE	NOT_SWITCH	NOT_RESET	NOT_WAYPOINT	-297.9804	1.8	-302.2137	0	0	0	1	0.1454391	0.3076782	0.06197593	-240.303	1.8	-260.7295	
18.12022	COLLISION_NONE	NOT_SWITCH	NOT_RESET	NOT_WAYPOINT	-298.312	1.8	-302.4628	0	0	0	1	0.1269226	0.3174133	0.0701198	-240.303	1.8	-260.7295	
18.14022	COLLISION_NONE	NOT_SWITCH	NOT_RESET	NOT_WAYPOINT	-298.6438	1.8	-302.7121	0	0	0	1	0.1264992	0.3019714	0.06117535	-240.303	1.8	-260.7295	
18.16022	COLLISION_NONE	NOT_SWITCH	NOT_RESET	NOT_WAYPOINT	-298.969	1.8	-302.9564	0	0	0	1	0.1139297	0.3005676	0.08006054	-240.303	1.8	-260.7295	
18.18023	COLLISION_NONE	NOT_SWITCH	NOT_RESET	NOT_WAYPOINT	-299.2877	1.8	-303.1958	0	0	0	1	0.1027985	0.2978821	0.07980186	-240.303	1.8	-260.7295	
18.20023	COLLISION_NONE	NOT_SWITCH	NOT_RESET	NOT_WAYPOINT	-299.6	1.8	-303.4305	0	0	0	1	0.11026	0.307251	0.04540595	-240.303	1.8	-260.7295	
18.22023	COLLISION_NONE	NOT_SWITCH	NOT_RESET	NOT_WAYPOINT	-299.8999	1.8	-303.6557	0	0	0	1	0.1132774	0.3254089	0.04766378	-240.303	1.8	-260.7295	
18.24023	COLLISION_NONE	NOT_SWITCH	NOT_RESET	NOT_WAYPOINT	-300.2	1.8	-303.8812	0	0	0	1	0.1006737	0.320282	0.03179935	-240.303	1.8	-260.7295	
18.26023	COLLISION_NONE	NOT_SWITCH	NOT_RESET	NOT_WAYPOINT	-300.494	1.8	-304.1021	0	0	0	1	0.07393646	0.3199768	0.03321868	-240.303	1.8	-260.7295	
18.28023	COLLISION_NONE	NOT_SWITCH	NOT_RESET	NOT_WAYPOINT	-300.7822	1.8	-304.3186	0	0	0	1	0.07881165	0.3176575	0.03593379	-240.303	1.8	-260.7295	
18.30023	COLLISION_NONE	NOT_SWITCH	NOT_RESET	NOT_WAYPOINT	-301.0589	1.8	-304.5265	0	0	0	1	0.09283829	0.3172302	0.03117353	-240.303	1.8	-260.7295	
18.32023	COLLISION_NONE	NOT_SWITCH	NOT_RESET	NOT_WAYPOINT	-301.3358	1.8	-304.7345	0	0	0	1	0.09691238	0.3265686	0.04153091	-240.303	1.8	-260.7295	
18.34023	COLLISION_NONE	NOT_SWITCH	NOT_RESET	NOT_WAYPOINT	-301.6072	1.8	-304.9384	0	0	0	1	0.07958984	0.3577881	0.03453627	-240.303	1.8	-260.7295	
18.36023	COLLISION_NONE	NOT_SWITCH	NOT_RESET	NOT_WAYPOINT	-301.8731	1.8	-305.1382	0	0	0	1	0.08402634	0.3399658	0.02828309	-240.303	1.8	-260.7295	
18.38023	COLLISION_NONE	NOT_SWITCH	NOT_RESET	NOT_WAYPOINT	-302.1337	1.8	-305.334	0	0	0	1	0.08884811	0.3553162	0.01453635	-240.303	1.8	-260.7295	
18.40023	COLLISION_NONE	NOT_SWITCH	NOT_RESET	NOT_WAYPOINT	-302.3839	1.8	-305.5219	0	0	0	1	0.07435608	0.3359985	0.008851737	-240.303	1.8	-260.7295	
18.42023	COLLISION_NONE	NOT_SWITCH	NOT_RESET	NOT_WAYPOINT	-302.6343	1.8	-305.7101	0	0	0	1	0.07701111	0.3556824	0.007969797	-240.303	1.8	-260.7295	
18.44023	COLLISION_NONE	NOT_SWITCH	NOT_RESET	NOT_WAYPOINT	-302.8797	1.8	-305.8944	0	0	0	1	0.07888794	0.3656311	-0.003670007	-240.303	1.8	-260.7295	
18.46023	COLLISION_NONE	NOT_SWITCH	NOT_RESET	NOT_WAYPOINT	-303.1202	1.8	-306.0751	0	0	0	1	0.08045959	0.3636475	-0.0006588995	-240.303	1.8	-260.7295	
18.48023	COLLISION_NONE	NOT_SWITCH	NOT_RESET	NOT_WAYPOINT	-303.3559	1.8	-306.2521	0	0	0	1	0.09447098	0.354187	0.02504793	-240.303	1.8	-260.7295	
18.50023	COLLISION_NONE	NOT_SWITCH	NOT_RESET	NOT_WAYPOINT	-303.5821	1.8	-306.4221	0	0	0	1	0.09703445	0.356842	0.0183019	-240.303	1.8	-260.7295	
18.52023	COLLISION_NONE	NOT_SWITCH	NOT_RESET	NOT_WAYPOINT	-303.8086	1.8	-306.5922	0	0	0	1	0.0959816	0.3656616	0.01023915	-240.303	1.8	-260.7295	
18.54023	COLLISION_NONE	NOT_SWITCH	NOT_RESET	NOT_WAYPOINT	-304.0305	1.8	-306.7589	0	0	0	1	0.09793854	0.3926086	0.004378825	-240.303	1.8	-260.7295	
18.56023	COLLISION_NONE	NOT_SWITCH	NOT_RESET	NOT_WAYPOINT	-304.248	1.8	-306.9223	0	0	0	1	0.09976196	0.3898315	-0.01156092	-240.303	1.8	-260.7295	
18.58023	COLLISION_NONE	NOT_SWITCH	NOT_RESET	NOT_WAYPOINT	-304.4611	1.8	-307.0825	0	0	0	1	0.08507156	0.4060364	-0.008861482	-240.303	1.8	-260.7295	
18.60023	COLLISION_NONE	NOT_SWITCH	NOT_RESET	NOT_WAYPOINT	-304.6657	1.8	-307.2362	0	0	0	1	0.08576202	0.3987427	-0.003931195	-240.303	1.8	-260.7295	
18.62024	COLLISION_NONE	NOT_SWITCH	NOT_RESET	NOT_WAYPOINT	-304.8705	1.8	-307.39	0	0	0	1	0.088974	0.3813477	-0.01009169	-240.303	1.8	-260.7295	
18.64024	COLLISION_NONE	NOT_SWITCH	NOT_RESET	NOT_WAYPOINT	-305.0711	1.8	-307.5408	0	0	0	1	0.08906555	0.3983459	-0.004311413	-240.303	1.8	-260.7295	
18.66024	COLLISION_NONE	NOT_SWITCH	NOT_RESET	NOT_WAYPOINT	-305.2678	1.8	-307.6885	0	0	0	1	0.0776825	0.4184265	-0.0005067885	-240.303	1.8	-260.7295	
18.68024	COLLISION_NONE	NOT_SWITCH	NOT_RESET	NOT_WAYPOINT	-305.4605	1.8	-307.8333	0	0	0	1	0.04418945	0.3848572	-0.009923935	-240.303	1.8	-260.7295	
18.70024	COLLISION_NONE	NOT_SWITCH	NOT_RESET	NOT_WAYPOINT	-305.6455	1.8	-307.9723	0	0	0	1	0.04416656	0.3805847	-0.01137799	-240.303	1.8	-260.7295	
18.72024	COLLISION_NONE	NOT_SWITCH	NOT_RESET	NOT_WAYPOINT	-305.8307	1.8	-308.1114	0	0	0	1	0.04745865	0.3802185	-0.01173738	-240.303	1.8	-260.7295	
18.74024	COLLISION_NONE	NOT_SWITCH	NOT_RESET	NOT_WAYPOINT	-306.0122	1.8	-308.2477	0	0	0	1	0.04904556	0.3782654	-0.008667856	-240.303	1.8	-260.7295	
18.76024	COLLISION_NONE	NOT_SWITCH	NOT_RESET	NOT_WAYPOINT	-306.19	1.8	-308.3813	0	0	0	1	0.05570984	0.3945313	-0.003604889	-240.303	1.8	-260.7295	
18.78024	COLLISION_NONE	NOT_SWITCH	NOT_RESET	NOT_WAYPOINT	-306.3643	1.8	-308.5122	0	0	0	1	0.07159805	0.3736572	-0.007858545	-240.303	1.8	-260.7295	
18.80024	COLLISION_NONE	NOT_SWITCH	NOT_RESET	NOT_WAYPOINT	-306.5316	1.8	-308.6379	0	0	0	1	0.07114029	0.3539124	-0.01828611	-240.303	1.8	-260.7295	
18.82024	COLLISION_NONE	NOT_SWITCH	NOT_RESET	NOT_WAYPOINT	-306.699	1.8	-308.7637	0	0	0	1	0.0727005	0.3733215	0.003109217	-240.303	1.8	-260.7295	
18.84024	COLLISION_NONE	NOT_SWITCH	NOT_RESET	NOT_WAYPOINT	-306.8631	1.8	-308.887	0	0	0	1	0.07261276	0.3563232	-0.002706528	-240.303	1.8	-260.7295	
18.86024	COLLISION_NONE	NOT_SWITCH	NOT_RESET	NOT_WAYPOINT	-307.024	1.8	-309.0078	0	0	0	1	0.0727005	0.3733215	0.003109217	-240.303	1.8	-260.7295	
18.88024	COLLISION_NONE	NOT_SWITCH	NOT_RESET	NOT_WAYPOINT	-307.1815	1.8	-309.1263	0	0	0	1	0.06635666	0.3769531	0.01954201	-240.303	1.8	-260.7295	
18.90024	COLLISION_NONE	NOT_SWITCH	NOT_RESET	NOT_WAYPOINT	-307.3329	1.8	-309.2399	0	0	0	1	0.07043839	0.386261	0.02987841	-240.303	1.8	-260.7295	
18.92024	COLLISION_NONE	NOT_SWITCH	NOT_RESET	NOT_WAYPOINT	-307.4843	1.8	-309.3537	0	0	0	1	0.07056808	0.4160156	0.0400033	-240.303	1.8	-260.7295	
18.94024	COLLISION_NONE	NOT_SWITCH	NOT_RESET	NOT_WAYPOINT	-307.6327	1.8	-309.4652	0	0	0	1	0.07378006	0.3986511	0.03387016	-240.303	1.8	-260.7295	
18.96024	COLLISION_NONE	NOT_SWITCH	NOT_RESET	NOT_WAYPOINT	-307.7781	1.8	-309.5744	0	0	0	1	0.0708313	0.39328	0.03595403	-240.303	1.8	-260.7295	
18.98024	COLLISION_NONE	NOT_SWITCH	NOT_RESET	NOT_WAYPOINT	-307.9206	1.8	-309.6815	0	0	0	1	0.08647537	0.3993835	0.03717914	-240.303	1.8	-260.7295	
19.00024	COLLISION_NONE	NOT_SWITCH	NOT_RESET	NOT_WAYPOINT	-308.0574	1.8	-309.7843	0	0	0	1	0.09088898	0.4029541	0.04924566	-240.303	1.8	-260.7295	
19.02024	COLLISION_NONE	NOT_SWITCH	NOT_RESET	NOT_WAYPOINT	-308.1944	1.8	-309.8871	0	0	0	1	0.07975769	0.4002686	0.04896793	-240.303	1.8	-260.7295	
19.04025	COLLISION_NONE	NOT_SWITCH	NOT_RESET	NOT_WAYPOINT	-308.3286	1.8	-309.988	0	0	0	1	0.07975769	0.4002686	0.04896793	-240.303	1.8	-260.7295	
19.06025	COLLISION_NONE	NOT_SWITCH	NOT_RESET	NOT_WAYPOINT	-308.4601	1.8	-310.0868	0	0	0	1	0.08217239	0.4432373	0.01878113	-240.303	1.8	-260.7295	
19.08025	COLLISION_NONE	NOT_SWITCH	NOT_RESET	NOT_WAYPOINT	-308.5863	1.8	-310.1816	0	0	0	1	0.07182312	0.4502563	0.02923372	-240.303	1.8	-260.7295	
19.10025	COLLISION_NONE	NOT_SWITCH	NOT_RESET	NOT_WAYPOINT	-308.7126	1.8	-310.2766	0	0	0	1	0.07481384	0.4641418	0.03001627	-240.303	1.8	-260.7295	
19.12025	COLLISION_NONE	NOT_SWITCH	NOT_RESET	NOT_WAYPOINT	-308.8365	1.8	-310.3696	0	0	0	1	0.08991241	0.4549255	0.03338104	-240.303	1.8	-260.7295	
19.14025	COLLISION_NONE	NOT_SWITCH	NOT_RESET	NOT_WAYPOINT	-308.9578	1.8	-310.4607	0	0	0	1	0.0929184	0.4730835	0.03562564	-240.303	1.8	-260.7295	
19.16025	COLLISION_NONE	NOT_SWITCH	NOT_RESET	NOT_WAYPOINT	-309.0768	1.8	-310.5501	0	0	0	1	0.09925461	0.4774475	0.05538341	-240.303	1.8	-260.7295	
19.18025	COLLISION_NONE	NOT_SWITCH	NOT_RESET	NOT_WAYPOINT	-309.1909	1.8	-310.6359	0	0	0	1	0.1004143	0.4941406	0.07218859	-240.303	1.8	-260.7295	
19.20025	COLLISION_NONE	NOT_SWITCH	NOT_RESET	NOT_WAYPOINT	-309.3052	1.8	-310.7217	0	0	0	1	0.1136703	0.4797668	0.05529326	-240.303	1.8	-260.7295	
19.22025	COLLISION_NONE	NOT_SWITCH	NOT_RESET	NOT_WAYPOINT	-309.4171	1.8	-310.8058	0	0	0	1	0.114872	0.4970398	0.03878114	-240.303	1.8	-260.7295	
19.24025	COLLISION_NONE	NOT_SWITCH	NOT_RESET	NOT_WAYPOINT	-309.5269	1.8	-310.8883	0	0	0	1	0.1282806	0.4868164	0.01226383	-240.303	1.8	-260.7295	
19.26025	COLLISION_NONE	NOT_SWITCH	NOT_RESET	NOT_WAYPOINT	-309.6344	1.8	-310.9691	0	0	0	1	0.1157875	0.4986877	0.002185285	-240.303	1.8	-260.7295	
19.28025	COLLISION_NONE	NOT_SWITCH	NOT_RESET	NOT_WAYPOINT	-309.7377	1.8	-311.0466	0	0	0	1	0.1164551	0.4871521	0.005640715	-240.303	1.8	-260.7295	
19.30025	COLLISION_NONE	NOT_SWITCH	NOT_RESET	NOT_WAYPOINT	-309.841	1.8	-311.1243	0	0	0	1	0.1161919	0.5099182	0.00968048	-240.303	1.8	-260.7295	
19.32025	COLLISION_NONE	NOT_SWITCH	NOT_RESET	NOT_WAYPOINT	-309.9423	1.8	-311.2003	0	0	0	1	0.1308556	0.4852295	0.004090637	-240.303	1.8	-260.7295	
19.34025	COLLISION_NONE	NOT_SWITCH	NOT_RESET	NOT_WAYPOINT	-310.0415	1.8	-311.2749	0	0	0	1	0.1278877	0.4798279	0.006199628	-240.303	1.8	-260.7295	
19.36025	COLLISION_NONE	NOT_SWITCH	NOT_RESET	NOT_WAYPOINT	-310.1388	1.8	-311.348	0	0	0	1	0.1163864	0.4823303	0.03749278	-240.303	1.8	-260.7295	
19.38025	COLLISION_NONE	NOT_SWITCH	NOT_RESET	NOT_WAYPOINT	-310.2321	1.8	-311.4181	0	0	0	1	0.1311264	0.4746399	0.03769442	-240.303	1.8	-260.7295	
19.40025	COLLISION_NONE	NOT_SWITCH	NOT_RESET	NOT_WAYPOINT	-310.3256	1.8	-311.4883	0	0	0	1	0.1275444	0.4935303	0.04065159	-240.303	1.8	-260.7295	
19.42025	COLLISION_NONE	NOT_SWITCH	NOT_RESET	NOT_WAYPOINT	-310.4171	1.8	-311.5571	0	0	0	1	0.1293488	0.4822388	0.0217911	-240.303	1.8	-260.7295	
19.44025	COLLISION_NONE	NOT_SWITCH	NOT_RESET	NOT_WAYPOINT	-310.5069	1.8	-311.6245	0	0	0	1	0.1140785	0.4788208	0.02517238	-240.303	1.8	-260.7295	
19.46025	COLLISION_NONE	NOT_SWITCH	NOT_RESET	NOT_WAYPOINT	-310.5948	1.8	-311.6906	0	0	0	1	0.1163177	0.4653015	0.03168142	-240.303	1.8	-260.7295	
19.48026	COLLISION_NONE	NOT_SWITCH	NOT_RESET	NOT_WAYPOINT	-310.6793	1.8	-311.754	0	0	0	1	0.1006241	0.4464111	0.02614027	-240.303	1.8	-260.7295	
19.50026	COLLISION_NONE	NOT_SWITCH	NOT_RESET	NOT_WAYPOINT	-310.7638	1.8	-311.8174	0	0	0	1	0.08656311	0.4425659	0.02944282	-240.303	1.8	-260.7295	
19.52026	COLLISION_NONE	NOT_SWITCH	NOT_RESET	NOT_WAYPOINT	-310.8466	1.8	-311.8796	0	0	0	1	0.08921814	0.4622192	0.02848303	-240.303	1.8	-260.7295	
19.54026	COLLISION_NONE	NOT_SWITCH	NOT_RESET	NOT_WAYPOINT	-310.9277	1.8	-311.9406	0	0	0	1	0.07637787	0.4798584	0.01663542	-240.303	1.8	-260.7295	
19.56026	COLLISION_NONE	WAIT_SWITCH	NOT_RESET	NOT_WAYPOINT	-315	1.8	-315	0	0	0	1	0.09143829	0.4664307	0.0186061	-240.303	1.8	-260.7295	
19.58026	COLLISION_NONE	NOT_SWITCH	NOT_RESET	NOT_WAYPOINT	-315.0616	1.8	-315.0463	0	0	0	1	0.0929985	0.4602051	0.0202207	-240.303	1.8	-260.7295	
19.60026	COLLISION_NONE	NOT_SWITCH	NOT_RESET	NOT_WAYPOINT	-315.1053	1.8	-315.0791	0	0	0	1	0.09366989	0.4486694	0.02364981	-240.303	1.8	-260.7295	
19.62026	COLLISION_NONE	NOT_SWITCH	NOT_RESET	NOT_WAYPOINT	-315.1311	1.8	-315.0985	0	0	0	1	0.0921669	0.4676208	0.02637267	-240.303	1.8	-260.7295	
19.64026	COLLISION_NONE	NOT_SWITCH	NOT_RESET	NOT_WAYPOINT	-315.139	1.8	-315.1044	0	0	0	1	0.07802963	0.4425354	0.02244225	-240.303	1.8	-260.7295	
19.66026	COLLISION_NONE	NOT_SWITCH	NOT_RESET	NOT_WAYPOINT	-315.1349	1.8	-315.1014	0	0	0	1	0.06437302	0.4498901	0.03321117	-240.303	1.8	-260.7295	
19.68026	COLLISION_NONE	NOT_SWITCH	NOT_RESET	NOT_WAYPOINT	-315.1349	1.8	-315.1014	0	0	0	1	0.06262589	0.4660034	0.02020359	-240.303	1.8	-260.7295	
19.70026	COLLISION_NONE	NOT_SWITCH	NOT_RESET	NOT_WAYPOINT	-315.1349	1.8	-315.1014	0	0	0	1	0.06787109	0.4883423	0.01259375	-240.303	1.8	-260.7295	
19.72026	COLLISION_NONE	NOT_SWITCH	NOT_RESET	NOT_WAYPOINT	-315.1349	1.8	-315.1014	0	0	0	1	0.0686264	0.4980469	0.02324411	-240.303	1.8	-260.7295	
19.74026	COLLISION_NONE	NOT_SWITCH	NOT_RESET	NOT_WAYPOINT	-315.1349	1.8	-315.1014	0	0	0	1	0.07168579	0.5246887	0.02840027	-240.303	1.8	-260.7295	
19.76026	COLLISION_NONE	NOT_SWITCH	NOT_RESET	NOT_WAYPOINT	-315.1349	1.8	-315.1014	0	0	0	1	0.07202148	0.5189209	0.03013632	-240.303	1.8	-260.7295	
19.78026	COLLISION_NONE	NOT_SWITCH	NOT_RESET	NOT_WAYPOINT	-315.1349	1.8	-315.1014	0	0	0	1	0.05871582	0.5247498	0.04408139	-240.303	1.8	-260.7295	
19.80026	COLLISION_NONE	NOT_SWITCH	NOT_RESET	NOT_WAYPOINT	-315.1349	1.8	-315.1014	0	0	0	1	0.06095505	0.5289612	0.03419539	-240.303	1.8	-260.7295	
19.82026	COLLISION_NONE	NOT_SWITCH	NOT_RESET	NOT_WAYPOINT	-315.1349	1.8	-315.1014	0	0	0	1	0.05241776	0.5289001	0.02720463	-240.303	1.8	-260.7295	
19.84026	COLLISION_NONE	NOT_SWITCH	NOT_RESET	NOT_WAYPOINT	-315.1349	1.8	-315.1014	0	0	0	1	0.03342056	0.5761414	0.007154405	-240.303	1.8	-260.7295	
19.86026	COLLISION_NONE	NOT_SWITCH	NOT_RESET	NOT_WAYPOINT	-315.1349	1.8	-315.1014	0	0	0	1	0.03375244	0.5703735	0.008893788	-240.303	1.8	-260.7295	
19.88026	COLLISION_NONE	NOT_SWITCH	NOT_RESET	NOT_WAYPOINT	-315.1349	1.8	-315.1014	0	0	0	1	0.04613113	0.598877	-0.004480422	-240.303	1.8	-260.7295	
19.90026	COLLISION_NONE	NOT_SWITCH	NOT_RESET	NOT_WAYPOINT	-315.1349	1.8	-315.1014	0	0	0	1	0.05091858	0.5795593	-0.007526964	-240.303	1.8	-260.7295	
19.92027	COLLISION_NONE	NOT_SWITCH	NOT_RESET	NOT_WAYPOINT	-315.1349	1.8	-315.1014	0	0	0	1	0.0524826	0.5910339	-0.0223619	-240.303	1.8	-260.7295	
19.94027	COLLISION_NONE	NOT_SWITCH	NOT_RESET	NOT_WAYPOINT	-315.1349	1.8	-315.1014	0	0	0	1	0.073246	0.6020203	-0.001213253	-240.303	1.8	-260.7295	
19.96027	COLLISION_NONE	NOT_SWITCH	NOT_RESET	NOT_WAYPOINT	-315.1349	1.8	-315.1014	0	0	0	1	0.07575607	0.587677	-0.01369953	-240.303	1.8	-260.7295	
19.98027	COLLISION_NONE	CORRECT_SWITCH	NOT_RESET	NOT_WAYPOINT	-315.1349	1.8	-315.1014	0	-0.0008230748	0	0.9999997	0.07644272	0.5803833	-0.008800656	-240.303	1.8	-260.7295	
20.00027	COLLISION_NONE	NOT_SWITCH	NOT_RESET	NOT_WAYPOINT	-315.1317	1.8	-315.1934	0	-0.002057685	0	0.9999979	0.07857132	0.575531	0.01173991	-240.303	1.8	-260.7295	
20.02027	COLLISION_NONE	NOT_SWITCH	NOT_RESET	NOT_WAYPOINT	-315.1281	1.8	-315.2854	0	-0.003497566	0	0.9999939	0.06772232	0.5542603	0.008835047	-240.303	1.8	-260.7295	
20.04027	COLLISION_NONE	NOT_SWITCH	NOT_RESET	NOT_WAYPOINT	-315.1243	1.8	-315.3769	0	-0.006633891	0	0.999978	0.06811523	0.5612488	0.01492366	-240.303	1.8	-260.7295	
20.06027	COLLISION_NONE	NOT_SWITCH	NOT_RESET	NOT_WAYPOINT	-315.1197	1.8	-315.4683	0	-0.008253512	0	0.999966	0.07255173	0.543457	0.008663476	-240.303	1.8	-260.7295	
20.08027	COLLISION_NONE	NOT_SWITCH	NOT_RESET	NOT_WAYPOINT	-315.1151	1.8	-315.5598	0	-0.009886516	0	0.9999512	0.08328629	0.543457	0.004329532	-240.303	1.8	-260.7295	
20.10027	COLLISION_NONE	NOT_SWITCH	NOT_RESET	NOT_WAYPOINT	-315.0947	1.8	-315.6092	0	-0.01152587	0	0.9999336	0.07478714	0.5476685	-0.001218349	-240.303	1.8	-260.7295	
20.12027	COLLISION_NONE	NOT_SWITCH	NOT_RESET	NOT_WAYPOINT	-315.0406	1.8	-315.5563	0	-0.01316788	0	0.9999133	0.06257629	0.5409851	-0.01392135	-240.303	1.8	-260.7295	
20.14027	COLLISION_NONE	NOT_SWITCH	NOT_RESET	NOT_WAYPOINT	-314.9671	1.8	-315.3873	0	-0.01645319	0	0.9998646	0.04109192	0.5452576	-0.003760397	-240.303	1.8	-260.7295	
20.16027	COLLISION_NONE	NOT_SWITCH	NOT_RESET	NOT_WAYPOINT	-315.0133	1.8	-315.0252	0	-0.01809531	0	0.9998363	0.03005219	0.5595398	0.001752794	-240.303	1.8	-260.7295	
20.18027	COLLISION_NONE	NOT_SWITCH	NOT_RESET	NOT_WAYPOINT	-315.0487	1.8	-314.6825	0	-0.01973614	0	0.9998052	0.007770538	0.5455933	-0.001682788	-240.303	1.8	-260.7295	
20.20027	COLLISION_NONE	NOT_SWITCH	NOT_RESET	NOT_WAYPOINT	-315.0733	1.8	-314.3591	0	-0.02137664	0	0.9997715	0.01626968	0.5371399	0.002435118	-240.303	1.8	-260.7295	
20.22027	COLLISION_NONE	NOT_SWITCH	NOT_RESET	NOT_WAYPOINT	-315.087	1.8	-314.055	0	-0.0230171	0	0.9997351	0.01928329	0.5552673	0.004633933	-240.303	1.8	-260.7295	
20.24027	COLLISION_NONE	NOT_SWITCH	NOT_RESET	NOT_WAYPOINT	-315.098	1.8	-313.7569	0	-0.02629827	0	0.9996542	0.01282501	0.5376282	0.01385549	-240.303	1.8	-260.7295	
20.26027	COLLISION_NONE	NOT_SWITCH	NOT_RESET	NOT_WAYPOINT	-315.1105	1.8	-313.4607	0	-0.02793785	0	0.9996096	0.00611496	0.5427246	0.02709872	-240.303	1.8	-260.7295	
20.28027	COLLISION_NONE	NOT_SWITCH	NOT_RESET	NOT_WAYPOINT	-315.1239	1.8	-313.1635	0	-0.02957722	0	0.9995625	0.01020432	0.5264893	0.01771101	-240.303	1.8	-260.7295	
20.30027	COLLISION_NONE	NOT_SWITCH	NOT_RESET	NOT_WAYPOINT	-315.1382	1.8	-312.8664	0	-0.03121676	0	0.9995127	0.01398087	0.5543213	0.03061602	-240.303	1.8	-260.7295	
20.32027	COLLISION_NONE	NOT_SWITCH	NOT_RESET	NOT_WAYPOINT	-315.1535	1.8	-312.5694	0	-0.03449485	0	0.9994049	0.01062775	0.5419312	0.0266197	-240.303	1.8	-260.7295	
20.34027	COLLISION_NONE	NOT_SWITCH	NOT_RESET	NOT_WAYPOINT	-315.1713	1.8	-312.2729	0	-0.03613505	0	0.9993469	0.04173279	0.541687	0.03593805	-240.303	1.8	-260.7295	
20.36028	COLLISION_NONE	NOT_SWITCH	NOT_RESET	NOT_WAYPOINT	-315.1896	1.8	-311.9758	0	-0.03777466	0	0.9992863	0.01472473	0.5597839	0.03985366	-240.303	1.8	-260.7295	
20.38028	COLLISION_NONE	NOT_SWITCH	NOT_RESET	NOT_WAYPOINT	-315.2088	1.8	-311.679	0	-0.03941424	0	0.999223	0.02360535	0.5583496	0.05007568	-240.303	1.8	-260.7295	
20.40028	COLLISION_NONE	NOT_SWITCH	NOT_RESET	NOT_WAYPOINT	-315.2289	1.8	-311.3823	0	-0.04105408	0	0.999157	0.02804565	0.558197	0.02735648	-240.303	1.8	-260.7295	
20.42028	COLLISION_NONE	NOT_SWITCH	NOT_RESET	NOT_WAYPOINT	-315.2196	1.8	-311.0849	0	-0.04433447	0	0.9990168	0.0362587	0.5682678	0.03404766	-240.303	1.8	-260.7295	
20.44028	COLLISION_NONE	NOT_SWITCH	NOT_RESET	NOT_WAYPOINT	-315.0895	1.8	-310.7777	0	-0.045975	0	0.9989426	0.03952408	0.5636292	0.03222471	-240.303	1.8	-260.7295	
20.46028	COLLISION_NONE	NOT_SWITCH	NOT_RESET	NOT_WAYPOINT	-314.9171	1.8	-310.4649	0	-0.04761556	0	0.9988657	0.04096222	0.5618286	0.04642725	-240.303	1.8	-260.7295	
20.48028	COLLISION_NONE	NOT_SWITCH	NOT_RESET	NOT_WAYPOINT	-314.7039	1.8	-310.1467	0	-0.04925575	0	0.9987862	0.03330231	0.5671082	0.03757262	-240.303	1.8	-260.7295	
20.50028	COLLISION_NONE	NOT_SWITCH	NOT_RESET	NOT_WAYPOINT	-314.4662	1.8	-309.8246	0	-0.05089634	0	0.998704	0.04837799	0.5536804	0.03953272	-240.303	1.8	-260.7295	
20.52028	COLLISION_NONE	NOT_SWITCH	NOT_RESET	NOT_WAYPOINT	-314.2166	1.8	-309.4999	0	-0.05417835	0	0.9985313	0.05443573	0.5643616	0.02424857	-240.303	1.8	-260.7295	
20.54028	COLLISION_NONE	NOT_SWITCH	NOT_RESET	NOT_WAYPOINT	-313.9525	1.8	-309.1703	0	-0.05581968	0	0.9984409	0.05737686	0.5655212	0.02070302	-240.303	1.8	-260.7295	
20.56028	COLLISION_NONE	NOT_SWITCH	NOT_RESET	NOT_WAYPOINT	-313.693	1.8	-308.8419	0	-0.05746054	0	0.9983478	0.04843903	0.5365601	0.02264225	-240.303	1.8	-260.7295	
20.58028	COLLISION_NONE	NOT_SWITCH	NOT_RESET	NOT_WAYPOINT	-313.4355	1.8	-308.5149	0	-0.05910192	0	0.998252	0.06682587	0.5270081	0.02567664	-240.303	1.8	-260.7295	
20.60028	COLLISION_NONE	NOT_SWITCH	NOT_RESET	NOT_WAYPOINT	-313.1805	1.8	-308.1869	0	-0.06074346	0	0.9981534	0.06837845	0.520813	0.02732292	-240.303	1.8	-260.7295	
20.62028	COLLISION_NONE	NOT_SWITCH	NOT_RESET	NOT_WAYPOINT	-312.9275	1.8	-307.857	0	-0.06402852	0	0.9979481	0.08258057	0.5422363	-0.003489345	-240.303	1.8	-260.7295	
20.64028	COLLISION_NONE	NOT_SWITCH	NOT_RESET	NOT_WAYPOINT	-312.6777	1.8	-307.524	0	-0.06567129	0	0.9978414	0.08443069	0.5559082	0.01967147	-240.303	1.8	-260.7295	
20.66028	COLLISION_NONE	NOT_SWITCH	NOT_RESET	NOT_WAYPOINT	-312.4281	1.8	-307.1902	0	-0.06731465	0	0.9977318	0.1017723	0.5374756	0.03101882	-240.303	1.8	-260.7295	
20.68028	COLLISION_NONE	NOT_SWITCH	NOT_RESET	NOT_WAYPOINT	-312.1796	1.8	-306.8558	0	-0.06895887	0	0.9976195	0.1165047	0.5297852	0.031205	-240.303	1.8	-260.7295	
20.70028	COLLISION_NONE	NOT_SWITCH	NOT_RESET	NOT_WAYPOINT	-311.9322	1.8	-306.5207	0	-0.07060343	0	0.9975045	0.1176033	0.5337219	0.04366431	-240.303	1.8	-260.7295	
20.72028	COLLISION_NONE	NOT_SWITCH	NOT_RESET	NOT_WAYPOINT	-311.6859	1.8	-306.1848	0	-0.07389222	0	0.9972662	0.1124725	0.5630798	0.04643348	-240.303	1.8	-260.7295	
20.74028	COLLISION_NONE	NOT_SWITCH	NOT_RESET	NOT_WAYPOINT	-311.4426	1.8	-305.8473	0	-0.07553637	0	0.9971431	0.113636	0.5840149	0.06464475	-240.303	1.8	-260.7295	
20.76028	COLLISION_NONE	NOT_SWITCH	NOT_RESET	NOT_WAYPOINT	-311.1997	1.8	-305.5087	0	-0.07718032	0	0.9970172	0.113575	0.5669861	0.05883259	-240.303	1.8	-260.7295	
20.78028	COLLISION_NONE	NOT_SWITCH	NOT_RESET	NOT_WAYPOINT	-310.9578	1.8	-305.1695	0	-0.07882407	0	0.9968886	0.1143112	0.5724487	0.06808996	-240.303	1.8	-260.7295	
20.80029	COLLISION_NONE	NOT_SWITCH	NOT_RESET	NOT_WAYPOINT	-310.7171	1.8	-304.8296	0	-0.0804681	0	0.9967572	0.1242943	0.5584717	0.05159879	-240.303	1.8	-260.7295	
20.82029	COLLISION_NONE	NOT_SWITCH	NOT_RESET	NOT_WAYPOINT	-310.4775	1.8	-304.4889	0	-0.0837561	0	0.9964863	0.1288033	0.5576782	0.05112842	-240.303	1.8	-260.7295	
20.84029	COLLISION_NONE	NOT_SWITCH	NOT_RESET	NOT_WAYPOINT	-310.241	1.8	-304.1466	0	-0.08540006	0	0.9963468	0.1236458	0.5785522	0.05102777	-240.303	1.8	-260.7295	
20.86029	COLLISION_NONE	NOT_SWITCH	NOT_RESET	NOT_WAYPOINT	-310.0048	1.8	-303.8033	0	-0.08704324	0	0.9962046	0.1120644	0.5475769	0.03744811	-240.303	1.8	-260.7295	
20.88029	COLLISION_NONE	NOT_SWITCH	NOT_RESET	NOT_WAYPOINT	-309.7697	1.8	-303.4594	0	-0.08868607	0	0.9960597	0.1114273	0.567627	0.03688306	-240.303	1.8	-260.7295	
20.90029	COLLISION_NONE	NOT_SWITCH	NOT_RESET	NOT_WAYPOINT	-309.5357	1.8	-303.1147	0	-0.09197063	0	0.9957618	0.1155624	0.5641174	0.03181002	-240.303	1.8	-260.7295	
20.92029	COLLISION_NONE	NOT_SWITCH	NOT_RESET	NOT_WAYPOINT	-309.3359	1.8	-302.7764	0	-0.09361259	0	0.9956087	0.1158829	0.5540771	0.03208226	-240.303	1.8	-260.7295	
20.94029	COLLISION_NONE	NOT_SWITCH	NOT_RESET	NOT_WAYPOINT	-309.1572	1.8	-302.4417	0	-0.09525382	0	0.9954531	0.1050644	0.5711975	0.05328423	-240.303	1.8	-260.7295	
20.96029	COLLISION_NONE	NOT_SWITCH	NOT_RESET	NOT_WAYPOINT	-308.9993	1.8	-302.1118	0	-0.09689438	0	0.9952947	0.09884644	0.5582581	0.019559	-240.303	1.8	-260.7295	
20.98029	COLLISION_NONE	NOT_SWITCH	NOT_RESET	NOT_WAYPOINT	-308.8622	1.8	-301.7868	0	-0.09853416	0	0.9951337	0.09135437	0.5493774	0.02065563	-240.303	1.8	-260.7295	
21.00029	COLLISION_NONE	NOT_SWITCH	NOT_RESET	NOT_WAYPOINT	-308.7456	1.8	-301.4671	0	-0.1018108	0	0.9948038	0.08027649	0.5551758	0.02330562	-240.303	1.8	-260.7295	
21.02029	COLLISION_NONE	NOT_SWITCH	NOT_RESET	NOT_WAYPOINT	-308.6698	1.8	-301.1578	0	-0.1034489	0	0.9946348	0.09326172	0.541687	0.02548325	-240.303	1.8	-260.7295	
21.04029	COLLISION_NONE	NOT_SWITCH	NOT_RESET	NOT_WAYPOINT	-308.5982	1.8	-300.8514	0	-0.1050862	0	0.9944631	0.07873154	0.5479431	0.03954595	-240.303	1.8	-260.7295	
21.06029	COLLISION_NONE	NOT_SWITCH	NOT_RESET	NOT_WAYPOINT	-308.5395	1.8	-300.5493	0	-0.1067232	0	0.9942888	0.08174515	0.5661011	0.04178429	-240.303	1.8	-260.7295	
21.08029	COLLISION_NONE	NOT_SWITCH	NOT_RESET	NOT_WAYPOINT	-308.5059	1.8	-300.2532	0	-0.10836	0	0.9941117	0.07541275	0.5398254	0.03702009	-240.303	1.8	-260.7295	
21.10029	COLLISION_NONE	NOT_SWITCH	NOT_RESET	NOT_WAYPOINT	-308.5133	1.8	-299.9657	0	-0.111632	0	0.9937496	0.07811737	0.5722046	0.04037705	-240.303	1.8	-260.7295	
21.12029	COLLISION_NONE	NOT_SWITCH	NOT_RESET	TRIGGER_WAYPOINT	-308.6213	1.8	-299.6969	0	-0.1132676	0	0.9935645	0.08115387	0.5605164	0.02145076	-315	1.8	-285	
21.14029	COLLISION_NONE	NOT_SWITCH	NOT_RESET	NOT_WAYPOINT	-308.7775	1.8	-299.4355	0	-0.1149032	0	0.9933767	0.08410263	0.561676	0.0179365	-315	1.8	-285	
21.16029	COLLISION_NONE	NOT_SWITCH	NOT_RESET	NOT_WAYPOINT	-308.967	1.8	-299.1789	0	-0.1165378	0	0.9931863	0.06818008	0.5782471	0.02070415	-315	1.8	-285	
21.18029	COLLISION_NONE	NOT_SWITCH	NOT_RESET	NOT_WAYPOINT	-309.1754	1.8	-298.925	0	-0.1162945	0	0.9932148	0.06806946	0.5527649	0.01205921	-315	1.8	-285	
21.20029	COLLISION_NONE	NOT_SWITCH	NOT_RESET	NOT_WAYPOINT	-309.3931	1.8	-298.672	0	-0.1120536	0	0.9937022	0.0838356	0.5143433	0.03532544	-315	1.8	-285	
21.22029	COLLISION_NONE	NOT_SWITCH	NOT_RESET	NOT_WAYPOINT	-309.6163	1.8	-298.4157	0	-0.1081816	0	0.9941311	0.1080055	0.5382385	0.02710316	-315	1.8	-285	
21.2403	COLLISION_NONE	NOT_SWITCH	NOT_RESET	NOT_WAYPOINT	-309.8407	1.8	-298.1603	0	-0.1024938	0	0.9947337	0.1077385	0.526886	0.008500487	-315	1.8	-285	
21.2603	COLLISION_NONE	NOT_SWITCH	NOT_RESET	NOT_WAYPOINT	-310.0845	1.8	-297.9084	0	-0.09551635	0	0.9954279	0.09362411	0.5444031	0.03010806	-315	1.8	-285	
21.2803	COLLISION_NONE	NOT_SWITCH	NOT_RESET	NOT_WAYPOINT	-310.3535	1.8	-297.6588	0	-0.08768016	0	0.9961486	0.09354019	0.5231628	0.02289096	-315	1.8	-285	
21.3003	COLLISION_NONE	NOT_SWITCH	NOT_RESET	NOT_WAYPOINT	-310.6632	1.8	-297.4128	0	-0.07092302	0	0.9974818	0.09941864	0.5035095	0.03078595	-315	1.8	-285	
21.3203	COLLISION_NONE	NOT_SWITCH	NOT_RESET	NOT_WAYPOINT	-311.0253	1.8	-297.1593	0	-0.06232272	0	0.9980561	0.1135292	0.5201111	0.0318605	-315	1.8	-285	
21.3403	COLLISION_NONE	NOT_SWITCH	NOT_RESET	NOT_WAYPOINT	-311.3683	1.8	-296.9029	0	-0.05366427	0	0.9985591	0.1264534	0.5115356	0.01322418	-315	1.8	-285	
21.3603	COLLISION_NONE	NOT_SWITCH	NOT_RESET	NOT_WAYPOINT	-311.7062	1.8	-296.6455	0	-0.04497502	0	0.9989881	0.135704	0.5127869	0.02802292	-315	1.8	-285	
21.3803	COLLISION_NONE	NOT_SWITCH	NOT_RESET	NOT_WAYPOINT	-312.0419	1.8	-296.3892	0	-0.03626898	0	0.9993421	0.1368752	0.5337524	0.04627073	-315	1.8	-285	
21.4003	COLLISION_NONE	NOT_SWITCH	NOT_RESET	NOT_WAYPOINT	-312.3746	1.8	-296.1328	0	-0.01883256	0	0.9998226	0.1383324	0.5239563	0.02421841	-315	1.8	-285	
21.4203	COLLISION_NONE	NOT_SWITCH	NOT_RESET	NOT_WAYPOINT	-312.699	1.8	-295.8723	0	-0.01010852	0	0.9999489	0.1390762	0.5294189	0.03347793	-315	1.8	-285	
21.4403	COLLISION_NONE	NOT_SWITCH	NOT_RESET	NOT_WAYPOINT	-313.0175	1.8	-295.6061	0	-0.00138287	0	0.999999	0.1354752	0.5440674	0.03496233	-315	1.8	-285	
21.4603	COLLISION_NONE	NOT_SWITCH	NOT_RESET	NOT_WAYPOINT	-313.3299	1.8	-295.3334	0	0.007343302	0	0.9999731	0.1206322	0.5561218	0.04734424	-315	1.8	-285	
21.4803	COLLISION_NONE	NOT_SWITCH	NOT_RESET	NOT_WAYPOINT	-313.636	1.8	-295.0539	0	0.02479383	0	0.9996926	0.1309128	0.5321045	0.0310998	-315	1.8	-285	
21.5003	COLLISION_NONE	NOT_SWITCH	NOT_RESET	NOT_WAYPOINT	-313.9291	1.8	-294.7609	0	0.03351669	0	0.9994382	0.1302071	0.5351563	0.02474329	-315	1.8	-285	
21.5203	COLLISION_NONE	NOT_SWITCH	NOT_RESET	NOT_WAYPOINT	-314.216	1.8	-294.4609	0	0.04223703	0	0.9991077	0.1191559	0.549469	0.03026178	-315	1.8	-285	
21.5403	COLLISION_NONE	NOT_SWITCH	NOT_RESET	NOT_WAYPOINT	-314.4813	1.8	-294.162	0	0.05095416	0	0.998701	0.131012	0.5534058	0.03837651	-315	1.8	-285	
21.5603	COLLISION_NONE	NOT_SWITCH	NOT_RESET	NOT_WAYPOINT	-314.7251	1.8	-293.865	0	0.05966742	0	0.9982184	0.1432686	0.5386658	0.03272751	-315	1.8	-285	
21.5803	COLLISION_NONE	NOT_SWITCH	NOT_RESET	NOT_WAYPOINT	-314.9275	1.8	-293.5724	0	0.07707964	0	0.997025	0.143528	0.5500183	0.05134681	-315	1.8	-285	
21.6003	COLLISION_NONE	NOT_SWITCH	NOT_RESET	NOT_WAYPOINT	-314.9923	1.8	-293.2944	0	0.08577728	0	0.9963143	0.1557846	0.5310059	0.04423034	-315	1.8	-285	
21.6203	COLLISION_NONE	NOT_SWITCH	NOT_RESET	NOT_WAYPOINT	-314.938	1.8	-293.0285	0	0.09446838	0	0.9955279	0.1661949	0.5367737	0.03813332	-315	1.8	-285	
21.6403	COLLISION_NONE	NOT_SWITCH	NOT_RESET	NOT_WAYPOINT	-314.7655	1.8	-292.7757	0	0.1031523	0	0.9946656	0.162426	0.5430298	0.04786739	-315	1.8	-285	
21.66031	COLLISION_NONE	NOT_SWITCH	NOT_RESET	NOT_WAYPOINT	-314.4774	1.8	-292.5378	0	0.1118284	0	0.9937276	0.1520615	0.5500183	0.05830258	-315	1.8	-285	
21.68031	COLLISION_NONE	NOT_SWITCH	NOT_RESET	NOT_WAYPOINT	-314.1414	1.8	-292.3097	0	0.1291543	0	0.9916245	0.1494179	0.530365	0.05925527	-315	1.8	-285	
21.70031	COLLISION_NONE	NOT_SWITCH	NOT_RESET	NOT_WAYPOINT	-313.7759	1.8	-292.0974	0	0.1378028	0	0.9904597	0.1449738	0.5140381	0.04281807	-315	1.8	-285	
21.72031	COLLISION_NONE	NOT_SWITCH	NOT_RESET	NOT_WAYPOINT	-313.4114	1.8	-291.8875	0	0.1464408	0	0.9892194	0.1407776	0.5047913	0.04356056	-315	1.8	-285	
21.74031	COLLISION_NONE	NOT_SWITCH	NOT_RESET	NOT_WAYPOINT	-313.0464	1.8	-291.6814	0	0.1550677	0	0.9879038	0.1349297	0.5109863	0.05351618	-315	1.8	-285	
21.76031	COLLISION_NONE	NOT_SWITCH	NOT_RESET	NOT_WAYPOINT	-312.68	1.8	-291.48	0	0.1636828	0	0.986513	0.1346169	0.5210266	0.05324563	-315	1.8	-285	
21.78031	COLLISION_NONE	NOT_SWITCH	NOT_RESET	NOT_WAYPOINT	-312.3113	1.8	-291.2841	0	0.1808749	0	0.9835061	0.1079597	0.507782	0.03919518	-315	1.8	-285	
21.80031	COLLISION_NONE	NOT_SWITCH	NOT_RESET	NOT_WAYPOINT	-311.9378	1.8	-291.1004	0	0.1894506	0	0.9818903	0.1123734	0.5155945	0.05270046	-315	1.8	-285	
21.82031	COLLISION_NONE	NOT_SWITCH	NOT_RESET	NOT_WAYPOINT	-311.5609	1.8	-290.9234	0	0.1980119	0	0.9801996	0.1152534	0.4997559	0.04341394	-315	1.8	-285	
21.84031	COLLISION_NONE	NOT_SWITCH	NOT_RESET	NOT_WAYPOINT	-311.1808	1.8	-290.7531	0	0.2065581	0	0.9784343	0.1159935	0.5052185	0.05267033	-315	1.8	-285	
21.86031	COLLISION_NONE	NOT_SWITCH	NOT_RESET	NOT_WAYPOINT	-310.7977	1.8	-290.5894	0	0.2150886	0	0.9765946	0.08791351	0.5279236	0.04709393	-315	1.8	-285	
21.88031	COLLISION_NONE	NOT_SWITCH	NOT_RESET	NOT_WAYPOINT	-310.4117	1.8	-290.4325	0	0.2320997	0	0.972692	0.1013031	0.5476074	0.04180482	-315	1.8	-285	
21.90031	COLLISION_NONE	NOT_SWITCH	NOT_RESET	NOT_WAYPOINT	-310.021	1.8	-290.2894	0	0.2405791	0	0.9706296	0.1136169	0.5413818	0.03908154	-315	1.8	-285	
21.92031	COLLISION_NONE	NOT_SWITCH	NOT_RESET	NOT_WAYPOINT	-309.6274	1.8	-290.1534	0	0.2490402	0	0.9684932	0.1096306	0.5667419	0.01809627	-315	1.8	-285	
21.94031	COLLISION_NONE	NOT_SWITCH	NOT_RESET	NOT_WAYPOINT	-309.2313	1.8	-290.0243	0	0.2574823	0	0.966283	0.1107254	0.5706787	0.03054714	-315	1.8	-285	
21.96031	COLLISION_NONE	NOT_SWITCH	NOT_RESET	NOT_WAYPOINT	-308.8329	1.8	-289.902	0	0.2659048	0	0.9639993	0.1114502	0.5761414	0.03977534	-315	1.8	-285	
21.98031	COLLISION_NONE	NOT_SWITCH	NOT_RESET	NOT_WAYPOINT	-308.4325	1.8	-289.7866	0	0.2826885	0	0.9592118	0.1029243	0.5761108	0.0327957	-315	1.8	-285	
22.00031	COLLISION_NONE	NOT_SWITCH	NOT_RESET	NOT_WAYPOINT	-308.0289	1.8	-289.6853	0	0.2910483	0	0.9567084	0.1047478	0.5471191	0.03034368	-315	1.8	-285	
22.02031	COLLISION_NONE	NOT_SWITCH	NOT_RESET	NOT_WAYPOINT	-307.6232	1.8	-289.5912	0	0.299386	0	0.9541321	0.1017914	0.541687	0.0324384	-315	1.8	-285	
22.04031	COLLISION_NONE	NOT_SWITCH	NOT_RESET	NOT_WAYPOINT	-307.2157	1.8	-289.5043	0	0.3077008	0	0.9514832	0.1039467	0.5289001	0.01679981	-315	1.8	-285	
22.06031	COLLISION_NONE	NOT_SWITCH	NOT_RESET	NOT_WAYPOINT	-306.8067	1.8	-289.4245	0	0.3159923	0	0.9487618	0.1050453	0.5328369	0.02921861	-315	1.8	-285	
22.08031	COLLISION_NONE	NOT_SWITCH	NOT_RESET	NOT_WAYPOINT	-306.3964	1.8	-289.3516	0	0.3325023	0	0.9431025	0.1172066	0.5267334	0.03754133	-315	1.8	-285	
22.10032	COLLISION_NONE	NOT_SWITCH	NOT_RESET	NOT_WAYPOINT	-305.9844	1.8	-289.293	0	0.3407197	0	0.940165	0.1175423	0.5209656	0.03930315	-315	1.8	-285	
22.12032	COLLISION_NONE	NOT_SWITCH	NOT_RESET	NOT_WAYPOINT	-305.571	1.8	-289.2419	0	0.3489111	0	0.9371558	0.1138954	0.5228577	0.03645352	-315	1.8	-285	
22.14032	COLLISION_NONE	NOT_SWITCH	NOT_RESET	NOT_WAYPOINT	-305.1567	1.8	-289.1981	0	0.3570759	0	0.9340754	0.09988403	0.5494385	0.0276812	-315	1.8	-285	
22.16032	COLLISION_NONE	NOT_SWITCH	NOT_RESET	NOT_WAYPOINT	-304.7416	1.8	-289.1614	0	0.3733234	0	0.9277013	0.1006699	0.5676575	0.04123524	-315	1.8	-285	
22.18032	COLLISION_NONE	NOT_SWITCH	NOT_RESET	NOT_WAYPOINT	-304.326	1.8	-289.1391	0	0.3814048	0	0.9244081	0.08990097	0.5591431	0.04269981	-315	1.8	-285	
22.20032	COLLISION_NONE	NOT_SWITCH	NOT_RESET	NOT_WAYPOINT	-303.9097	1.8	-289.1244	0	0.3894572	0	0.9210446	0.104805	0.5598755	0.03470248	-315	1.8	-285	
22.22032	COLLISION_NONE	NOT_SWITCH	NOT_RESET	NOT_WAYPOINT	-303.4931	1.8	-289.1169	0	0.3974799	0	0.9176109	0.1010246	0.5661316	0.04442915	-315	1.8	-285	
22.24032	COLLISION_NONE	NOT_SWITCH	NOT_RESET	NOT_WAYPOINT	-303.0764	1.8	-289.1166	0	0.4054723	0	0.9141073	0.0881691	0.5752563	0.02970931	-315	1.8	-285	
22.26032	COLLISION_NONE	NOT_SWITCH	NOT_RESET	NOT_WAYPOINT	-302.6597	1.8	-289.1234	0	0.4213639	0	0.9068916	0.06983948	0.545166	0.02793959	-315	1.8	-285	
22.28032	COLLISION_NONE	NOT_SWITCH	NOT_RESET	NOT_WAYPOINT	-302.246	1.8	-289.1395	0	0.4292619	0	0.9031801	0.06624603	0.5597839	0.02944824	-315	1.8	-285	
22.30032	COLLISION_NONE	NOT_SWITCH	NOT_RESET	NOT_WAYPOINT	-301.8487	1.8	-289.1552	0	0.4371272	0	0.8993998	0.07292557	0.5461731	0.01329601	-315	1.8	-285	
22.32032	COLLISION_NONE	NOT_SWITCH	NOT_RESET	NOT_WAYPOINT	-301.4675	1.8	-289.1564	0	0.4449592	0	0.8955509	0.07325363	0.5404053	0.01503307	-315	1.8	-285	
22.34032	COLLISION_NONE	NOT_SWITCH	NOT_RESET	NOT_WAYPOINT	-301.1021	1.8	-289.1428	0	0.4527573	0	0.8916339	0.07764816	0.5440063	0.02711737	-315	1.8	-285	
22.36032	COLLISION_NONE	NOT_SWITCH	NOT_RESET	NOT_WAYPOINT	-300.7514	1.8	-289.1136	0	0.4682495	0	0.8835963	0.1047325	0.5428467	0.02892339	-315	1.8	-285	
22.38032	COLLISION_NONE	NOT_SWITCH	NOT_RESET	NOT_WAYPOINT	-300.4291	1.8	-289.0532	0	0.4759424	0	0.8794765	0.1140289	0.5568542	0.0480473	-315	1.8	-285	
22.40032	COLLISION_NONE	NOT_SWITCH	NOT_RESET	NOT_WAYPOINT	-300.1205	1.8	-288.9768	0	0.4835991	0	0.8752897	0.1143723	0.5510864	0.04977846	-315	1.8	-285	
22.42032	COLLISION_NONE	NOT_SWITCH	NOT_RESET	NOT_WAYPOINT	-299.8181	1.8	-288.8949	0	0.4904459	0	0.8714716	0.1164818	0.5377197	0.06741565	-315	1.8	-285	
22.44032	COLLISION_NONE	NOT_SWITCH	NOT_RESET	NOT_WAYPOINT	-299.5183	1.8	-288.8132	0	0.493141	0	0.8699494	0.1189957	0.5398254	0.09398851	-315	1.8	-285	
22.46032	COLLISION_NONE	NOT_SWITCH	NOT_RESET	NOT_WAYPOINT	-299.2229	1.8	-288.7286	0	0.4933701	0	0.8698195	0.09051895	0.555542	0.08234668	-315	1.8	-285	
22.48032	COLLISION_NONE	NOT_SWITCH	NOT_RESET	NOT_WAYPOINT	-298.9478	1.8	-288.6185	0	0.4924533	0	0.870339	0.09044647	0.5343018	0.07512376	-315	1.8	-285	
22.50032	COLLISION_NONE	NOT_SWITCH	NOT_RESET	NOT_WAYPOINT	-298.6923	1.8	-288.4775	0	0.4912776	0	0.871003	0.09314346	0.5283508	0.05443856	-315	1.8	-285	
22.52032	COLLISION_NONE	NOT_SWITCH	NOT_RESET	NOT_WAYPOINT	-298.4702	1.8	-288.2806	0	0.4899717	0	0.8717384	0.09648132	0.540741	0.05841389	-315	1.8	-285	
22.54033	COLLISION_NONE	NOT_SWITCH	NOT_RESET	NOT_WAYPOINT	-298.2862	1.8	-288.0185	0	0.488599	0	0.8725085	0.1185875	0.512146	0.04736179	-315	1.8	-285	
22.56033	COLLISION_NONE	NOT_SWITCH	NOT_RESET	NOT_WAYPOINT	-298.1542	1.8	-287.6681	0	0.485768	0	0.8740878	0.1178627	0.5109253	0.03957629	-315	1.8	-285	
22.58033	COLLISION_NONE	NOT_SWITCH	NOT_RESET	TRIGGER_WAYPOINT	-298.0717	1.8	-287.2354	0	0.4843344	0	0.874883	0.1166801	0.4979248	0.05756682	-286.4683	1.8	-275.7295	
22.60033	COLLISION_NONE	NOT_SWITCH	NOT_RESET	NOT_WAYPOINT	-297.9809	1.8	-286.8187	0	0.4828954	0	0.875678	0.1141319	0.5037537	0.06717548	-286.4683	1.8	-275.7295	
22.62033	COLLISION_NONE	NOT_SWITCH	NOT_RESET	NOT_WAYPOINT	-297.889	1.8	-286.4059	0	0.4814538	0	0.8764715	0.09962845	0.4801636	0.06001556	-286.4683	1.8	-275.7295	
22.64033	COLLISION_NONE	NOT_SWITCH	NOT_RESET	NOT_WAYPOINT	-297.7972	1.8	-285.9942	0	0.4800102	0	0.8772629	0.100399	0.4898682	0.07072863	-286.4683	1.8	-275.7295	
22.66033	COLLISION_NONE	NOT_SWITCH	NOT_RESET	NOT_WAYPOINT	-297.7067	1.8	-285.5825	0	0.4771192	0	0.8788386	0.08958435	0.4729004	0.06931311	-286.4683	1.8	-275.7295	
22.68033	COLLISION_NONE	NOT_SWITCH	NOT_RESET	NOT_WAYPOINT	-297.6196	1.8	-285.1706	0	0.475673	0	0.8796222	0.06357956	0.4737854	0.07852605	-286.4683	1.8	-275.7295	
22.70033	COLLISION_NONE	NOT_SWITCH	NOT_RESET	NOT_WAYPOINT	-297.5333	1.8	-284.7578	0	0.4742258	0	0.8804033	0.06843185	0.4671936	0.07975879	-286.4683	1.8	-275.7295	
22.72033	COLLISION_NONE	NOT_SWITCH	NOT_RESET	NOT_WAYPOINT	-297.4482	1.8	-284.345	0	0.4727779	0	0.8811817	0.05805206	0.4699707	0.08875901	-286.4683	1.8	-275.7295	
22.74033	COLLISION_NONE	NOT_SWITCH	NOT_RESET	NOT_WAYPOINT	-297.3645	1.8	-283.9319	0	0.471329	0	0.8819575	0.0569725	0.4702454	0.07774979	-286.4683	1.8	-275.7295	
22.76033	COLLISION_NONE	NOT_SWITCH	NOT_RESET	NOT_WAYPOINT	-297.2821	1.8	-283.5185	0	0.4684274	0	0.8835019	0.05992508	0.4756775	0.07570755	-286.4683	1.8	-275.7295	
22.78033	COLLISION_NONE	NOT_SWITCH	NOT_RESET	NOT_WAYPOINT	-297.2032	1.8	-283.105	0	0.4669746	0	0.8842707	0.06216431	0.4840698	0.06721714	-286.4683	1.8	-275.7295	
22.80033	COLLISION_NONE	NOT_SWITCH	NOT_RESET	NOT_WAYPOINT	-297.125	1.8	-282.6906	0	0.4675657	0	0.8839583	0.07662964	0.4650269	0.04879987	-286.4683	1.8	-275.7295	
22.82033	COLLISION_NONE	NOT_SWITCH	NOT_RESET	NOT_WAYPOINT	-297.0359	1.8	-282.2949	0	0.4712659	0	0.8819912	0.09994125	0.4658813	0.05885214	-286.4683	1.8	-275.7295	
22.84033	COLLISION_NONE	NOT_SWITCH	NOT_RESET	NOT_WAYPOINT	-296.936	1.8	-281.9179	0	0.4836121	0	0.8752825	0.1193275	0.4792175	0.0325219	-286.4683	1.8	-275.7295	
22.86033	COLLISION_NONE	NOT_SWITCH	NOT_RESET	NOT_WAYPOINT	-296.7997	1.8	-281.6024	0	0.4907379	0	0.8713073	0.1071053	0.5067139	0.04249778	-286.4683	1.8	-275.7295	
22.88033	COLLISION_NONE	NOT_SWITCH	NOT_RESET	NOT_WAYPOINT	-296.6204	1.8	-281.356	0	0.4980769	0	0.8671329	0.1345024	0.4955139	0.04455715	-286.4683	1.8	-275.7295	
22.90033	COLLISION_NONE	NOT_SWITCH	NOT_RESET	NOT_WAYPOINT	-296.3779	1.8	-281.211	0	0.5055027	0	0.8628251	0.1415367	0.4803772	0.03159496	-286.4683	1.8	-275.7295	
22.92033	COLLISION_NONE	NOT_SWITCH	NOT_RESET	NOT_WAYPOINT	-296.0732	1.8	-281.1675	0	0.5129521	0	0.8584173	0.1408997	0.5004578	0.0310272	-286.4683	1.8	-275.7295	
22.94033	COLLISION_NONE	NOT_SWITCH	NOT_RESET	NOT_WAYPOINT	-295.7099	1.8	-281.223	0	0.5278103	0	0.8493624	0.1515503	0.479126	0.01937971	-286.4683	1.8	-275.7295	
22.96033	COLLISION_NONE	NOT_SWITCH	NOT_RESET	NOT_WAYPOINT	-295.2991	1.8	-281.3776	0	0.5351947	0	0.8447288	0.1508446	0.4822083	0.01307425	-286.4683	1.8	-275.7295	
22.98034	COLLISION_NONE	NOT_SWITCH	NOT_RESET	NOT_WAYPOINT	-294.9009	1.8	-281.521	0	0.5425422	0	0.8400286	0.1363297	0.4884644	0.02711859	-286.4683	1.8	-275.7295	
23.00034	COLLISION_NONE	NOT_SWITCH	NOT_RESET	NOT_WAYPOINT	-294.5051	1.8	-281.6646	0	0.5498502	0	0.8352633	0.1366768	0.4827271	0.02889711	-286.4683	1.8	-275.7295	
23.02034	COLLISION_NONE	NOT_SWITCH	NOT_RESET	NOT_WAYPOINT	-294.112	1.8	-281.8106	0	0.5571173	0	0.8304338	0.1363831	0.5012512	0.03151292	-286.4683	1.8	-275.7295	
23.04034	COLLISION_NONE	NOT_SWITCH	NOT_RESET	NOT_WAYPOINT	-293.7216	1.8	-281.9606	0	0.5715249	0	0.8205848	0.1313133	0.5092163	0.01595357	-286.4683	1.8	-275.7295	
23.06034	COLLISION_NONE	NOT_SWITCH	NOT_RESET	NOT_WAYPOINT	-293.3373	1.8	-282.1207	0	0.5786639	0	0.8155662	0.145813	0.4986877	0.0004138052	-286.4683	1.8	-275.7295	
23.08034	COLLISION_NONE	NOT_SWITCH	NOT_RESET	NOT_WAYPOINT	-292.9558	1.8	-282.2878	0	0.5857589	0	0.8104854	0.1457138	0.5072937	0.01439983	-286.4683	1.8	-275.7295	
23.10034	COLLISION_NONE	NOT_SWITCH	NOT_RESET	NOT_WAYPOINT	-292.5774	1.8	-282.4616	0	0.5928093	0	0.8053429	0.1445961	0.4991455	0.0005556643	-286.4683	1.8	-275.7295	
23.12034	COLLISION_NONE	NOT_SWITCH	NOT_RESET	NOT_WAYPOINT	-292.2021	1.8	-282.6422	0	0.5998145	0	0.8001391	0.1398811	0.5055847	-0.01182947	-286.4683	1.8	-275.7295	
23.14034	COLLISION_NONE	NOT_SWITCH	NOT_RESET	NOT_WAYPOINT	-291.8299	1.8	-282.8294	0	0.6136875	0	0.789549	0.1357651	0.5133667	-0.005268902	-286.4683	1.8	-275.7295	
23.16034	COLLISION_NONE	NOT_SWITCH	NOT_RESET	NOT_WAYPOINT	-291.4651	1.8	-283.0294	0	0.6205542	0	0.7841636	0.1343231	0.5273743	0.01820642	-286.4683	1.8	-275.7295	
23.18034	COLLISION_NONE	NOT_SWITCH	NOT_RESET	NOT_WAYPOINT	-291.1037	1.8	-283.2362	0	0.6273736	0	0.7787185	0.1336136	0.5261841	0.01043779	-286.4683	1.8	-275.7295	
23.20034	COLLISION_NONE	NOT_SWITCH	NOT_RESET	NOT_WAYPOINT	-290.7459	1.8	-283.4496	0	0.6341452	0	0.7732139	0.1136932	0.5462036	0.007202238	-286.4683	1.8	-275.7295	
23.22034	COLLISION_NONE	NOT_SWITCH	NOT_RESET	NOT_WAYPOINT	-290.3918	1.8	-283.6692	0	0.6408686	0	0.7676507	0.09963226	0.5600281	-0.005931258	-286.4683	1.8	-275.7295	
23.24034	COLLISION_NONE	NOT_SWITCH	NOT_RESET	NOT_WAYPOINT	-290.0415	1.8	-283.8948	0	0.6541684	0	0.756349	0.1041298	0.5549927	-0.007863522	-286.4683	1.8	-275.7295	
23.26034	COLLISION_NONE	NOT_SWITCH	NOT_RESET	NOT_WAYPOINT	-289.6997	1.8	-284.1322	0	0.6607438	0	0.7506116	0.1040497	0.5379944	-0.01363173	-286.4683	1.8	-275.7295	
23.28034	COLLISION_NONE	NOT_SWITCH	NOT_RESET	NOT_WAYPOINT	-289.362	1.8	-284.376	0	0.6672689	0	0.744817	0.0888176	0.5253296	0.009061843	-286.4683	1.8	-275.7295	
23.30034	COLLISION_NONE	NOT_SWITCH	NOT_RESET	NOT_WAYPOINT	-289.0285	1.8	-284.6257	0	0.6737431	0	0.7389657	0.08845901	0.5268555	0.005867243	-286.4683	1.8	-275.7295	
23.32034	COLLISION_NONE	NOT_SWITCH	NOT_RESET	NOT_WAYPOINT	-288.6993	1.8	-284.8813	0	0.6801661	0	0.7330581	0.07727432	0.5114136	0.001273215	-286.4683	1.8	-275.7295	
23.34034	COLLISION_NONE	NOT_SWITCH	NOT_RESET	NOT_WAYPOINT	-288.3746	1.8	-285.1424	0	0.6928561	0	0.721076	0.0815773	0.4936829	0.006118625	-286.4683	1.8	-275.7295	
23.36034	COLLISION_NONE	NOT_SWITCH	NOT_RESET	NOT_WAYPOINT	-288.0594	1.8	-285.4142	0	0.6991222	0	0.7150022	0.08154297	0.485199	0.003211886	-286.4683	1.8	-275.7295	
23.38034	COLLISION_NONE	NOT_SWITCH	NOT_RESET	NOT_WAYPOINT	-287.7491	1.8	-285.692	0	0.7053351	0	0.7088741	0.09516907	0.4516602	0.005946755	-286.4683	1.8	-275.7295	
23.40034	COLLISION_NONE	NOT_SWITCH	NOT_RESET	NOT_WAYPOINT	-287.4435	1.8	-285.9752	0	0.7114942	0	0.702692	0.08006287	0.456604	0.001156598	-286.4683	1.8	-275.7295	
23.42035	COLLISION_NONE	NOT_SWITCH	NOT_RESET	NOT_WAYPOINT	-287.1429	1.8	-286.2638	0	0.7236496	0	0.6901677	0.07143021	0.4432678	0.02315661	-286.4683	1.8	-275.7295	
23.44035	COLLISION_NONE	NOT_SWITCH	NOT_RESET	NOT_WAYPOINT	-286.8527	1.8	-286.5621	0	0.7296448	0	0.6838264	0.07072449	0.4462891	0.01676732	-286.4683	1.8	-275.7295	
23.46035	COLLISION_NONE	NOT_SWITCH	NOT_RESET	NOT_WAYPOINT	-286.5678	1.8	-286.866	0	0.7355844	0	0.6774331	0.07225418	0.4577637	0.001990169	-286.4683	1.8	-275.7295	
23.48035	COLLISION_NONE	NOT_SWITCH	NOT_RESET	NOT_WAYPOINT	-286.2882	1.8	-287.1749	0	0.7414681	0	0.6709882	0.0715332	0.4608154	-0.004377067	-286.4683	1.8	-275.7295	
23.50035	COLLISION_NONE	NOT_SWITCH	NOT_RESET	NOT_WAYPOINT	-286.0139	1.8	-287.4886	0	0.7472953	0	0.6644922	0.08663177	0.4516296	-0.0009829998	-286.4683	1.8	-275.7295	
23.52035	COLLISION_NONE	NOT_SWITCH	NOT_RESET	NOT_WAYPOINT	-285.7449	1.8	-287.8069	0	0.7587785	0	0.6513489	0.07072449	0.4462891	0.01676732	-286.4683	1.8	-275.7295	
23.54035	COLLISION_NONE	NOT_SWITCH	NOT_RESET	NOT_WAYPOINT	-285.4874	1.8	-288.1339	0	0.7644336	0	0.6447026	0.0714798	0.4480591	-0.008720249	-286.4683	1.8	-275.7295	
23.56035	COLLISION_NONE	NOT_SWITCH	NOT_RESET	NOT_WAYPOINT	-285.239	1.8	-288.4504	0	0.7700304	0	0.6380072	0.0719986	0.4805603	0.006029516	-286.4683	1.8	-275.7295	
23.58035	COLLISION_NONE	NOT_SWITCH	NOT_RESET	NOT_WAYPOINT	-284.9935	1.8	-288.7583	0	0.7755687	0	0.6312631	0.07307053	0.4802551	0.0170193	-286.4683	1.8	-275.7295	
23.60035	COLLISION_NONE	NOT_SWITCH	NOT_RESET	NOT_WAYPOINT	-284.7504	1.8	-289.0656	0	0.7810479	0	0.6244711	0.07149887	0.4779358	0.01251933	-286.4683	1.8	-275.7295	
23.62035	COLLISION_NONE	NOT_SWITCH	NOT_RESET	NOT_WAYPOINT	-284.5096	1.8	-289.3714	0	0.7918275	0	0.6107448	0.07455444	0.486908	0.03406721	-286.4683	1.8	-275.7295	
23.64035	COLLISION_NONE	NOT_SWITCH	NOT_RESET	NOT_WAYPOINT	-284.2741	1.8	-289.6757	0	0.7971271	0	0.6038117	0.07775497	0.465271	0.02647713	-286.4683	1.8	-275.7295	
23.66035	COLLISION_NONE	NOT_SWITCH	NOT_RESET	NOT_WAYPOINT	-284.0439	1.8	-289.9828	0	0.8023659	0	0.5968325	0.0780983	0.4595337	0.02823186	-286.4683	1.8	-275.7295	
23.68035	COLLISION_NONE	NOT_SWITCH	NOT_RESET	NOT_WAYPOINT	-283.8194	1.8	-290.2935	0	0.8075436	0	0.5898079	0.08068085	0.4621887	0.02148902	-286.4683	1.8	-275.7295	
23.70035	COLLISION_NONE	NOT_SWITCH	NOT_RESET	NOT_WAYPOINT	-283.5985	1.8	-290.6043	0	0.8126599	0	0.5827384	0.09532166	0.4856567	0.01752645	-286.4683	1.8	-275.7295	
23.72035	COLLISION_NONE	NOT_SWITCH	NOT_RESET	NOT_WAYPOINT	-283.3824	1.8	-290.9169	0	0.8227063	0	0.5684668	0.09451675	0.4674377	0.003946781	-286.4683	1.8	-275.7295	
23.74035	COLLISION_NONE	NOT_SWITCH	NOT_RESET	NOT_WAYPOINT	-283.2094	1.8	-291.3034	0	0.8276357	0	0.5612658	0.08408356	0.457428	0.008597374	-286.4683	1.8	-275.7295	
23.76035	COLLISION_NONE	NOT_SWITCH	NOT_RESET	NOT_WAYPOINT	-283.0381	1.8	-291.6881	0	0.8325021	0	0.554022	0.08773804	0.4555664	0.0114339	-286.4683	1.8	-275.7295	
23.78035	COLLISION_NONE	NOT_SWITCH	NOT_RESET	TRIGGER_WAYPOINT	-282.8702	1.8	-292.0725	0	0.8373051	0	0.5467361	0.08884048	0.4595032	0.0238505	-268.8347	1.8	-300	
23.80035	COLLISION_NONE	NOT_SWITCH	NOT_RESET	NOT_WAYPOINT	-282.7071	1.8	-292.4576	0	0.8420443	0	0.5394084	0.09004593	0.4767456	0.007320106	-268.8347	1.8	-300	
23.82035	COLLISION_NONE	NOT_SWITCH	NOT_RESET	NOT_WAYPOINT	-282.5495	1.8	-292.8443	0	0.85133	0	0.5246306	0.0989151	0.4710083	0.01605022	-268.8347	1.8	-300	
23.84035	COLLISION_NONE	NOT_SWITCH	NOT_RESET	NOT_WAYPOINT	-282.4045	1.8	-293.2343	0	0.8558758	0	0.5171815	0.1140709	0.4745483	0.02374357	-268.8347	1.8	-300	
23.86036	COLLISION_NONE	NOT_SWITCH	NOT_RESET	NOT_WAYPOINT	-282.2666	1.8	-293.6272	0	0.8603565	0	0.5096929	0.114151	0.4659424	0.0097633	-268.8347	1.8	-300	
23.88036	COLLISION_NONE	NOT_SWITCH	NOT_RESET	NOT_WAYPOINT	-282.1358	1.8	-294.0226	0	0.8647715	0	0.5021656	0.1110992	0.43927	0.004592687	-268.8347	1.8	-300	
23.90036	COLLISION_NONE	NOT_SWITCH	NOT_RESET	NOT_WAYPOINT	-282.0118	1.8	-294.4124	0	0.8734038	0	0.4869967	0.1110802	0.4350281	0.003131717	-268.8347	1.8	-300	
23.92036	COLLISION_NONE	NOT_SWITCH	NOT_RESET	NOT_WAYPOINT	-281.8718	1.8	-294.762	0	0.8776204	0	0.4793564	0.1081238	0.4296265	0.005243391	-268.8347	1.8	-300	
23.94036	COLLISION_NONE	NOT_SWITCH	NOT_RESET	NOT_WAYPOINT	-281.7224	1.8	-295.0922	0	0.8817701	0	0.4716795	0.1192589	0.4664612	0.02816397	-268.8347	1.8	-300	
23.96036	COLLISION_NONE	NOT_SWITCH	NOT_RESET	NOT_WAYPOINT	-281.5637	1.8	-295.4033	0	0.8858526	0	0.4639668	0.1181984	0.4710083	0.01861358	-268.8347	1.8	-300	
23.98036	COLLISION_NONE	NOT_SWITCH	NOT_RESET	NOT_WAYPOINT	-281.3956	1.8	-295.6953	0	0.8898677	0	0.4562187	0.1152153	0.4912415	0.04049394	-268.8347	1.8	-300	
24.00036	COLLISION_NONE	NOT_SWITCH	NOT_RESET	NOT_WAYPOINT	-281.218	1.8	-295.9684	0	0.8976943	0	0.4406188	0.1289749	0.4795227	0.01718768	-268.8347	1.8	-300	
24.02036	COLLISION_NONE	NOT_SWITCH	NOT_RESET	NOT_WAYPOINT	-281.0213	1.8	-296.2046	0	0.9015052	0	0.4327683	0.1241608	0.4945984	0.01883408	-268.8347	1.8	-300	
24.04036	COLLISION_NONE	NOT_SWITCH	NOT_RESET	NOT_WAYPOINT	-280.8217	1.8	-296.4331	0	0.9052474	0	0.4248848	0.1207924	0.4779663	0.01338533	-268.8347	1.8	-300	
24.06036	COLLISION_NONE	NOT_SWITCH	NOT_RESET	NOT_WAYPOINT	-280.6215	1.8	-296.6573	0	0.9089208	0	0.416969	0.1078262	0.4737854	0.02763674	-268.8347	1.8	-300	
24.08036	COLLISION_NONE	NOT_SWITCH	NOT_RESET	NOT_WAYPOINT	-280.4345	1.8	-296.8941	0	0.9125248	0	0.4090213	0.07855988	0.4755554	0.003864735	-268.8347	1.8	-300	
24.10036	COLLISION_NONE	NOT_SWITCH	NOT_RESET	NOT_WAYPOINT	-280.3271	1.8	-297.2191	0	0.9195243	0	0.3930333	0.06923676	0.4694824	0.02094018	-268.8347	1.8	-300	
24.12036	COLLISION_NONE	NOT_SWITCH	NOT_RESET	NOT_WAYPOINT	-280.3326	1.8	-297.6581	0	0.9229191	0	0.3849941	0.07408524	0.4629211	0.02223131	-268.8347	1.8	-300	
24.14036	COLLISION_NONE	NOT_SWITCH	NOT_RESET	NOT_WAYPOINT	-280.3313	1.8	-298.0816	0	0.9262436	0	0.3769255	0.05938721	0.5010376	0.009948462	-268.8347	1.8	-300	
24.16036	COLLISION_NONE	NOT_SWITCH	NOT_RESET	NOT_WAYPOINT	-280.3308	1.8	-298.5027	0	0.9294976	0	0.3688283	0.04786682	0.4870911	0.002149373	-268.8347	1.8	-300	
24.18036	COLLISION_NONE	NOT_SWITCH	NOT_RESET	NOT_WAYPOINT	-280.3333	1.8	-298.9221	0	0.9326808	0	0.3607029	0.05079269	0.4840088	-0.002804279	-268.8347	1.8	-300	
24.20036	COLLISION_NONE	NOT_SWITCH	NOT_RESET	NOT_WAYPOINT	-280.3225	1.8	-299.3244	0	0.9388338	0	0.3443705	0.04553604	0.4616699	0.004851639	-268.8347	1.8	-300	
24.22036	COLLISION_NONE	NOT_SWITCH	NOT_RESET	NOT_WAYPOINT	-280.2811	1.8	-299.6938	0	0.9418033	0	0.3361646	0.04933548	0.4639282	-0.001993895	-268.8347	1.8	-300	
24.24036	COLLISION_NONE	NOT_SWITCH	NOT_RESET	NOT_WAYPOINT	-280.2003	1.8	-300.0266	0	0.9445346	0	0.328412	0.05269241	0.4762573	0.001958281	-268.8347	1.8	-300	
24.26036	COLLISION_NONE	NOT_SWITCH	NOT_RESET	NOT_WAYPOINT	-280.0578	1.8	-300.3049	0	0.946618	0	0.3223576	0.05294418	0.4535217	-0.002056152	-268.8347	1.8	-300	
24.28036	COLLISION_NONE	NOT_SWITCH	NOT_RESET	NOT_WAYPOINT	-279.8301	1.8	-300.5116	0	0.9473823	0	0.3201041	0.05441284	0.447998	-0.02265266	-268.8347	1.8	-300	
24.30037	COLLISION_NONE	NOT_SWITCH	NOT_RESET	NOT_WAYPOINT	-279.5126	1.8	-300.6458	0	0.9472963	0	0.320359	0.04446411	0.4406128	-0.02447259	-268.8347	1.8	-300	
24.32037	COLLISION_NONE	NOT_SWITCH	NOT_RESET	NOT_WAYPOINT	-279.0727	1.8	-300.6837	0	0.9469303	0	0.3214389	0.04802322	0.4174805	-0.0288721	-268.8347	1.8	-300	
24.34037	COLLISION_NONE	NOT_SWITCH	NOT_RESET	NOT_WAYPOINT	-278.648	1.8	-300.733	0	0.9464821	0	0.3227564	0.04869843	0.4059448	-0.02539495	-268.8347	1.8	-300	
24.36037	COLLISION_NONE	NOT_SWITCH	NOT_RESET	NOT_WAYPOINT	-278.2277	1.8	-300.7845	0	0.9459913	0	0.3241923	0.05016708	0.4083862	-0.009796828	-268.8347	1.8	-300	
24.38037	COLLISION_NONE	NOT_SWITCH	NOT_RESET	NOT_WAYPOINT	-277.8094	1.8	-300.8365	0	0.9454781	0	0.3256859	0.02768707	0.4299622	-0.004801214	-268.8347	1.8	-300	
24.40037	COLLISION_NONE	NOT_SWITCH	NOT_RESET	NOT_WAYPOINT	-277.3908	1.8	-300.8879	0	0.9444194	0	0.328743	0.01942825	0.411438	-0.0143382	-268.8347	1.8	-300	
24.42037	COLLISION_NONE	NOT_SWITCH	NOT_RESET	NOT_WAYPOINT	-276.9727	1.8	-300.9361	0	0.9438814	0	0.3302848	0.02133942	0.403717	-0.009554595	-268.8347	1.8	-300	
24.44037	COLLISION_NONE	NOT_SWITCH	NOT_RESET	NOT_WAYPOINT	-276.5537	1.8	-300.9833	0	0.9433393	0	0.3318298	0.03536987	0.4033203	-0.01429483	-268.8347	1.8	-300	
24.46037	COLLISION_NONE	NOT_SWITCH	NOT_RESET	NOT_WAYPOINT	-276.1347	1.8	-301.0293	0	0.9427941	0	0.3333758	0.02728653	0.4230042	-0.01085484	-268.8347	1.8	-300	
24.48037	COLLISION_NONE	NOT_SWITCH	NOT_RESET	NOT_WAYPOINT	-275.7156	1.8	-301.074	0	0.9416941	0	0.3364704	0.05870056	0.4041748	-0.004237205	-268.8347	1.8	-300	
24.50037	COLLISION_NONE	NOT_SWITCH	NOT_RESET	NOT_WAYPOINT	-275.2966	1.8	-301.1152	0	0.9411399	0	0.3380174	0.05938339	0.3968811	0.0006668866	-268.8347	1.8	-300	
24.52037	COLLISION_NONE	NOT_SWITCH	NOT_RESET	NOT_WAYPOINT	-274.8768	1.8	-301.1556	0	0.9405831	0	0.3395638	0.06642532	0.389679	0.02386951	-268.8347	1.8	-300	
24.54037	COLLISION_NONE	NOT_SWITCH	NOT_RESET	NOT_WAYPOINT	-274.4571	1.8	-301.1947	0	0.9399974	0	0.3411817	0.05050278	0.406311	0.02672312	-268.8347	1.8	-300	
24.56037	COLLISION_NONE	NOT_SWITCH	NOT_RESET	NOT_WAYPOINT	-274.0374	1.8	-301.2324	0	0.9392363	0	0.3432713	0.03909683	0.4221191	0.02905869	-268.8347	1.8	-300	
24.58037	COLLISION_NONE	NOT_SWITCH	NOT_RESET	NOT_WAYPOINT	-273.6176	1.8	-301.2684	0	0.9364777	0	0.3507273	0.05309677	0.413208	0.02140272	-268.8347	1.8	-300	
24.60037	COLLISION_NONE	NOT_SWITCH	NOT_RESET	NOT_WAYPOINT	-273.1992	1.8	-301.2994	0	0.93419	0	0.3567759	0.06801605	0.4181519	0.01483348	-268.8347	1.8	-300	
24.62037	COLLISION_NONE	NOT_SWITCH	NOT_RESET	NOT_WAYPOINT	-272.7804	1.8	-301.3264	0	0.9314528	0	0.3638623	0.07052231	0.4075317	0.03711128	-268.8347	1.8	-300	
24.64037	COLLISION_NONE	NOT_SWITCH	NOT_RESET	NOT_WAYPOINT	-272.3619	1.8	-301.3492	0	0.9284521	0	0.3714524	0.07169342	0.4205017	0.01910567	-268.8347	1.8	-300	
24.66037	COLLISION_NONE	NOT_SWITCH	NOT_RESET	NOT_WAYPOINT	-271.9437	1.8	-301.3672	0	0.9252824	0	0.379279	0.07244873	0.4259644	0.02835742	-268.8347	1.8	-300	
24.68037	COLLISION_NONE	NOT_SWITCH	NOT_RESET	NOT_WAYPOINT	-271.5258	1.8	-301.3799	0	0.9186059	0	0.395175	0.05027771	0.4594727	0.01864955	-268.8347	1.8	-300	
24.70037	COLLISION_NONE	NOT_SWITCH	NOT_RESET	NOT_WAYPOINT	-271.1089	1.8	-301.3809	0	0.9151366	0	0.4031439	0.05120468	0.4775391	0.02111778	-268.8347	1.8	-300	
24.72038	COLLISION_NONE	NOT_SWITCH	NOT_RESET	NOT_WAYPOINT	-270.692	1.8	-301.3749	0	0.911591	0	0.4110985	0.02894592	0.4977722	0.04036883	-268.8347	1.8	-300	
24.74038	COLLISION_NONE	NOT_SWITCH	NOT_RESET	NOT_WAYPOINT	-270.2753	1.8	-301.362	0	0.9079725	0	0.4190298	0.03186798	0.4946594	0.03539762	-268.8347	1.8	-300	
24.76038	COLLISION_NONE	NOT_SWITCH	NOT_RESET	NOT_WAYPOINT	-269.8589	1.8	-301.3423	0	0.9042832	0	0.4269333	0.03382111	0.4996948	0.04452598	-268.8347	1.8	-300	
24.78038	COLLISION_NONE	NOT_SWITCH	NOT_RESET	NOT_WAYPOINT	-269.4429	1.8	-301.3155	0	0.8966959	0	0.4426472	0.04079437	0.5016785	0.0484485	-268.8347	1.8	-300	
24.80038	COLLISION_NONE	NOT_SWITCH	NOT_RESET	NOT_WAYPOINT	-269.0287	1.8	-301.2748	0	0.8927992	0	0.450455	0.03228378	0.5058899	0.04290405	-268.8347	1.8	-300	
24.82038	COLLISION_NONE	NOT_SWITCH	NOT_RESET	NOT_WAYPOINT	-268.615	1.8	-301.2265	0	0.8888344	0	0.4582286	0.03629684	0.5067444	0.05037582	-268.8347	1.8	-300	
24.84038	COLLISION_NONE	NOT_SWITCH	NOT_RESET	NOT_WAYPOINT	-268.202	1.8	-301.1709	0	0.8848019	0	0.4659675	0.03826904	0.5160217	0.06093055	-268.8347	1.8	-300	
24.86038	COLLISION_NONE	NOT_SWITCH	NOT_RESET	NOT_WAYPOINT	-267.7901	1.8	-301.1082	0	0.8807019	0	0.473671	0.04124069	0.5256653	0.06027314	-268.8347	1.8	-300	
24.88038	COLLISION_NONE	NOT_SWITCH	NOT_RESET	NOT_WAYPOINT	-267.3792	1.8	-301.0385	0	0.8723011	0	0.4889691	0.0220108	0.5383606	0.0619528	-268.8347	1.8	-300	
24.90038	COLLISION_NONE	NOT_SWITCH	NOT_RESET	NOT_WAYPOINT	-266.9716	1.8	-300.9547	0	0.8680009	0	0.4965627	0.01163864	0.5411377	0.07095635	-268.8347	1.8	-300	
24.92038	COLLISION_NONE	NOT_SWITCH	NOT_RESET	NOT_WAYPOINT	-266.5652	1.8	-300.8635	0	0.8636345	0	0.5041184	0.004154205	0.5322876	0.07209814	-268.8347	1.8	-300	
24.94038	COLLISION_NONE	NOT_SWITCH	NOT_RESET	NOT_WAYPOINT	-266.1603	1.8	-300.765	0	0.8592024	0	0.5116358	-0.003570557	0.5588989	0.08151248	-268.8347	1.8	-300	
24.96038	COLLISION_NONE	NOT_SWITCH	NOT_RESET	NOT_WAYPOINT	-265.7572	1.8	-300.6596	0	0.8547049	0	0.5191141	0.001743317	0.5598755	0.0555788	-268.8347	1.8	-300	
24.98038	COLLISION_NONE	NOT_SWITCH	NOT_RESET	NOT_WAYPOINT	-265.3559	1.8	-300.5473	0	0.845515	0	0.5339518	-0.006263733	0.5800476	0.02566996	-268.8347	1.8	-300	
25.00038	COLLISION_NONE	NOT_SWITCH	NOT_RESET	NOT_WAYPOINT	-264.9592	1.8	-300.4214	0	0.8408232	0	0.5413098	-0.005191803	0.5797729	0.03664801	-268.8347	1.8	-300	
25.02038	COLLISION_NONE	NOT_SWITCH	NOT_RESET	NOT_WAYPOINT	-264.5646	1.8	-300.2882	0	0.8360674	0	0.5486267	0.002880096	0.5558472	0.03180587	-268.8347	1.8	-300	
25.04038	COLLISION_NONE	NOT_SWITCH	NOT_RESET	NOT_WAYPOINT	-264.1723	1.8	-300.148	0	0.831248	0	0.5559018	0.004657745	0.5525208	0.04915676	-268.8347	1.8	-300	
25.06038	COLLISION_NONE	NOT_SWITCH	NOT_RESET	NOT_WAYPOINT	-263.7823	1.8	-300.001	0	0.8263652	0	0.5631345	0.02272034	0.5353394	0.06834292	-268.8347	1.8	-300	
25.08038	COLLISION_NONE	NOT_SWITCH	NOT_RESET	NOT_WAYPOINT	-263.395	1.8	-299.8474	0	0.8164114	0	0.5774708	0.02233124	0.5283813	0.06229007	-268.8347	1.8	-300	
25.10038	COLLISION_NONE	NOT_SWITCH	NOT_RESET	NOT_WAYPOINT	-263.0137	1.8	-299.6807	0	0.811341	0	0.5845733	0.007865906	0.5473938	0.08067325	-268.8347	1.8	-300	
25.12038	COLLISION_NONE	NOT_SWITCH	NOT_RESET	NOT_WAYPOINT	-262.6352	1.8	-299.5069	0	0.8062088	0	0.5916312	0.01269531	0.5365601	0.0804953	-268.8347	1.8	-300	
25.14038	COLLISION_NONE	NOT_SWITCH	NOT_RESET	NOT_WAYPOINT	-262.2596	1.8	-299.3265	0	0.8012175	0	0.5983733	0.005207062	0.5277405	0.08162612	-268.8347	1.8	-300	
25.16039	COLLISION_NONE	NOT_SWITCH	NOT_RESET	NOT_WAYPOINT	-261.8871	1.8	-299.1396	0	0.7982075	0	0.6023826	-0.003265381	0.5446472	0.08036318	-268.8347	1.8	-300	
25.18039	COLLISION_NONE	NOT_SWITCH	NOT_RESET	NOT_WAYPOINT	-261.5175	1.8	-298.9463	0	0.7946953	0	0.6070086	-0.003578186	0.5546875	0.08009985	-268.8347	1.8	-300	
25.20039	COLLISION_NONE	NOT_SWITCH	NOT_RESET	NOT_WAYPOINT	-261.1526	1.8	-298.7411	0	0.7934422	0	0.6086456	0.01868439	0.5302429	0.05941609	-268.8347	1.8	-300	
25.22039	COLLISION_NONE	NOT_SWITCH	NOT_RESET	NOT_WAYPOINT	-260.7878	1.8	-298.5319	0	0.7923146	0	0.6101128	0.01342392	0.5377808	0.08828756	-268.8347	1.8	-300	
25.24039	COLLISION_NONE	NOT_SWITCH	NOT_RESET	NOT_WAYPOINT	-260.4236	1.8	-298.3205	0	0.7912483	0	0.6114951	0.02675629	0.5404053	0.07722121	-268.8347	1.8	-300	
25.26039	COLLISION_NONE	NOT_SWITCH	NOT_RESET	NOT_WAYPOINT	-260.0599	1.8	-298.1075	0	0.7891884	0	0.6141513	0.03287888	0.5680847	0.06770608	-268.8347	1.8	-300	
25.28039	COLLISION_NONE	NOT_SWITCH	NOT_RESET	NOT_WAYPOINT	-259.6985	1.8	-297.8917	0	0.7881709	0	0.6154565	0.0407753	0.5315247	0.06962189	-268.8347	1.8	-300	
25.30039	COLLISION_NONE	NOT_SWITCH	NOT_RESET	NOT_WAYPOINT	-259.3369	1.8	-297.6747	0	0.7871556	0	0.6167546	0.02980042	0.532959	0.05970609	-268.8347	1.8	-300	
25.32039	COLLISION_NONE	NOT_SWITCH	NOT_RESET	NOT_WAYPOINT	-258.976	1.8	-297.4568	0	0.7861397	0	0.6180488	0.04389954	0.5453186	0.05933312	-268.8347	1.8	-300	
25.34039	COLLISION_NONE	NOT_SWITCH	NOT_RESET	NOT_WAYPOINT	-258.616	1.8	-297.2377	0	0.7851226	0	0.6193404	0.04417419	0.5225525	0.05527049	-268.8347	1.8	-300	
25.36039	COLLISION_NONE	NOT_SWITCH	NOT_RESET	NOT_WAYPOINT	-258.2566	1.8	-297.0174	0	0.7830832	0	0.6219169	0.03819656	0.4990234	0.05515194	-268.8347	1.8	-300	
25.38039	COLLISION_NONE	NOT_SWITCH	NOT_RESET	NOT_WAYPOINT	-257.8995	1.8	-296.7945	0	0.7820609	0	0.623202	0.03403091	0.4940491	0.05736601	-268.8347	1.8	-300	
25.40039	COLLISION_NONE	NOT_SWITCH	NOT_RESET	NOT_WAYPOINT	-257.5422	1.8	-296.5704	0	0.7810369	0	0.624485	0.02838135	0.4605103	0.05748153	-268.8347	1.8	-300	
25.42039	COLLISION_NONE	NOT_SWITCH	NOT_RESET	NOT_WAYPOINT	-257.1858	1.8	-296.3454	0	0.7800109	0	0.6257659	0.03252792	0.4569702	0.05241489	-268.8347	1.8	-300	
25.44039	COLLISION_NONE	NOT_SWITCH	NOT_RESET	NOT_WAYPOINT	-256.8301	1.8	-296.1192	0	0.7789829	0	0.6270452	0.03098679	0.4674072	0.05219981	-268.8347	1.8	-300	
25.46039	COLLISION_NONE	NOT_SWITCH	NOT_RESET	NOT_WAYPOINT	-256.4752	1.8	-295.8919	0	0.7769213	0	0.6295977	0.0176506	0.4647827	0.06328559	-268.8347	1.8	-300	
25.48039	COLLISION_NONE	NOT_SWITCH	NOT_RESET	NOT_WAYPOINT	-256.1225	1.8	-295.662	0	0.7758873	0	0.6308716	0.03321457	0.4837952	0.07994398	-268.8347	1.8	-300	
25.50039	COLLISION_NONE	NOT_SWITCH	NOT_RESET	TRIGGER_WAYPOINT	-255.7697	1.8	-295.4309	0	0.7748506	0	0.6321445	0.04811478	0.4802551	0.07053033	-240.303	1.8	-290.7295	
25.52039	COLLISION_NONE	NOT_SWITCH	NOT_RESET	NOT_WAYPOINT	-255.4178	1.8	-295.1989	0	0.7738111	0	0.6334165	0.06179428	0.4813538	0.06258616	-240.303	1.8	-290.7295	
25.54039	COLLISION_NONE	NOT_SWITCH	NOT_RESET	NOT_WAYPOINT	-255.0666	1.8	-294.9658	0	0.7727691	0	0.6346874	0.06436157	0.4797668	0.05444688	-240.303	1.8	-290.7295	
25.56039	COLLISION_NONE	NOT_SWITCH	NOT_RESET	NOT_WAYPOINT	-254.7162	1.8	-294.7315	0	0.7706781	0	0.6372247	0.0584259	0.4567871	0.02099222	-240.303	1.8	-290.7295	
25.58039	COLLISION_NONE	NOT_SWITCH	NOT_RESET	NOT_WAYPOINT	-254.3681	1.8	-294.4948	0	0.7696298	0	0.6384903	0.04732895	0.458313	0.02217057	-240.303	1.8	-290.7295	
25.6004	COLLISION_NONE	NOT_SWITCH	NOT_RESET	NOT_WAYPOINT	-254.0199	1.8	-294.2568	0	0.7685793	0	0.6397546	0.045578	0.4701843	0.007731706	-240.303	1.8	-290.7295	
25.6204	COLLISION_NONE	NOT_SWITCH	NOT_RESET	NOT_WAYPOINT	-253.6726	1.8	-294.0179	0	0.7675265	0	0.6410173	0.06221771	0.4547729	0.01272091	-240.303	1.8	-290.7295	
25.6404	COLLISION_NONE	NOT_SWITCH	NOT_RESET	NOT_WAYPOINT	-253.3261	1.8	-293.7779	0	0.7664716	0	0.6422783	0.06592941	0.4656067	0.01985756	-240.303	1.8	-290.7295	
25.6604	COLLISION_NONE	NOT_SWITCH	NOT_RESET	NOT_WAYPOINT	-252.9804	1.8	-293.5368	0	0.7643555	0	0.6447951	0.05363464	0.446228	0.002847582	-240.303	1.8	-290.7295	
25.6804	COLLISION_NONE	NOT_SWITCH	NOT_RESET	NOT_WAYPOINT	-252.6371	1.8	-293.2932	0	0.7632949	0	0.6460503	0.04510498	0.4461975	-0.004123986	-240.303	1.8	-290.7295	
25.7004	COLLISION_NONE	NOT_SWITCH	NOT_RESET	NOT_WAYPOINT	-252.2937	1.8	-293.0483	0	0.7622325	0	0.6473034	0.03553772	0.459198	-0.01774907	-240.303	1.8	-290.7295	
25.7204	COLLISION_NONE	NOT_SWITCH	NOT_RESET	NOT_WAYPOINT	-251.9512	1.8	-292.8026	0	0.7611679	0	0.6485549	0.04673004	0.4490356	-0.03292832	-240.303	1.8	-290.7295	
25.7404	COLLISION_NONE	NOT_SWITCH	NOT_RESET	NOT_WAYPOINT	-251.6095	1.8	-292.5558	0	0.7601016	0	0.6498042	0.03664017	0.4332581	-0.02652839	-240.303	1.8	-290.7295	
25.7604	COLLISION_NONE	NOT_SWITCH	NOT_RESET	NOT_WAYPOINT	-251.2686	1.8	-292.308	0	0.7579634	0	0.6522971	0.02408218	0.4366455	-0.03950036	-240.303	1.8	-290.7295	
25.7804	COLLISION_NONE	NOT_SWITCH	NOT_RESET	NOT_WAYPOINT	-250.9377	1.8	-292.1021	0	0.7568915	0	0.6535406	0.02928162	0.4541626	-0.01530677	-240.303	1.8	-290.7295	
25.8004	COLLISION_NONE	NOT_SWITCH	NOT_RESET	NOT_WAYPOINT	-250.6115	1.8	-291.9174	0	0.7558179	0	0.6547819	0.0295372	0.4313965	-0.01936322	-240.303	1.8	-290.7295	
25.8204	COLLISION_NONE	NOT_SWITCH	NOT_RESET	NOT_WAYPOINT	-250.2902	1.8	-291.7535	0	0.7547418	0	0.656022	0.04062653	0.4256287	-0.02195191	-240.303	1.8	-290.7295	
25.8404	COLLISION_NONE	NOT_SWITCH	NOT_RESET	NOT_WAYPOINT	-249.9735	1.8	-291.6104	0	0.7536633	0	0.6572607	0.04364014	0.4437561	-0.01972285	-240.303	1.8	-290.7295	
25.8604	COLLISION_NONE	NOT_SWITCH	NOT_RESET	NOT_WAYPOINT	-249.6615	1.8	-291.4881	0	0.7515001	0	0.659733	0.03856659	0.4596863	0.0009330511	-240.303	1.8	-290.7295	
25.8804	COLLISION_NONE	NOT_SWITCH	NOT_RESET	NOT_WAYPOINT	-249.3703	1.8	-291.394	0	0.7504154	0	0.6609665	0.04298782	0.4595337	-0.02176571	-240.303	1.8	-290.7295	
25.9004	COLLISION_NONE	NOT_SWITCH	NOT_RESET	NOT_WAYPOINT	-249.101	1.8	-291.3049	0	0.7493285	0	0.6621985	0.04819107	0.4514465	-0.01730868	-240.303	1.8	-290.7295	
25.9204	COLLISION_NONE	NOT_SWITCH	NOT_RESET	NOT_WAYPOINT	-248.8534	1.8	-291.221	0	0.7482392	0	0.6634291	0.05665588	0.464386	0.005100042	-240.303	1.8	-290.7295	
25.9404	COLLISION_NONE	NOT_SWITCH	NOT_RESET	NOT_WAYPOINT	-248.6277	1.8	-291.1422	0	0.7460552	0	0.6658841	0.04406357	0.4549866	-0.01221237	-240.303	1.8	-290.7295	
25.9604	COLLISION_NONE	NOT_SWITCH	NOT_RESET	NOT_WAYPOINT	-248.4454	1.8	-291.0737	0	0.7449602	0	0.6671088	0.04375839	0.4692383	-0.01109046	-240.303	1.8	-290.7295	
25.9804	COLLISION_NONE	NOT_SWITCH	NOT_RESET	NOT_WAYPOINT	-248.285	1.8	-291.0105	0	0.7438632	0	0.668332	0.04929733	0.4553833	-0.004924595	-240.303	1.8	-290.7295	
26.0004	COLLISION_NONE	NOT_SWITCH	NOT_RESET	NOT_WAYPOINT	-248.1463	1.8	-290.9525	0	0.7427639	0	0.6695535	0.05249405	0.4337769	-0.01245791	-240.303	1.8	-290.7295	
26.0204	COLLISION_NONE	NOT_SWITCH	NOT_RESET	NOT_WAYPOINT	-248.0293	1.8	-290.8999	0	0.7416633	0	0.6707723	0.02705765	0.4499817	-0.005427688	-240.303	1.8	-290.7295	
26.04041	COLLISION_NONE	NOT_SWITCH	NOT_RESET	NOT_WAYPOINT	-247.9339	1.8	-290.8526	0	0.7394557	0	0.6732053	0.04264069	0.4610901	-0.02491248	-240.303	1.8	-290.7295	
26.06041	COLLISION_NONE	NOT_SWITCH	NOT_RESET	NOT_WAYPOINT	-247.8665	1.8	-290.8129	0	0.7383488	0	0.6744191	0.04452133	0.4789734	-0.0003563762	-240.303	1.8	-290.7295	
26.08041	COLLISION_NONE	NOT_SWITCH	NOT_RESET	NOT_WAYPOINT	-247.817	1.8	-290.778	0	0.7372397	0	0.6756313	0.04816437	0.4728394	0.001027495	-240.303	1.8	-290.7295	
26.10041	COLLISION_NONE	NOT_SWITCH	NOT_RESET	NOT_WAYPOINT	-247.8014	1.8	-290.752	0	0.7361286	0	0.6768417	0.03746796	0.4855957	0.009713173	-240.303	1.8	-290.7295	
26.12041	COLLISION_NONE	NOT_SWITCH	NOT_RESET	NOT_WAYPOINT	-247.8466	1.8	-290.7389	0	0.7350166	0	0.6780492	0.0112648	0.4920959	0.006078243	-240.303	1.8	-290.7295	
26.14041	COLLISION_NONE	NOT_SWITCH	NOT_RESET	NOT_WAYPOINT	-247.9356	1.8	-290.7343	0	0.7327864	0	0.6804587	0.03421021	0.4944763	0.01295474	-240.303	1.8	-290.7295	
26.16041	COLLISION_NONE	NOT_SWITCH	NOT_RESET	NOT_WAYPOINT	-248.0303	1.8	-290.7312	0	0.7316682	0	0.6816609	0.03204727	0.4950562	-0.009043276	-240.303	1.8	-290.7295	
26.18041	COLLISION_NONE	NOT_SWITCH	NOT_RESET	NOT_WAYPOINT	-248.122	1.8	-290.7279	0	0.7305483	0	0.682861	0.02351761	0.4949951	-0.01603076	-240.303	1.8	-290.7295	
26.20041	COLLISION_NONE	NOT_SWITCH	NOT_RESET	NOT_WAYPOINT	-248.214	1.8	-290.7249	0	0.7294264	0	0.6840593	0.02646255	0.4961548	-0.01955944	-240.303	1.8	-290.7295	
26.22041	COLLISION_NONE	NOT_SWITCH	NOT_RESET	NOT_WAYPOINT	-248.3055	1.8	-290.7222	0	0.7283024	0	0.6852559	0.0261879	0.514679	-0.01694837	-240.303	1.8	-290.7295	
26.24041	COLLISION_NONE	NOT_SWITCH	NOT_RESET	NOT_WAYPOINT	-248.3975	1.8	-290.7197	0	0.7260502	0	0.6876417	0.007167816	0.4918823	-0.02357399	-240.303	1.8	-290.7295	
26.26041	COLLISION_NONE	NOT_SWITCH	NOT_RESET	NOT_WAYPOINT	-248.4886	1.8	-290.7182	0	0.7249212	0	0.6888318	0.01316071	0.4898071	-0.0432052	-240.303	1.8	-290.7295	
26.28041	COLLISION_NONE	NOT_SWITCH	NOT_RESET	NOT_WAYPOINT	-248.5806	1.8	-290.7166	0	0.7237905	0	0.6900197	0.003520966	0.4937744	-0.02642804	-240.303	1.8	-290.7295	
26.30041	COLLISION_NONE	NOT_SWITCH	NOT_RESET	NOT_WAYPOINT	-248.6727	1.8	-290.7154	0	0.7226583	0	0.6912054	-0.003601074	0.4876709	-0.02067029	-240.303	1.8	-290.7295	
26.32041	COLLISION_NONE	NOT_SWITCH	NOT_RESET	NOT_WAYPOINT	-248.7647	1.8	-290.7144	0	0.7215246	0	0.6923889	-0.009529114	0.4768677	-0.01647398	-240.303	1.8	-290.7295	
26.34041	COLLISION_NONE	NOT_SWITCH	NOT_RESET	NOT_WAYPOINT	-248.8563	1.8	-290.7138	0	0.7192515	0	0.6947499	-0.006965637	0.4832458	0.01153341	-240.303	1.8	-290.7295	
26.36041	COLLISION_NONE	NOT_SWITCH	NOT_RESET	NOT_WAYPOINT	-248.9438	1.8	-290.6309	0	0.7181122	0	0.6959274	-0.007339478	0.4805298	0.006944895	-240.303	1.8	-290.7295	
26.38041	COLLISION_NONE	NOT_SWITCH	NOT_RESET	NOT_WAYPOINT	-249.0306	1.8	-290.4615	0	0.7169709	0	0.6971032	-0.001052856	0.4940186	0.007328212	-240.303	1.8	-290.7295	
26.40041	COLLISION_NONE	NOT_SWITCH	NOT_RESET	NOT_WAYPOINT	-249.117	1.8	-290.2103	0	0.7158273	0	0.6982774	0.004909515	0.4956665	0.02249217	-240.303	1.8	-290.7295	
26.42041	COLLISION_NONE	NOT_SWITCH	NOT_RESET	NOT_WAYPOINT	-249.2032	1.8	-289.9126	0	0.7146817	0	0.6994498	0.007099152	0.4871216	0.008263409	-240.303	1.8	-290.7295	
26.44041	COLLISION_NONE	NOT_SWITCH	NOT_RESET	NOT_WAYPOINT	-249.29	1.8	-289.6129	0	0.7123848	0	0.7017891	0.00825119	0.5038147	0.02504399	-240.303	1.8	-290.7295	
26.46041	COLLISION_NONE	NOT_SWITCH	NOT_RESET	NOT_WAYPOINT	-249.3792	1.8	-289.3148	0	0.7112336	0	0.7029557	-0.001914978	0.4710388	0.02562612	-240.303	1.8	-290.7295	
26.48042	COLLISION_NONE	NOT_SWITCH	NOT_RESET	NOT_WAYPOINT	-249.4689	1.8	-289.016	0	0.7100806	0	0.7041205	0.004306793	0.4499512	0.03678486	-240.303	1.8	-290.7295	
26.50042	COLLISION_NONE	NOT_SWITCH	NOT_RESET	NOT_WAYPOINT	-249.5482	1.8	-288.7195	0	0.7089257	0	0.7052833	0.005397797	0.449646	0.04774287	-240.303	1.8	-290.7295	
26.52042	COLLISION_NONE	NOT_SWITCH	NOT_RESET	NOT_WAYPOINT	-249.6068	1.8	-288.4252	0	0.7077695	0	0.7064435	-0.01689148	0.4315186	0.04291525	-240.303	1.8	-290.7295	
26.54042	COLLISION_NONE	NOT_SWITCH	NOT_RESET	NOT_WAYPOINT	-249.6193	1.8	-288.1321	0	0.7054532	0	0.7087566	-0.03092575	0.4319153	0.04764786	-240.303	1.8	-290.7295	
26.56042	COLLISION_NONE	NOT_SWITCH	NOT_RESET	NOT_WAYPOINT	-249.5204	1.8	-287.8392	0	0.7042925	0	0.70991	-0.02244568	0.4533081	0.07289782	-240.303	1.8	-290.7295	
26.58042	COLLISION_NONE	NOT_SWITCH	NOT_RESET	NOT_WAYPOINT	-249.3821	1.8	-287.5441	0	0.7031296	0	0.7110618	-0.01019669	0.4343567	0.06583589	-240.303	1.8	-290.7295	
26.60042	COLLISION_NONE	NOT_SWITCH	NOT_RESET	NOT_WAYPOINT	-249.2214	1.8	-287.2469	0	0.7019643	0	0.7122121	-0.006908417	0.4297485	0.06404877	-240.303	1.8	-290.7295	
26.62042	COLLISION_NONE	NOT_SWITCH	NOT_RESET	NOT_WAYPOINT	-249.055	1.8	-286.9471	0	0.6996275	0	0.7145078	4.959106E-05	0.401886	0.04679385	-240.303	1.8	-290.7295	
26.64042	COLLISION_NONE	NOT_SWITCH	NOT_RESET	NOT_WAYPOINT	-248.8898	1.8	-286.645	0	0.6984566	0	0.7156524	-0.02140808	0.4024658	0.02219218	-240.303	1.8	-290.7295	
26.66042	COLLISION_NONE	NOT_SWITCH	NOT_RESET	NOT_WAYPOINT	-248.7255	1.8	-286.3431	0	0.6972839	0	0.7167951	-0.01268768	0.4369812	0.007399499	-240.303	1.8	-290.7295	
26.68042	COLLISION_NONE	NOT_SWITCH	NOT_RESET	NOT_WAYPOINT	-248.5622	1.8	-286.0408	0	0.6961086	0	0.7179365	0.003604889	0.4273682	0.01064259	-240.303	1.8	-290.7295	
26.70042	COLLISION_NONE	NOT_SWITCH	NOT_RESET	NOT_WAYPOINT	-248.3999	1.8	-285.738	0	0.694932	0	0.7190754	-0.01623535	0.3859253	0.02376258	-240.303	1.8	-290.7295	
26.72042	COLLISION_NONE	NOT_SWITCH	NOT_RESET	NOT_WAYPOINT	-248.2386	1.8	-285.4347	0	0.6915901	0	0.7222902	-0.007854462	0.3519897	0.01919946	-240.303	1.8	-290.7295	
26.74042	COLLISION_NONE	NOT_SWITCH	NOT_RESET	NOT_WAYPOINT	-248.081	1.8	-285.135	0	0.6892267	0	0.7245458	-0.002643585	0.3439026	0.02365723	-240.303	1.8	-290.7295	
26.76042	COLLISION_NONE	NOT_SWITCH	NOT_RESET	NOT_WAYPOINT	-247.9272	1.8	-284.8343	0	0.6861613	0	0.7274495	0.0003509521	0.3577881	0.02443358	-240.303	1.8	-290.7295	
26.78042	COLLISION_NONE	NOT_SWITCH	NOT_RESET	NOT_WAYPOINT	-247.7773	1.8	-284.5316	0	0.6825186	0	0.7308683	-0.007549286	0.337738	0.01809326	-240.303	1.8	-290.7295	
26.80042	COLLISION_NONE	NOT_SWITCH	NOT_RESET	NOT_WAYPOINT	-247.6311	1.8	-284.2269	0	0.6781403	0	0.7349326	0.01242065	0.3262329	0.02414027	-240.303	1.8	-290.7295	
26.82042	COLLISION_NONE	NOT_SWITCH	NOT_RESET	NOT_WAYPOINT	-247.4872	1.8	-283.9237	0	0.6671914	0	0.7448863	0.004653931	0.335907	0.02787092	-240.303	1.8	-290.7295	
26.84042	COLLISION_NONE	NOT_SWITCH	NOT_RESET	NOT_WAYPOINT	-247.3513	1.8	-283.6206	0	0.6610191	0	0.7503691	-0.004566193	0.3255005	0.03239915	-240.303	1.8	-290.7295	
26.86042	COLLISION_NONE	NOT_SWITCH	NOT_RESET	NOT_WAYPOINT	-247.2218	1.8	-283.3149	0	0.6546238	0	0.7559549	-0.0004959106	0.3305969	0.04130864	-240.303	1.8	-290.7295	
26.88042	COLLISION_NONE	NOT_SWITCH	NOT_RESET	NOT_WAYPOINT	-247.0986	1.8	-283.0065	0	0.6480916	0	0.7615624	0.01255798	0.3559265	0.03422609	-240.303	1.8	-290.7295	
26.90042	COLLISION_NONE	NOT_SWITCH	NOT_RESET	NOT_WAYPOINT	-246.9817	1.8	-282.6955	0	0.6414663	0	0.7671513	0.01919174	0.3423157	0.01806521	-240.303	1.8	-290.7295	
26.92043	COLLISION_NONE	NOT_SWITCH	NOT_RESET	NOT_WAYPOINT	-246.8709	1.8	-282.382	0	0.6280143	0	0.7782018	0.03543472	0.3412781	0.03528672	-240.303	1.8	-290.7295	
26.94043	COLLISION_NONE	NOT_SWITCH	NOT_RESET	NOT_WAYPOINT	-246.7645	1.8	-282.0724	0	0.6212051	0	0.783648	0.03697205	0.3308411	0.03547034	-240.303	1.8	-290.7295	
26.96043	COLLISION_NONE	NOT_SWITCH	NOT_RESET	NOT_WAYPOINT	-246.6693	1.8	-281.7642	0	0.6143458	0	0.7890369	0.03955078	0.3334961	0.02874824	-240.303	1.8	-290.7295	
26.98043	COLLISION_NONE	NOT_SWITCH	NOT_RESET	NOT_WAYPOINT	-246.5827	1.8	-281.4596	0	0.6074383	0	0.7943669	0.04217148	0.3441162	0.05822986	-240.303	1.8	-290.7295	
27.00043	COLLISION_NONE	NOT_SWITCH	NOT_RESET	NOT_WAYPOINT	-246.4989	1.8	-281.1577	0	0.6004838	0	0.7996369	0.06035233	0.3443909	0.0498068	-240.303	1.8	-290.7295	
27.02043	COLLISION_NONE	NOT_SWITCH	NOT_RESET	NOT_WAYPOINT	-246.4169	1.8	-280.8582	0	0.5864374	0	0.8099946	0.0614357	0.3403625	0.0260534	-240.303	1.8	-290.7295	
27.04043	COLLISION_NONE	NOT_SWITCH	NOT_RESET	NOT_WAYPOINT	-246.3607	1.8	-280.5678	0	0.5793467	0	0.8150813	0.06255722	0.3442993	0.03846651	-240.303	1.8	-290.7295	
27.06043	COLLISION_NONE	NOT_SWITCH	NOT_RESET	NOT_WAYPOINT	-246.3413	1.8	-280.2867	0	0.5722119	0	0.8201059	0.06142044	0.3361511	0.02460587	-240.303	1.8	-290.7295	
27.08043	COLLISION_NONE	NOT_SWITCH	NOT_RESET	NOT_WAYPOINT	-246.3881	1.8	-280.0221	0	0.5650334	0	0.8250681	0.06323242	0.3285522	0.04052633	-240.303	1.8	-290.7295	
27.10043	COLLISION_NONE	NOT_SWITCH	NOT_RESET	NOT_WAYPOINT	-246.52	1.8	-279.7791	0	0.5578119	0	0.8299675	0.05096054	0.3176575	0.02637678	-240.303	1.8	-290.7295	
27.12043	COLLISION_NONE	NOT_SWITCH	NOT_RESET	NOT_WAYPOINT	-246.7289	1.8	-279.5567	0	0.543242	0	0.8395762	0.0557251	0.289856	0.02044389	-240.303	1.8	-290.7295	
27.14043	COLLISION_NONE	NOT_SWITCH	NOT_RESET	NOT_WAYPOINT	-247.0339	1.8	-279.3656	0	0.5358947	0	0.8442849	0.05680847	0.2900696	-0.001906991	-240.303	1.8	-290.7295	
27.16043	COLLISION_NONE	NOT_SWITCH	NOT_RESET	NOT_WAYPOINT	-247.3352	1.8	-279.1778	0	0.5285066	0	0.8489292	0.07092667	0.3066406	-0.0008904338	-240.303	1.8	-290.7295	
27.18043	COLLISION_NONE	NOT_SWITCH	NOT_RESET	NOT_WAYPOINT	-247.6362	1.8	-278.9927	0	0.5210782	0	0.8535089	0.04505539	0.3116455	-0.001308948	-240.303	1.8	-290.7295	
27.20043	COLLISION_NONE	NOT_SWITCH	NOT_RESET	NOT_WAYPOINT	-247.9382	1.8	-278.8113	0	0.506103	0	0.862473	0.03762054	0.3161011	-0.02912608	-240.303	1.8	-290.7295	
27.22043	COLLISION_NONE	NOT_SWITCH	NOT_RESET	NOT_WAYPOINT	-248.2433	1.8	-278.6389	0	0.4985574	0	0.8668567	0.02763748	0.3216248	-0.01549032	-240.303	1.8	-290.7295	
27.24043	COLLISION_NONE	NOT_SWITCH	NOT_RESET	NOT_WAYPOINT	-248.5517	1.8	-278.4719	0	0.4909737	0	0.8711744	0.01652908	0.3189392	-0.01572201	-240.303	1.8	-290.7295	
27.26043	COLLISION_NONE	NOT_SWITCH	NOT_RESET	NOT_WAYPOINT	-248.863	1.8	-278.3102	0	0.4833527	0	0.8754257	0.003643036	0.3323059	-0.02900505	-240.303	1.8	-290.7295	
27.28043	COLLISION_NONE	NOT_SWITCH	NOT_RESET	NOT_WAYPOINT	-249.1676	1.8	-278.1495	0	0.4756949	0	0.8796104	-0.00667572	0.3435669	-0.01711121	-240.303	1.8	-290.7295	
27.30043	COLLISION_NONE	NOT_SWITCH	NOT_RESET	NOT_WAYPOINT	-249.4685	1.8	-277.9903	0	0.4602711	0	0.8877784	-0.02085114	0.3403931	-0.03598028	-240.303	1.8	-290.7295	
27.32043	COLLISION_NONE	NOT_SWITCH	NOT_RESET	NOT_WAYPOINT	-249.7543	1.8	-277.8295	0	0.4525063	0	0.8917612	-0.004989624	0.3153076	-0.04168418	-240.303	1.8	-290.7295	
27.34044	COLLISION_NONE	NOT_SWITCH	NOT_RESET	NOT_WAYPOINT	-250.04	1.8	-277.6697	0	0.4447071	0	0.895676	0.000667572	0.3482971	-0.008580565	-240.303	1.8	-290.7295	
27.36044	COLLISION_NONE	NOT_SWITCH	NOT_RESET	NOT_WAYPOINT	-250.3213	1.8	-277.5093	0	0.4368741	0	0.8995227	0.002990723	0.3480835	-0.03103119	-240.303	1.8	-290.7295	
27.38044	COLLISION_NONE	NOT_SWITCH	NOT_RESET	NOT_WAYPOINT	-250.5989	1.8	-277.3489	0	0.4290077	0	0.9033009	0.004516602	0.3595276	-0.04584828	-240.303	1.8	-290.7295	
27.40044	COLLISION_NONE	NOT_SWITCH	NOT_RESET	NOT_WAYPOINT	-250.8716	1.8	-277.1872	0	0.4131776	0	0.9106506	-0.002193451	0.3604126	-0.033995	-240.303	1.8	-290.7295	
27.42044	COLLISION_NONE	NOT_SWITCH	NOT_RESET	NOT_WAYPOINT	-251.136	1.8	-277.0251	0	0.4052151	0	0.9142215	-0.001075745	0.3643494	-0.02158564	-240.303	1.8	-290.7295	
27.44044	COLLISION_NONE	NOT_SWITCH	NOT_RESET	NOT_WAYPOINT	-251.4021	1.8	-276.8659	0	0.3972216	0	0.9177228	-0.009651184	0.3595581	0.003311425	-240.303	1.8	-290.7295	
27.46044	COLLISION_NONE	NOT_SWITCH	NOT_RESET	NOT_WAYPOINT	-251.6699	1.8	-276.7103	0	0.3891979	0	0.9211542	-0.02893448	0.3595581	0.0007228851	-240.303	1.8	-290.7295	
27.48044	COLLISION_NONE	NOT_SWITCH	NOT_RESET	NOT_WAYPOINT	-251.9394	1.8	-276.5584	0	0.3811446	0	0.9245155	-0.0218544	0.3614197	-0.006483197	-240.303	1.8	-290.7295	
27.50044	COLLISION_NONE	NOT_SWITCH	NOT_RESET	NOT_WAYPOINT	-252.211	1.8	-276.4109	0	0.3649516	0	0.9310265	-0.04634094	0.3476257	0.001490474	-240.303	1.8	-290.7295	
27.52044	COLLISION_NONE	NOT_SWITCH	NOT_RESET	NOT_WAYPOINT	-252.4685	1.8	-276.2537	0	0.356813	0	0.9341758	-0.05385971	0.3303223	-0.0002181232	-240.303	1.8	-290.7295	
27.54044	COLLISION_NONE	NOT_SWITCH	NOT_RESET	NOT_WAYPOINT	-252.6566	1.8	-276.0209	0	0.3491621	0	0.9370624	-0.04679489	0.3279114	-0.008876473	-240.303	1.8	-290.7295	
27.56044	COLLISION_NONE	NOT_SWITCH	NOT_RESET	NOT_WAYPOINT	-252.7674	1.8	-275.698	0	0.3426589	0	0.9394599	-0.05467606	0.3121338	-0.0137901	-240.303	1.8	-290.7295	
27.58044	COLLISION_NONE	NOT_SWITCH	NOT_RESET	NOT_WAYPOINT	-252.8283	1.8	-275.311	0	0.3386324	0	0.9409188	-0.04681778	0.3236694	-0.01032567	-240.303	1.8	-290.7295	
27.60044	COLLISION_NONE	NOT_SWITCH	NOT_RESET	NOT_WAYPOINT	-252.8725	1.8	-274.8984	0	0.3336824	0	0.9426856	-0.0339241	0.3145447	0.004367799	-240.303	1.8	-290.7295	
27.62044	COLLISION_NONE	NOT_SWITCH	NOT_RESET	NOT_WAYPOINT	-252.9149	1.8	-274.4721	0	0.3318276	0	0.94334	-0.01716232	0.3203735	0.01656589	-240.303	1.8	-290.7295	
27.64044	COLLISION_NONE	NOT_SWITCH	NOT_RESET	NOT_WAYPOINT	-252.9597	1.8	-274.0514	0	0.330128	0	0.9439362	-0.02942657	0.3095093	0.002451241	-240.303	1.8	-290.7295	
27.66044	COLLISION_NONE	NOT_SWITCH	NOT_RESET	NOT_WAYPOINT	-253.0019	1.8	-273.6361	0	0.3285062	0	0.9445019	-0.04679871	0.3274231	0.02442884	-240.303	1.8	-290.7295	
27.68044	COLLISION_NONE	NOT_SWITCH	NOT_RESET	NOT_WAYPOINT	-253.0283	1.8	-273.2355	0	0.3269233	0	0.9450509	-0.05469894	0.3074036	0.01809144	-240.303	1.8	-290.7295	
27.70044	COLLISION_NONE	NOT_SWITCH	NOT_RESET	NOT_WAYPOINT	-253.0387	1.8	-272.8495	0	0.3238045	0	0.946124	-0.06689835	0.3092651	0.008335352	-240.303	1.8	-290.7295	
27.72044	COLLISION_NONE	NOT_SWITCH	NOT_RESET	NOT_WAYPOINT	-253.0177	1.8	-272.4927	0	0.3222541	0	0.9466532	-0.05795288	0.3162537	0.02132857	-240.303	1.8	-290.7295	
27.74044	COLLISION_NONE	NOT_SWITCH	NOT_RESET	NOT_WAYPOINT	-252.9809	1.8	-272.1502	0	0.3207054	0	0.947179	-0.05244446	0.3200378	0.01105145	-240.303	1.8	-290.7295	
27.76044	COLLISION_NONE	NOT_SWITCH	NOT_RESET	NOT_WAYPOINT	-252.9431	1.8	-271.8111	0	0.3191569	0	0.9477019	-0.05569839	0.3288879	0.01428881	-240.303	1.8	-290.7295	
27.78045	COLLISION_NONE	NOT_SWITCH	NOT_RESET	NOT_WAYPOINT	-252.8894	1.8	-271.4862	0	0.3176075	0	0.9482223	-0.03981781	0.3293762	0.02834037	-240.303	1.8	-290.7295	
27.80045	COLLISION_NONE	NOT_SWITCH	NOT_RESET	NOT_WAYPOINT	-252.7794	1.8	-271.2049	0	0.3145055	0	0.9492556	-0.04137039	0.3095093	0.04030144	-240.303	1.8	-290.7295	
