#Walking Trial Path#
#TimeStamp#	#PositionX#	#PositionY#	#PositionZ#	#OrientationX#	#OrientationY#	#OrientationZ#	#OrientationW#	
0	306.5428	1.8	-276.635	0	0	0	1
0.02	306.7877	1.8	-278.4873	0	0	0	1
0.04	307.037	1.8	-280.3386	0	0	0	1
0.06	307.52	1.8	-283.1623	0	0	0	1
0.08	307.5455	1.8	-284.0389	0	0	0	1
0.09999999	307.8107	1.8	-285.8864	0	0	0	1
0.12	308.0821	1.8	-287.7324	0	0	0	1
0.14	308.3603	1.8	-289.5767	0	0	0	1
0.16	308.6459	1.8	-291.4189	0	0	0	1
0.18	308.6714	1.8	-292.2956	0	0	0	1
0.2	308.9743	1.8	-294.133	0	0	0	1
0.22	309.2873	1.8	-295.9675	0	0	0	1
0.24	309.6117	1.8	-297.7985	0	0	0	1
0.26	309.9492	1.8	-299.6252	0	0	0	1
0.28	310.3022	1.8	-301.4467	0	0	0	1
0.3	310.6736	1.8	-303.2617	0	0	0	1
0.32	310.699	1.8	-304.1384	0	0	0	1
0.34	311.1181	1.8	-305.9343	0	0	0	1
0.36	311.5697	1.8	-307.7157	0	0	0	1
0.38	312.0644	1.8	-309.4754	0	0	0	1
0.4	312.6205	1.8	-311.1997	0	0	0	1
0.42	312.646	1.8	-312.0764	0	0	0	1
0.4400001	312.6715	1.8	-312.953	0	0	0	1
0.4600001	312.697	1.8	-313.8297	0	0.002798422	0	0.9999961
0.4800001	312.7152	1.8	-314.4841	0	0.003868699	0	0.9999925
0.5000001	312.7262	1.8	-314.9162	0	0.003868699	0	0.9999925
0.52	312.7372	1.8	-315.3484	0	0.004074908	0	0.9999918
0.54	312.7409	1.8	-315.5582	0	0.003849083	0	0.9999927
0.56	312.7404	1.8	-315.6212	0	0.003849083	0	0.9999927
0.58	312.74	1.8	-315.6842	0	0.003407241	0	0.9999943
0.6	312.7396	1.8	-315.7467	0	0.002857388	0	0.9999959
0.6199999	312.7392	1.8	-315.8092	0	0.00225353	0	0.9999975
0.6399999	312.7389	1.8	-315.8717	0	0.00225353	0	0.9999975
0.6599999	312.7386	1.8	-315.9342	0	0.001622667	0	0.9999987
0.6799999	312.7384	1.8	-315.9967	0	0.0009783012	0	0.9999995
0.6999999	312.7383	1.8	-316.0592	0	0.0003271831	0	0.9999999
0.7199998	312.7383	1.8	-316.1217	0	-0.0003209131	0	0.9999999
0.7399998	312.7383	1.8	-316.1842	0	-0.0003209131	0	0.9999999
0.7599998	312.7383	1.8	-316.2467	0	-0.0009674984	0	0.9999995
0.7799998	312.7385	1.8	-316.3092	0	-0.001619726	0	0.9999987
0.7999998	312.7387	1.8	-316.3717	0	-0.002274775	0	0.9999974
0.8199998	312.739	1.8	-316.4342	0	-0.002274775	0	0.9999974
0.8399997	312.7392	1.8	-316.4967	0	-0.002931233	0	0.9999957
0.8599997	312.7396	1.8	-316.5592	0	-0.002931233	0	0.9999957
0.8799997	312.74	1.8	-316.6217	0	-0.003588396	0	0.9999936
0.8999997	312.7404	1.8	-316.6842	0	-0.00424591	0	0.999991
0.9199997	312.7409	1.8	-316.7467	0	-0.004903598	0	0.999988
0.9399996	312.7415	1.8	-316.8092	0	-0.004903598	0	0.999988
0.9599996	312.7422	1.8	-316.8717	0	-0.005561372	0	0.9999846
0.9799996	312.7429	1.8	-316.9342	0	-0.006219188	0	0.9999807
0.9999996	312.7436	1.8	-316.9967	0	-0.006219188	0	0.9999807
1.02	312.7444	1.8	-317.0592	0	-0.00687702	0	0.9999764
1.04	312.7452	1.8	-317.1217	0	-0.007534858	0	0.9999716
1.06	312.7462	1.8	-317.1842	0	-0.008192698	0	0.9999664
1.08	312.7472	1.8	-317.2467	0	-0.008850536	0	0.9999608
1.1	312.7483	1.8	-317.3092	0	-0.008850536	0	0.9999608
1.12	312.7494	1.8	-317.3717	0	-0.009508373	0	0.9999548
1.14	312.7506	1.8	-317.4342	0	-0.01016621	0	0.9999483
1.159999	312.7519	1.8	-317.4967	0	-0.01082403	0	0.9999414
1.179999	312.7532	1.8	-317.5592	0	-0.01082403	0	0.9999414
1.199999	312.7546	1.8	-317.6217	0	-0.01148186	0	0.9999341
1.219999	312.756	1.8	-317.6842	0	-0.01213968	0	0.9999263
1.239999	312.7575	1.8	-317.7467	0	-0.01279749	0	0.9999181
1.259999	312.7591	1.8	-317.8091	0	-0.0134489	0	0.9999096
1.279999	312.7608	1.8	-317.8716	0	-0.0134489	0	0.9999096
1.299999	312.7625	1.8	-317.9341	0	-0.0141035	0	0.9999006
1.319999	312.7643	1.8	-317.9966	0	-0.0147597	0	0.9998911
1.339999	312.7661	1.8	-318.059	0	-0.01607407	0	0.9998708
1.359999	312.7681	1.8	-318.1215	0	-0.01673165	0	0.99986
1.379999	312.7702	1.8	-318.184	0	-0.01738932	0	0.9998488
1.399999	312.7723	1.8	-318.2464	0	-0.01804703	0	0.9998372
1.419999	312.7746	1.8	-318.3089	0	-0.01869836	0	0.9998252
1.439999	312.7769	1.8	-318.3714	0	-0.02000903	0	0.9997998
1.459999	312.7794	1.8	-318.4338	0	-0.02066596	0	0.9997864
1.479999	312.782	1.8	-318.4962	0	-0.02132328	0	0.9997727
1.499999	312.7847	1.8	-318.5587	0	-0.02198078	0	0.9997584
1.519999	312.7874	1.8	-318.6211	0	-0.02263839	0	0.9997438
1.539999	312.7903	1.8	-318.6836	0	-0.02395368	0	0.9997131
1.559999	312.7932	1.8	-318.746	0	-0.02461134	0	0.9996971
1.579999	312.7963	1.8	-318.8084	0	-0.02526899	0	0.9996807
1.599999	312.7995	1.8	-318.8708	0	-0.02592664	0	0.9996639
1.619999	312.8027	1.8	-318.9333	0	-0.02658428	0	0.9996466
1.639999	312.806	1.8	-318.9957	0	-0.02789952	0	0.9996107
1.659999	312.8095	1.8	-319.0581	0	-0.02855712	0	0.9995922
1.679999	312.8131	1.8	-319.1205	0	-0.02921471	0	0.9995732
1.699999	312.8167	1.8	-319.1829	0	-0.02987229	0	0.9995537
1.719999	312.8205	1.8	-319.2453	0	-0.03052345	0	0.9995341
1.739999	312.8243	1.8	-319.3076	0	-0.03183375	0	0.9994932
1.759999	312.8282	1.8	-319.37	0	-0.03249047	0	0.999472
1.779999	312.8323	1.8	-319.4324	0	-0.03314758	0	0.9994505
1.799999	312.8365	1.8	-319.4948	0	-0.03380488	0	0.9994285
1.819999	312.8407	1.8	-319.5571	0	-0.03446227	0	0.999406
1.839999	312.845	1.8	-319.6195	0	-0.03577711	0	0.9993598
1.859999	312.8494	1.8	-319.6818	0	-0.03643454	0	0.9993361
1.879999	312.854	1.8	-319.7442	0	-0.03709195	0	0.9993119
1.899999	312.8586	1.8	-319.8065	0	-0.03774935	0	0.9992872
1.919999	312.8633	1.8	-319.8688	0	-0.03840674	0	0.9992622
1.939999	312.8681	1.8	-319.9311	0	-0.03906412	0	0.9992367
1.959999	312.873	1.8	-319.9934	0	-0.04037881	0	0.9991845
1.979999	312.8781	1.8	-320.0557	0	-0.04102973	0	0.999158
1.999999	312.8832	1.8	-320.118	0	-0.04168383	0	0.9991308
2.019999	312.8884	1.8	-320.1803	0	-0.04233952	0	0.9991033
2.039999	312.8937	1.8	-320.2426	0	-0.04299599	0	0.9990753
2.059999	312.899	1.8	-320.3049	0	-0.04430986	0	0.9990178
2.079999	312.9046	1.8	-320.3671	0	-0.04496697	0	0.9989885
2.099999	312.9102	1.8	-320.4294	0	-0.04562411	0	0.9989587
2.119999	312.9159	1.8	-320.4916	0	-0.04562411	0	0.9989587
2.139999	312.9102	1.8	-320.5353	0	-0.04562411	0	0.9989587
2.159999	312.902	1.8	-320.5738	0	-0.04562411	0	0.9989587
2.179999	312.8938	1.8	-320.61	0	-0.04562411	0	0.9989587
2.199999	312.8838	1.8	-320.6453	0	-0.04562411	0	0.9989587
2.219999	312.8729	1.8	-320.6811	0	-0.04562411	0	0.9989587
2.239999	312.8619	1.8	-320.717	0	-0.04562411	0	0.9989587
2.259999	312.851	1.8	-320.753	0	-0.04562411	0	0.9989587
2.279999	312.84	1.8	-320.7889	0	-0.04562411	0	0.9989587
2.299999	312.829	1.8	-320.8248	0	-0.04562411	0	0.9989587
2.319999	312.8181	1.8	-320.8607	0	-0.04562411	0	0.9989587
2.339998	312.8071	1.8	-320.8966	0	-0.04562411	0	0.9989587
2.359998	312.7857	1.8	-320.8193	0	-0.04562411	0	0.9989587
2.379998	312.6826	1.8	-320.6573	0	-0.04562411	0	0.9989587
2.399998	312.5795	1.8	-320.4952	0	-0.04562411	0	0.9989587
2.419998	312.4087	1.8	-320.3176	0	-0.04562411	0	0.9989587
2.439998	312.2033	1.8	-320.139	0	-0.04562411	0	0.9989587
2.459998	311.9893	1.8	-319.9599	0	-0.04562411	0	0.9989587
2.479998	311.7753	1.8	-319.7808	0	-0.04562411	0	0.9989587
2.499998	311.5634	1.8	-319.6028	0	-0.04562411	0	0.9989587
2.519998	311.3598	1.8	-319.4241	0	-0.04562411	0	0.9989587
2.539998	311.1562	1.8	-319.2454	0	-0.04562411	0	0.9989587
2.559998	310.9552	1.8	-319.0677	0	-0.04562411	0	0.9989587
2.579998	310.7567	1.8	-318.8902	0	-0.04562411	0	0.9989587
2.599998	310.5509	1.8	-318.7101	0	-0.04562411	0	0.9989587
2.619998	310.3375	1.8	-318.5309	0	-0.04562411	0	0.9989587
2.639998	310.1221	1.8	-318.3516	0	-0.04562411	0	0.9989587
2.659998	309.9066	1.8	-318.1722	0	-0.04562411	0	0.9989587
2.679998	309.691	1.8	-317.9928	0	-0.04562411	0	0.9989587
2.699998	309.4755	1.8	-317.8134	0	-0.04562411	0	0.9989587
2.719998	309.2599	1.8	-317.6339	0	-0.04562411	0	0.9989587
2.739998	309.0444	1.8	-317.4545	0	-0.04562411	0	0.9989587
2.759998	308.8289	1.8	-317.2751	0	-0.04562411	0	0.9989587
2.779998	308.6133	1.8	-317.0957	0	-0.04562411	0	0.9989587
2.799998	308.3978	1.8	-316.9163	0	-0.04562411	0	0.9989587
2.819998	308.1822	1.8	-316.7369	0	-0.04562411	0	0.9989587
2.839998	307.9667	1.8	-316.5575	0	-0.04562411	0	0.9989587
2.859998	307.7511	1.8	-316.3781	0	-0.04562411	0	0.9989587
2.879998	307.5356	1.8	-316.1986	0	-0.04562411	0	0.9989587
2.899998	307.32	1.8	-316.0192	0	-0.04562411	0	0.9989587
2.919998	307.1045	1.8	-315.8398	0	-0.04562411	0	0.9989587
2.939998	306.8889	1.8	-315.6604	0	-0.04562411	0	0.9989587
2.959998	306.6734	1.8	-315.481	0	-0.04562411	0	0.9989587
2.979998	306.4579	1.8	-315.3016	0	-0.04562411	0	0.9989587
2.999998	306.2423	1.8	-315.1222	0	-0.04562411	0	0.9989587
3.019998	306.0268	1.8	-314.9427	0	-0.04562411	0	0.9989587
3.039998	305.8112	1.8	-314.7633	0	-0.04562411	0	0.9989587
3.059998	305.5957	1.8	-314.5839	0	-0.04584674	0	0.9989485
3.079998	305.38	1.8	-314.4046	0	-0.04824861	0	0.9988354
3.099998	305.1639	1.8	-314.2264	0	-0.0532163	0	0.998583
3.119998	304.9469	1.8	-314.0501	0	-0.06005567	0	0.9981951
3.139998	304.7287	1.8	-313.8763	0	-0.06782823	0	0.9976971
3.159998	304.5088	1.8	-313.7054	0	-0.06782823	0	0.9976971
3.179998	304.2889	1.8	-313.5344	0	-0.07606439	0	0.997103
3.199998	304.0762	1.8	-313.3663	0	-0.08452906	0	0.9964211
3.219998	303.8788	1.8	-313.1985	0	-0.09310439	0	0.9956563
3.239998	303.6933	1.8	-313.0315	0	-0.0931044	0	0.9956564
3.259998	303.5078	1.8	-312.8644	0	-0.1017312	0	0.994812
3.279998	303.3378	1.8	-312.6969	0	-0.1103794	0	0.9938896
3.299998	303.1772	1.8	-312.5298	0	-0.1190339	0	0.9928902
3.319998	303.0215	1.8	-312.3638	0	-0.1190339	0	0.9928902
3.339998	302.8658	1.8	-312.1979	0	-0.1276866	0	0.9918146
3.359998	302.7108	1.8	-312.0339	0	-0.1363332	0	0.9906631
3.379997	302.5569	1.8	-311.8716	0	-0.1449713	0	0.9894359
3.399997	302.4043	1.8	-311.7108	0	-0.1449713	0	0.9894359
3.419997	302.2517	1.8	-311.5499	0	-0.1535992	0	0.9881333
3.439997	302.1092	1.8	-311.388	0	-0.1535992	0	0.9881333
3.459997	301.9666	1.8	-311.2261	0	-0.1622159	0	0.9867553
3.479997	301.8311	1.8	-311.0639	0	-0.1702376	0	0.9854031
3.499997	301.7009	1.8	-310.9018	0	-0.1702376	0	0.9854031
3.519997	301.5707	1.8	-310.7397	0	-0.1742443	0	0.9847025
3.539997	301.4487	1.8	-310.5766	0	-0.1762465	0	0.9843461
3.559997	301.3309	1.8	-310.414	0	-0.1772474	0	0.9841663
3.579997	301.2147	1.8	-310.2533	0	-0.1779979	0	0.9840309
3.599997	301.1049	1.8	-310.094	0	-0.178123	0	0.9840083
3.619997	301.0017	1.8	-309.9321	0	-0.1781855	0	0.9839969
3.639997	300.9056	1.8	-309.766	0	-0.1782168	0	0.9839913
3.659997	300.8158	1.8	-309.595	0	-0.1782324	0	0.9839885
3.679997	300.7303	1.8	-309.4196	0	-0.1782402	0	0.983987
3.699997	300.6469	1.8	-309.241	0	-0.1782461	0	0.983986
3.719997	300.5638	1.8	-309.0601	0	-0.1782471	0	0.9839858
3.739997	300.4807	1.8	-308.8803	0	-0.1782475	0	0.9839857
3.759997	300.3974	1.8	-308.7005	0	-0.1782478	0	0.9839857
3.779997	300.3141	1.8	-308.5207	0	-0.178248	0	0.9839857
3.799997	300.2308	1.8	-308.3409	0	-0.178248	0	0.9839857
3.819997	300.1476	1.8	-308.1611	0	-0.178248	0	0.9839857
3.839997	300.0643	1.8	-307.9813	0	-0.178248	0	0.9839857
3.859997	299.981	1.8	-307.8015	0	-0.178248	0	0.9839857
3.879997	299.8977	1.8	-307.6217	0	-0.178248	0	0.9839857
3.899997	299.8147	1.8	-307.4418	0	-0.178248	0	0.9839857
3.919997	299.7314	1.8	-307.262	0	-0.178248	0	0.9839857
3.939997	299.6482	1.8	-307.0822	0	-0.178248	0	0.9839857
3.959997	299.5649	1.8	-306.9023	0	-0.178248	0	0.9839857
3.979997	299.4816	1.8	-306.7225	0	-0.1791287	0	0.9838257
3.999997	299.398	1.8	-306.5429	0	-0.1807592	0	0.9835274
4.019997	299.3138	1.8	-306.3636	0	-0.1832888	0	0.9830591
4.039997	299.2289	1.8	-306.1847	0	-0.1864328	0	0.9824677
4.059997	299.1429	1.8	-306.0065	0	-0.1902144	0	0.9817426
4.079997	299.0557	1.8	-305.829	0	-0.1993121	0	0.9799361
4.099997	298.9654	1.8	-305.654	0	-0.2047998	0	0.9788039
4.119997	298.8731	1.8	-305.4793	0	-0.2107752	0	0.9775346
4.139997	298.7791	1.8	-305.3058	0	-0.2174431	0	0.976073
4.159997	298.6832	1.8	-305.1335	0	-0.2246974	0	0.9744286
4.179997	298.5851	1.8	-304.9627	0	-0.2323193	0	0.9726396
4.199997	298.4846	1.8	-304.7935	0	-0.2480952	0	0.9687356
4.219997	298.3793	1.8	-304.6284	0	-0.2560329	0	0.9666681
4.239997	298.2706	1.8	-304.4644	0	-0.26388	0	0.9645555
4.259997	298.1595	1.8	-304.3022	0	-0.2713073	0	0.9624928
4.279997	298.0458	1.8	-304.1416	0	-0.2778277	0	0.960631
4.299997	297.9298	1.8	-303.9826	0	-0.2832734	0	0.9590392
4.319997	297.8093	1.8	-303.826	0	-0.2841801	0	0.9587709
4.339997	297.6892	1.8	-303.6685	0	-0.2846334	0	0.9586365
4.359997	297.5689	1.8	-303.5111	0	-0.28486	0	0.9585692
4.379997	297.4485	1.8	-303.3537	0	-0.2849733	0	0.9585355
4.399997	297.3281	1.8	-303.1963	0	-0.2850583	0	0.9585102
4.419997	297.2076	1.8	-303.0389	0	-0.2850724	0	0.958506
4.439997	297.0871	1.8	-302.8816	0	-0.2850795	0	0.9585039
4.459997	296.9667	1.8	-302.7242	0	-0.2850831	0	0.9585028
4.479997	296.8462	1.8	-302.5669	0	-0.2850737	0	0.9585056
4.499997	296.7257	1.8	-302.4095	0	-0.2843694	0	0.9587148
4.519997	296.6055	1.8	-302.252	0	-0.2829121	0	0.9591459
4.539997	296.4858	1.8	-302.0942	0	-0.2753796	0	0.9613356
4.559997	296.3692	1.8	-301.9355	0	-0.2696895	0	0.9629474
4.579997	296.2538	1.8	-301.7751	0	-0.2627555	0	0.9648625
4.599997	296.1405	1.8	-301.6137	0	-0.2550668	0	0.9669234
4.619997	296.0295	1.8	-301.451	0	-0.2469906	0	0.9690179
4.639997	295.9211	1.8	-301.287	0	-0.2387111	0	0.9710906
4.659997	295.8153	1.8	-301.1213	0	-0.230321	0	0.9731147
4.679996	295.7123	1.8	-300.9539	0	-0.2133729	0	0.9769708
4.699996	295.6158	1.8	-300.7837	0	-0.2053058	0	0.9786979
4.719996	295.522	1.8	-300.611	0	-0.1988961	0	0.9800206
4.739996	295.4306	1.8	-300.4366	0	-0.1942263	0	0.9809567
4.759996	295.3412	1.8	-300.2608	0	-0.1918897	0	0.9814165
4.779996	295.253	1.8	-300.0838	0	-0.1901366	0	0.9817577
4.799996	295.1659	1.8	-299.9057	0	-0.1898443	0	0.9818143
4.819996	295.0784	1.8	-299.7279	0	-0.1896982	0	0.9818425
4.839996	294.991	1.8	-299.5501	0	-0.1896251	0	0.9818566
4.859996	294.9036	1.8	-299.3722	0	-0.1895886	0	0.9818637
4.879996	294.8162	1.8	-299.1944	0	-0.1895612	0	0.981869
4.899996	294.7288	1.8	-299.0165	0	-0.1895566	0	0.9818699
4.919996	294.6414	1.8	-298.8387	0	-0.1895543	0	0.9818703
4.939996	294.5541	1.8	-298.6608	0	-0.1895532	0	0.9818705
4.959996	294.4667	1.8	-298.4829	0	-0.1895526	0	0.9818707
4.979996	294.3793	1.8	-298.3051	0	-0.1895523	0	0.9818707
4.999996	294.292	1.8	-298.1272	0	-0.1895521	0	0.9818707
5.019996	294.2046	1.8	-297.9494	0	-0.1895521	0	0.9818707
5.039996	294.1172	1.8	-297.7715	0	-0.1895521	0	0.9818707
5.059996	294.0298	1.8	-297.5937	0	-0.1895521	0	0.9818707
5.079996	293.9425	1.8	-297.4158	0	-0.1895521	0	0.9818707
5.099996	293.8551	1.8	-297.2379	0	-0.1895521	0	0.9818707
5.119996	293.7677	1.8	-297.0601	0	-0.1895521	0	0.9818707
5.139996	293.6804	1.8	-296.8822	0	-0.1895521	0	0.9818707
5.159996	293.593	1.8	-296.7044	0	-0.1895521	0	0.9818707
5.179996	293.5056	1.8	-296.5265	0	-0.1895521	0	0.9818707
5.199996	293.4182	1.8	-296.3487	0	-0.1895521	0	0.9818707
5.219996	293.3309	1.8	-296.1708	0	-0.1895521	0	0.9818707
5.239996	293.2435	1.8	-295.993	0	-0.1895521	0	0.9818707
5.259996	293.1561	1.8	-295.8151	0	-0.1895521	0	0.9818707
5.279996	293.0688	1.8	-295.6372	0	-0.1895521	0	0.9818707
5.299996	292.9814	1.8	-295.4594	0	-0.1895521	0	0.9818707
5.319996	292.894	1.8	-295.2815	0	-0.1895521	0	0.9818707
5.339996	292.8066	1.8	-295.1037	0	-0.1899783	0	0.9817883
5.359996	292.7191	1.8	-294.9259	0	-0.1917373	0	0.9814463
5.379996	292.631	1.8	-294.7485	0	-0.1988021	0	0.9800397
5.399996	292.5407	1.8	-294.5732	0	-0.2040074	0	0.9789694
5.419996	292.4486	1.8	-294.3983	0	-0.2097599	0	0.977753
5.439996	292.3549	1.8	-294.2245	0	-0.2157813	0	0.9764417
5.459996	292.2594	1.8	-294.052	0	-0.221891	0	0.9750715
5.479996	292.1618	1.8	-293.8807	0	-0.2279581	0	0.973671
5.499996	292.0621	1.8	-293.7106	0	-0.2367703	0	0.9715657
5.519996	291.9583	1.8	-293.5433	0	-0.2382371	0	0.971207
5.539996	291.8536	1.8	-293.375	0	-0.2389703	0	0.9710269
5.559996	291.7487	1.8	-293.2069	0	-0.2393369	0	0.9709366
5.579996	291.6437	1.8	-293.0389	0	-0.2395202	0	0.9708914
5.599996	291.5386	1.8	-292.8709	0	-0.2396576	0	0.9708575
5.619996	291.4334	1.8	-292.7029	0	-0.2396805	0	0.9708518
5.639996	291.3283	1.8	-292.5349	0	-0.239692	0	0.970849
5.659996	291.2231	1.8	-292.367	0	-0.2396977	0	0.9708476
5.679996	291.118	1.8	-292.199	0	-0.2397006	0	0.9708469
5.699996	291.0128	1.8	-292.031	0	-0.2397027	0	0.9708464
5.719995	290.9076	1.8	-291.8631	0	-0.2397031	0	0.9708463
5.739995	290.8025	1.8	-291.6951	0	-0.2397032	0	0.9708462
5.759995	290.6973	1.8	-291.5271	0	-0.2397033	0	0.9708462
5.779995	290.5921	1.8	-291.3592	0	-0.2397034	0	0.9708462
5.799995	290.487	1.8	-291.1912	0	-0.2397034	0	0.9708462
5.819995	290.3818	1.8	-291.0232	0	-0.2392409	0	0.9709603
5.839995	290.2768	1.8	-290.8552	0	-0.2377674	0	0.9713221
5.859995	290.1724	1.8	-290.6869	0	-0.2353359	0	0.9719141
5.879995	290.0688	1.8	-290.5182	0	-0.2288382	0	0.9734645
5.899995	289.9681	1.8	-290.3485	0	-0.2251191	0	0.9743313
5.919995	289.868	1.8	-290.1777	0	-0.221311	0	0.9752033
5.939995	289.7693	1.8	-290.0063	0	-0.2174978	0	0.9760609
5.959995	289.6719	1.8	-289.8343	0	-0.2138455	0	0.9768676
5.979995	289.5758	1.8	-289.6615	0	-0.2108919	0	0.9775094
5.999995	289.4807	1.8	-289.4879	0	-0.2075313	0	0.9782284
6.019995	289.3877	1.8	-289.3132	0	-0.2069671	0	0.978348
6.039995	289.2941	1.8	-289.1386	0	-0.2066851	0	0.9784076
6.059995	289.2005	1.8	-288.964	0	-0.206544	0	0.9784374
6.079995	289.1073	1.8	-288.7892	0	-0.2064735	0	0.9784523
6.099995	289.0138	1.8	-288.6144	0	-0.2064206	0	0.9784634
6.119995	288.9204	1.8	-288.4397	0	-0.2064117	0	0.9784653
6.139995	288.8269	1.8	-288.2649	0	-0.2064073	0	0.9784662
6.159995	288.7335	1.8	-288.0902	0	-0.2064051	0	0.9784667
6.179995	288.64	1.8	-287.9154	0	-0.206404	0	0.9784669
6.199995	288.5466	1.8	-287.7407	0	-0.2064032	0	0.9784671
6.219995	288.4532	1.8	-287.5659	0	-0.2064031	0	0.9784671
6.239995	288.3597	1.8	-287.3912	0	-0.206403	0	0.9784671
6.259995	288.2663	1.8	-287.2165	0	-0.206403	0	0.9784671
6.279995	288.1728	1.8	-287.0417	0	-0.206403	0	0.9784671
6.299995	288.0794	1.8	-286.867	0	-0.206403	0	0.9784671
6.319995	287.9859	1.8	-286.6922	0	-0.206403	0	0.9784671
6.339995	287.8925	1.8	-286.5175	0	-0.206403	0	0.9784671
6.359995	287.799	1.8	-286.3427	0	-0.206403	0	0.9784671
6.379995	287.7056	1.8	-286.168	0	-0.206403	0	0.9784671
6.399995	287.6122	1.8	-285.9933	0	-0.206403	0	0.9784671
6.419995	287.5187	1.8	-285.8185	0	-0.206403	0	0.9784671
6.439995	287.4253	1.8	-285.6438	0	-0.206403	0	0.9784671
6.459995	287.3318	1.8	-285.469	0	-0.206403	0	0.9784671
6.479995	287.2384	1.8	-285.2943	0	-0.206403	0	0.9784671
6.499995	287.1449	1.8	-285.1195	0	-0.206403	0	0.9784671
6.519995	287.0515	1.8	-284.9448	0	-0.206403	0	0.9784671
6.539995	286.958	1.8	-284.7701	0	-0.206403	0	0.9784671
6.559995	286.8646	1.8	-284.5953	0	-0.206403	0	0.9784671
6.579995	286.7711	1.8	-284.4206	0	-0.206403	0	0.9784671
6.599995	286.6777	1.8	-284.2458	0	-0.206403	0	0.9784671
6.619995	286.5843	1.8	-284.0711	0	-0.206403	0	0.9784671
6.639995	286.4908	1.8	-283.8963	0	-0.206403	0	0.9784671
6.659995	286.3974	1.8	-283.7216	0	-0.206403	0	0.9784671
6.679995	286.3039	1.8	-283.5468	0	-0.206403	0	0.9784671
6.699995	286.2105	1.8	-283.3721	0	-0.206403	0	0.9784671
6.719995	286.117	1.8	-283.1974	0	-0.206403	0	0.9784671
6.739995	286.0236	1.8	-283.0226	0	-0.206403	0	0.9784671
6.759995	285.9301	1.8	-282.8479	0	-0.206403	0	0.9784671
6.779994	285.8367	1.8	-282.6731	0	-0.206403	0	0.9784671
6.799994	285.7433	1.8	-282.4984	0	-0.206403	0	0.9784671
6.819994	285.6498	1.8	-282.3236	0	-0.206403	0	0.9784671
6.839994	285.5564	1.8	-282.1489	0	-0.206403	0	0.9784671
6.859994	285.4629	1.8	-281.9742	0	-0.206403	0	0.9784671
6.879994	285.3695	1.8	-281.7994	0	-0.206403	0	0.9784671
6.899994	285.276	1.8	-281.6247	0	-0.206403	0	0.9784671
#Walking Trial Way Points#
#TimeStamp#	#WayPonitX#	#WayPonitY#	#WayPonitZ#	#OrientationX#	#OrientationY#	#OrientationZ#	#OrientationW#	
0	315	10	-315	0	0	0	0
0.02	315	1.8	-275	0	0	0	0
6.919994	276.9577	1.8	-262.6393	0	0	0	0
#Walking Trial Path#
#TimeStamp#	#PositionX#	#PositionY#	#PositionZ#	#OrientationX#	#OrientationY#	#OrientationZ#	#OrientationW#	
0	313.7235	1.8	-276.7561	0	0	0	1
0.02	313.9763	1.8	-279.6109	0	0	0	1
0.04	314.1714	1.8	-280.4665	0	0	0	1
0.06	314.3852	1.8	-282.322	0	0	0	1
0.08	314.5934	1.8	-284.1776	0	0	0	1
0.09999999	314.7954	1.8	-286.0332	0	0	0	1
0.12	314.9908	1.8	-287.8888	0	0	0	1
0.14	315.1858	1.8	-288.7445	0	0	0	1
0.16	315.3658	1.8	-290.6	0	0	0	1
0.18	315.537	1.8	-292.4554	0	0	0	1
0.2	315.6983	1.8	-294.3105	0	0	0	1
0.22	315.8483	1.8	-296.1651	0	0	0	1
0.24	315.9854	1.8	-298.0191	0	0	0	1
0.26	316.1804	1.8	-298.8747	0	0	0	1
0.28	316.2857	1.8	-300.7263	0	0	0	1
0.3	316.371	1.8	-302.576	0	0	0	1
0.32	316.4319	1.8	-304.4226	0	0	0	1
0.34	316.4618	1.8	-306.2645	0	0	0	1
0.36	316.4511	1.8	-308.0988	0	0	0	1
0.38	316.3834	1.8	-309.9193	0	0	0	1
0.4	316.5784	1.8	-310.775	0	0	0	1
0.42	316.7734	1.8	-311.6306	0	0	0	1
0.4400001	316.9684	1.8	-312.4863	0	-0.0006074798	0	0.9999998
0.4600001	317.1101	1.8	-313.1261	0	-0.0006074798	0	0.9999998
0.4800001	317.2519	1.8	-313.7659	0	-0.001214959	0	0.9999993
0.5000001	317.3406	1.8	-314.1898	0	-0.001822439	0	0.9999984
0.52	317.3771	1.8	-314.3982	0	-0.001822439	0	0.9999984
0.54	317.4136	1.8	-314.6066	0	-0.002429917	0	0.9999971
0.56	317.4148	1.8	-314.6453	0	-0.003037394	0	0.9999954
0.58	317.415	1.8	-314.6775	0	-0.003644871	0	0.9999934
0.6	317.4152	1.8	-314.7112	0	-0.003644871	0	0.9999934
0.6199999	317.4155	1.8	-314.745	0	-0.004252346	0	0.999991
0.6399999	317.4157	1.8	-314.7772	0	-0.00485982	0	0.9999883
0.6599999	317.416	1.8	-314.8095	0	-0.005467291	0	0.9999851
0.6799999	317.4164	1.8	-314.8417	0	-0.005467291	0	0.9999851
0.6999999	317.4168	1.8	-314.874	0	-0.006074761	0	0.9999816
0.7199998	317.4172	1.8	-314.9063	0	-0.006682229	0	0.9999777
0.7399998	317.4176	1.8	-314.9385	0	-0.007289694	0	0.9999735
0.7599998	317.4181	1.8	-314.9708	0	-0.007897156	0	0.9999689
0.7799998	317.4186	1.8	-315.003	0	-0.008504614	0	0.9999638
0.7999998	317.4191	1.8	-315.0353	0	-0.009112071	0	0.9999585
0.8199998	317.4197	1.8	-315.0675	0	-0.009112071	0	0.9999585
0.8399997	317.4203	1.8	-315.0998	0	-0.009719524	0	0.9999528
0.8599997	317.4209	1.8	-315.132	0	-0.01032697	0	0.9999467
0.8799997	317.4216	1.8	-315.1643	0	-0.01093442	0	0.9999403
0.8999997	317.4223	1.8	-315.1966	0	-0.01154186	0	0.9999335
0.9199997	317.423	1.8	-315.2288	0	-0.0121493	0	0.9999263
0.9399996	317.4238	1.8	-315.2611	0	-0.0121493	0	0.9999263
0.9599996	317.4246	1.8	-315.2933	0	-0.01275673	0	0.9999187
0.9799996	317.4254	1.8	-315.3256	0	-0.01336416	0	0.9999108
0.9999996	317.4263	1.8	-315.3578	0	-0.01336416	0	0.9999108
1.02	317.4272	1.8	-315.3901	0	-0.01397158	0	0.9999025
1.04	317.4281	1.8	-315.4224	0	-0.014579	0	0.9998937
1.06	317.429	1.8	-315.4546	0	-0.014579	0	0.9998937
1.08	317.43	1.8	-315.4869	0	-0.01518641	0	0.9998847
1.1	317.4309	1.8	-315.5191	0	-0.01579382	0	0.9998753
1.12	317.4319	1.8	-315.5514	0	-0.01640122	0	0.9998655
1.14	317.433	1.8	-315.5836	0	-0.01640122	0	0.9998655
1.159999	317.4341	1.8	-315.6159	0	-0.01700861	0	0.9998554
1.179999	317.4352	1.8	-315.6481	0	-0.017616	0	0.9998449
1.199999	317.4364	1.8	-315.6818	0	-0.01822338	0	0.999834
1.219999	317.4376	1.8	-315.7141	0	-0.01883076	0	0.9998227
1.239999	317.4388	1.8	-315.7463	0	-0.01883076	0	0.9998227
1.259999	317.44	1.8	-315.7785	0	-0.01943813	0	0.9998111
1.279999	317.4413	1.8	-315.8107	0	-0.02004549	0	0.9997991
1.299999	317.4426	1.8	-315.8444	0	-0.02126019	0	0.999774
1.319999	317.4439	1.8	-315.8752	0	-0.02186753	0	0.9997609
1.339999	317.4453	1.8	-315.9074	0	-0.02247486	0	0.9997475
1.359999	317.4468	1.8	-315.9396	0	-0.02308218	0	0.9997336
1.379999	317.4483	1.8	-315.9719	0	-0.0236895	0	0.9997194
1.399999	317.4498	1.8	-316.0041	0	-0.0249041	0	0.9996899
1.419999	317.4515	1.8	-316.0378	0	-0.02551139	0	0.9996746
1.439999	317.4531	1.8	-316.07	0	-0.02611866	0	0.9996589
1.459999	317.4548	1.8	-316.1022	0	-0.02672593	0	0.9996428
1.479999	317.4565	1.8	-316.1345	0	-0.02733319	0	0.9996265
1.499999	317.4583	1.8	-316.1667	0	-0.02794044	0	0.9996096
1.519999	317.4601	1.8	-316.1989	0	-0.0291549	0	0.999575
1.539999	317.4619	1.8	-316.231	0	-0.02976212	0	0.9995571
1.559999	317.464	1.8	-316.2647	0	-0.03036932	0	0.9995387
1.579999	317.4659	1.8	-316.2969	0	-0.03097651	0	0.9995201
1.599999	317.4679	1.8	-316.3291	0	-0.0315837	0	0.9995011
1.619999	317.4699	1.8	-316.3613	0	-0.03219087	0	0.9994817
1.639999	317.472	1.8	-316.3935	0	-0.03340517	0	0.9994419
1.659999	317.4742	1.8	-316.4257	0	-0.0340123	0	0.9994215
1.679999	317.4763	1.8	-316.4579	0	-0.03461942	0	0.9994006
1.699999	317.4786	1.8	-316.4901	0	-0.03522653	0	0.9993794
1.719999	317.4808	1.8	-316.5222	0	-0.03583363	0	0.9993578
1.739999	317.4832	1.8	-316.5544	0	-0.03644071	0	0.9993359
1.759999	317.4855	1.8	-316.5866	0	-0.03704777	0	0.9993135
1.779999	317.4879	1.8	-316.6187	0	-0.03765483	0	0.9992908
1.799999	317.4903	1.8	-316.6509	0	-0.0388689	0	0.9992443
1.819999	317.4928	1.8	-316.6831	0	-0.03947591	0	0.9992206
1.839999	317.4954	1.8	-316.7152	0	-0.04008291	0	0.9991964
1.859999	317.498	1.8	-316.7474	0	-0.0406899	0	0.9991719
1.879999	317.5006	1.8	-316.7796	0	-0.04129687	0	0.9991469
1.899999	317.5032	1.8	-316.8117	0	-0.04251076	0	0.999096
1.919999	317.506	1.8	-316.8438	0	-0.04311768	0	0.99907
1.939999	317.5087	1.8	-316.876	0	-0.04372459	0	0.9990437
1.959999	317.5115	1.8	-316.9081	0	-0.04433148	0	0.9990169
1.979999	317.5144	1.8	-316.9402	0	-0.04493836	0	0.9989898
1.999999	317.5173	1.8	-316.9724	0	-0.04615206	0	0.9989345
2.019999	317.5203	1.8	-317.0045	0	-0.04675888	0	0.9989062
2.039999	317.5233	1.8	-317.0366	0	-0.04736569	0	0.9988776
2.059999	317.5263	1.8	-317.0687	0	-0.04797248	0	0.9988487
2.079999	317.5294	1.8	-317.1008	0	-0.04857925	0	0.9988194
2.099999	317.5327	1.8	-317.1344	0	-0.04979274	0	0.9987596
2.119999	317.5357	1.8	-317.165	0	-0.05039946	0	0.9987292
2.139999	317.539	1.8	-317.1971	0	-0.05100616	0	0.9986984
2.159999	317.5423	1.8	-317.2292	0	-0.05161285	0	0.9986672
2.179999	317.5456	1.8	-317.2613	0	-0.05221951	0	0.9986357
2.199999	317.549	1.8	-317.2934	0	-0.05343276	0	0.9985715
2.219999	317.5524	1.8	-317.3255	0	-0.05403936	0	0.9985388
2.239999	317.5558	1.8	-317.3575	0	-0.05464595	0	0.9985058
2.259999	317.5594	1.8	-317.3896	0	-0.05525251	0	0.9984725
2.279999	317.5629	1.8	-317.4217	0	-0.05585905	0	0.9984387
2.299999	317.5665	1.8	-317.4537	0	-0.05707206	0	0.9983701
2.319999	317.5704	1.8	-317.4872	0	-0.05767854	0	0.9983352
2.339998	317.5741	1.8	-317.5193	0	-0.058285	0	0.9983
2.359998	317.5779	1.8	-317.5513	0	-0.05889144	0	0.9982644
2.379998	317.5816	1.8	-317.5834	0	-0.05889144	0	0.9982644
2.399998	317.5854	1.8	-317.6154	0	-0.05949785	0	0.9982285
2.419998	317.5893	1.8	-317.6475	0	-0.05949785	0	0.9982285
2.439998	317.5931	1.8	-317.6795	0	-0.06010424	0	0.9981921
2.459998	317.597	1.8	-317.7115	0	-0.06071061	0	0.9981554
2.479998	317.6009	1.8	-317.7435	0	-0.06131696	0	0.9981184
2.499998	317.6048	1.8	-317.7755	0	-0.06192328	0	0.998081
2.519998	317.6088	1.8	-317.8076	0	-0.06252959	0	0.9980432
2.539998	317.613	1.8	-317.841	0	-0.06252959	0	0.9980432
2.559998	317.6172	1.8	-317.8745	0	-0.06313585	0	0.9980049
2.579998	317.6213	1.8	-317.9065	0	-0.06374212	0	0.9979665
2.599998	317.6254	1.8	-317.9384	0	-0.06434835	0	0.9979275
2.619998	317.6295	1.8	-317.9704	0	-0.06434835	0	0.9979275
2.639998	317.6337	1.8	-318.0024	0	-0.06495456	0	0.9978883
2.659998	317.6379	1.8	-318.0344	0	-0.06495456	0	0.9978883
2.679998	317.6421	1.8	-318.0664	0	-0.06556074	0	0.9978486
2.699998	317.6463	1.8	-318.0984	0	-0.06616689	0	0.9978086
2.719998	317.6505	1.8	-318.1303	0	-0.06677302	0	0.9977682
2.739998	317.6548	1.8	-318.1623	0	-0.06737914	0	0.9977275
2.759998	317.6592	1.8	-318.1943	0	-0.06737914	0	0.9977275
2.779998	317.6635	1.8	-318.2262	0	-0.06798522	0	0.9976863
2.799998	317.6679	1.8	-318.2582	0	-0.06859128	0	0.9976448
2.819998	317.6723	1.8	-318.2901	0	-0.06859128	0	0.9976448
2.839998	317.6767	1.8	-318.3221	0	-0.06919732	0	0.997603
2.859998	317.6812	1.8	-318.354	0	-0.06980333	0	0.9975608
2.879998	317.6857	1.8	-318.386	0	-0.07040931	0	0.9975182
2.899998	317.6902	1.8	-318.4179	0	-0.07101527	0	0.9974753
2.919998	317.6948	1.8	-318.4499	0	-0.07101527	0	0.9974753
2.939998	317.6993	1.8	-318.4818	0	-0.0716212	0	0.9974319
2.959998	317.7039	1.8	-318.5137	0	-0.07222711	0	0.9973882
2.979998	317.7086	1.8	-318.5456	0	-0.07283299	0	0.9973442
2.999998	317.7133	1.8	-318.5775	0	-0.07283299	0	0.9973442
3.019998	317.718	1.8	-318.6095	0	-0.07343884	0	0.9972998
3.039998	317.7227	1.8	-318.6414	0	-0.07404466	0	0.997255
3.059998	317.7275	1.8	-318.6733	0	-0.07465045	0	0.9972097
3.079998	317.7323	1.8	-318.7052	0	-0.07525623	0	0.9971642
3.099998	317.7371	1.8	-318.7371	0	-0.07525623	0	0.9971642
3.119998	317.742	1.8	-318.769	0	-0.07586197	0	0.9971184
3.139998	317.7469	1.8	-318.8008	0	-0.07646769	0	0.9970721
3.159998	317.7518	1.8	-318.8327	0	-0.07707337	0	0.9970255
3.179998	317.7567	1.8	-318.8646	0	-0.07707337	0	0.9970255
3.199998	317.7617	1.8	-318.8965	0	-0.07767903	0	0.9969785
3.219998	317.7667	1.8	-318.9284	0	-0.07828466	0	0.9969311
3.239998	317.7717	1.8	-318.9602	0	-0.07889026	0	0.9968833
3.259998	317.7768	1.8	-318.9921	0	-0.07889026	0	0.9968833
3.279998	317.7818	1.8	-319.024	0	-0.07949582	0	0.9968352
3.299998	317.787	1.8	-319.0558	0	-0.08010137	0	0.9967868
3.319998	317.7923	1.8	-319.0891	0	-0.08070688	0	0.9967378
3.339998	317.7975	1.8	-319.1209	0	-0.08131237	0	0.9966887
3.359998	317.8027	1.8	-319.1528	0	-0.08131237	0	0.9966887
3.379997	317.808	1.8	-319.1846	0	-0.08191783	0	0.9966391
3.399997	317.8132	1.8	-319.2164	0	-0.08252326	0	0.9965892
3.419997	317.8185	1.8	-319.2483	0	-0.08312865	0	0.9965389
3.439997	317.8239	1.8	-319.2801	0	-0.08373401	0	0.9964882
3.459997	317.8293	1.8	-319.3119	0	-0.08433934	0	0.9964371
3.479997	317.8347	1.8	-319.3437	0	-0.08494464	0	0.9963857
3.499997	317.8401	1.8	-319.3755	0	-0.08494464	0	0.9963857
3.519997	317.8456	1.8	-319.4073	0	-0.08554991	0	0.9963339
3.539997	317.8513	1.8	-319.4405	0	-0.08615515	0	0.9962817
3.559997	317.8569	1.8	-319.4723	0	-0.08676036	0	0.9962292
3.579997	317.8627	1.8	-319.5055	0	-0.08736553	0	0.9961764
3.599997	317.8683	1.8	-319.5372	0	-0.08736553	0	0.9961764
3.619997	317.8739	1.8	-319.569	0	-0.08797067	0	0.9961231
3.639997	317.8796	1.8	-319.6008	0	-0.08797067	0	0.9961231
3.659997	317.8833	1.8	-319.6303	0	-0.08797067	0	0.9961231
3.679997	317.8828	1.8	-319.6587	0	-0.08797067	0	0.9961231
3.699997	317.8822	1.8	-319.6871	0	-0.08797067	0	0.9961231
3.719997	317.8773	1.8	-319.7159	0	-0.08797067	0	0.9961231
3.739997	317.87	1.8	-319.746	0	-0.08797067	0	0.9961231
3.759997	317.8624	1.8	-319.7768	0	-0.08797067	0	0.9961231
3.779997	317.8546	1.8	-319.8071	0	-0.08797067	0	0.9961231
3.799997	317.847	1.8	-319.8377	0	-0.08797067	0	0.9961231
3.819997	317.8393	1.8	-319.8683	0	-0.08797067	0	0.9961231
3.839997	317.8316	1.8	-319.8988	0	-0.08797067	0	0.9961231
3.859997	317.8239	1.8	-319.9294	0	-0.08797067	0	0.9961231
3.879997	317.8162	1.8	-319.96	0	-0.08797067	0	0.9961231
3.899997	317.8085	1.8	-319.9906	0	-0.08797067	0	0.9961231
3.919997	317.8008	1.8	-320.0211	0	-0.08797067	0	0.9961231
3.939997	317.7931	1.8	-320.0517	0	-0.08797067	0	0.9961231
3.959997	317.7854	1.8	-320.0823	0	-0.08797067	0	0.9961231
3.979997	317.7246	1.8	-320.1232	0	-0.08797067	0	0.9961231
3.999997	317.5939	1.8	-320.1773	0	-0.08797067	0	0.9961231
4.019997	317.4631	1.8	-320.2314	0	-0.08797067	0	0.9961231
4.039997	317.2748	1.8	-320.2959	0	-0.08797067	0	0.9961231
4.059997	317.0856	1.8	-320.3607	0	-0.08797067	0	0.9961231
4.079997	316.8965	1.8	-320.4257	0	-0.08797067	0	0.9961231
4.099997	316.7073	1.8	-320.4904	0	-0.08797067	0	0.9961231
4.119997	316.5181	1.8	-320.5554	0	-0.08797067	0	0.9961231
4.139997	316.3289	1.8	-320.6201	0	-0.08797067	0	0.9961231
4.159997	316.1397	1.8	-320.6848	0	-0.08797067	0	0.9961231
4.179997	315.9505	1.8	-320.7496	0	-0.08797067	0	0.9961231
4.199997	315.7613	1.8	-320.8143	0	-0.08797067	0	0.9961231
4.219997	315.5721	1.8	-320.8793	0	-0.08797067	0	0.9961231
4.239997	315.3865	1.8	-320.9546	0	-0.08797067	0	0.9961231
4.259997	315.2039	1.8	-321.043	0	-0.08797067	0	0.9961231
4.279997	315.0238	1.8	-321.1454	0	-0.08797067	0	0.9961231
4.299997	314.8438	1.8	-321.2478	0	-0.08797067	0	0.9961231
4.319997	314.6653	1.8	-321.3618	0	-0.08797067	0	0.9961231
4.339997	314.4872	1.8	-321.4825	0	-0.08797067	0	0.9961231
4.359997	314.3085	1.8	-321.606	0	-0.08797067	0	0.9961231
4.379997	314.1297	1.8	-321.7299	0	-0.08797067	0	0.9961231
4.399997	313.9519	1.8	-321.8568	0	-0.08797067	0	0.9961231
4.419997	313.774	1.8	-321.9851	0	-0.08797067	0	0.9961231
4.439997	313.596	1.8	-322.1135	0	-0.08797067	0	0.9961231
4.459997	313.4197	1.8	-322.2473	0	-0.08797067	0	0.9961231
4.479997	313.2434	1.8	-322.381	0	-0.08797067	0	0.9961231
4.499997	313.0673	1.8	-322.5179	0	-0.08797067	0	0.9961231
4.519997	312.8908	1.8	-322.6556	0	-0.08797067	0	0.9961231
4.539997	312.7144	1.8	-322.7934	0	-0.08797067	0	0.9961231
4.559997	312.5379	1.8	-322.9311	0	-0.08797067	0	0.9961231
4.579997	312.3614	1.8	-323.0688	0	-0.08797067	0	0.9961231
4.599997	312.186	1.8	-323.2096	0	-0.08797067	0	0.9961231
4.619997	312.0106	1.8	-323.3504	0	-0.08797067	0	0.9961231
4.639997	311.835	1.8	-323.4926	0	-0.08797067	0	0.9961231
4.659997	311.6611	1.8	-323.6331	0	-0.08797067	0	0.9961231
4.679996	311.5058	1.8	-323.7612	0	-0.08797067	0	0.9961231
4.699996	311.3505	1.8	-323.8892	0	-0.08797067	0	0.9961231
4.719996	311.2138	1.8	-324.0049	0	-0.08797067	0	0.9961231
4.739996	311.0957	1.8	-324.1081	0	-0.08797067	0	0.9961231
4.759996	310.9963	1.8	-324.1989	0	-0.08797067	0	0.9961231
4.779996	310.9154	1.8	-324.2773	0	-0.08797067	0	0.9961231
4.799996	310.8532	1.8	-324.3434	0	-0.08797067	0	0.9961231
4.819996	310.7909	1.8	-324.4094	0	-0.08797067	0	0.9961231
4.839996	310.7472	1.8	-324.4631	0	-0.08797067	0	0.9961231
4.859996	310.722	1.8	-324.5047	0	-0.08797067	0	0.9961231
4.879996	310.6968	1.8	-324.5462	0	-0.08797067	0	0.9961231
4.899996	310.6855	1.8	-324.5788	0	-0.0879591	0	0.9961241
4.919996	310.6752	1.8	-324.6092	0	-0.08507954	0	0.9963741
4.939996	310.6667	1.8	-324.6388	0	-0.08507954	0	0.9963742
4.959996	310.6582	1.8	-324.6683	0	-0.07929067	0	0.9968516
4.979996	310.6499	1.8	-324.6987	0	-0.07204393	0	0.9974015
4.999996	310.6413	1.8	-324.729	0	-0.06406537	0	0.9979457
5.019996	310.6321	1.8	-324.7591	0	-0.05571852	0	0.9984465
5.039996	310.6225	1.8	-324.7891	0	-0.05571852	0	0.9984465
5.059996	310.6129	1.8	-324.819	0	-0.04718559	0	0.9988862
5.079996	310.6027	1.8	-324.8488	0	-0.0385581	0	0.9992564
5.099996	310.5921	1.8	-324.8784	0	-0.02988215	0	0.9995534
5.119996	310.5809	1.8	-324.9078	0	-0.02118116	0	0.9997757
5.139996	310.5692	1.8	-324.937	0	-0.01246716	0	0.9999223
5.159996	310.5571	1.8	-324.966	0	-0.003746521	0	0.999993
5.179996	310.5444	1.8	-324.9948	0	0.01273042	0	0.9999191
5.199996	310.5304	1.8	-325.0232	0	0.01660674	0	0.9998622
5.219996	310.5165	1.8	-325.0518	0	0.01854481	0	0.9998281
5.239996	310.5025	1.8	-325.08	0	0.01903754	0	0.9998187
5.259996	310.4885	1.8	-325.1082	0	0.01720241	0	0.9998521
5.279996	310.4746	1.8	-325.1368	0	0.006291423	0	0.9999802
5.299996	310.4615	1.8	-325.1651	0	-0.001288604	0	0.9999992
5.319996	310.4487	1.8	-325.1938	0	-0.009441828	0	0.9999554
5.339996	310.4363	1.8	-325.2228	0	-0.01788103	0	0.9998401
5.359996	310.4244	1.8	-325.2519	0	-0.02646223	0	0.9996498
5.379996	310.413	1.8	-325.2812	0	-0.04379714	0	0.9990405
5.399996	310.403	1.8	-325.3112	0	-0.05249576	0	0.9986212
5.419996	310.3932	1.8	-325.3411	0	-0.06119934	0	0.9981256
5.439996	310.3839	1.8	-325.3714	0	-0.06990274	0	0.9975539
5.459996	310.3751	1.8	-325.4016	0	-0.07860304	0	0.996906
5.479996	310.3668	1.8	-325.4319	0	-0.09598784	0	0.9953825
5.499996	310.36	1.8	-325.4625	0	-0.1046702	0	0.994507
5.519996	310.3533	1.8	-325.4933	0	-0.1133447	0	0.9935557
5.539996	310.3472	1.8	-325.5241	0	-0.1220106	0	0.9925289
5.559996	310.3416	1.8	-325.5551	0	-0.139314	0	0.9902483
5.579996	310.3375	1.8	-325.5861	0	-0.1479501	0	0.9889949
5.599996	310.3335	1.8	-325.6174	0	-0.156575	0	0.9876661
5.619996	310.3301	1.8	-325.6487	0	-0.1651879	0	0.9862621
5.639996	310.3272	1.8	-325.68	0	-0.1737883	0	0.9847831
5.659996	310.3249	1.8	-325.7113	0	-0.1909487	0	0.9816
5.679996	310.324	1.8	-325.7426	0	-0.1995073	0	0.9798964
5.699996	310.3234	1.8	-325.7741	0	-0.2080508	0	0.9781181
5.719995	310.3232	1.8	-325.8056	0	-0.2165785	0	0.9762653
5.739995	310.3237	1.8	-325.837	0	-0.2250897	0	0.9743381
5.759995	310.3246	1.8	-325.8685	0	-0.2420599	0	0.9702613
5.779995	310.3271	1.8	-325.8997	0	-0.2505177	0	0.9681121
5.799995	310.3297	1.8	-325.9311	0	-0.2589565	0	0.965889
5.819995	310.3328	1.8	-325.9624	0	-0.2673755	0	0.9635925
5.839995	310.3365	1.8	-325.9937	0	-0.2757741	0	0.9612225
5.859995	310.3408	1.8	-326.0248	0	-0.2925078	0	0.9562632
5.879995	310.3464	1.8	-326.0556	0	-0.3008415	0	0.9536741
5.899995	310.3523	1.8	-326.0865	0	-0.3091523	0	0.9510126
5.919995	310.3587	1.8	-326.1173	0	-0.3174396	0	0.9482785
5.939995	310.3658	1.8	-326.1482	0	-0.3257027	0	0.9454722
5.959995	310.3733	1.8	-326.1788	0	-0.3411413	0	0.940012
5.979995	310.3821	1.8	-326.2089	0	-0.3455974	0	0.9383829
5.999995	310.3909	1.8	-326.2391	0	-0.3478226	0	0.9375604
6.019995	310.3998	1.8	-326.2693	0	-0.3486068	0	0.9372691
6.039995	310.4088	1.8	-326.2996	0	-0.3470471	0	0.9378477
6.059995	310.4177	1.8	-326.3298	0	-0.3362778	0	0.9417629
6.079995	310.4225	1.8	-326.2051	0	-0.3289903	0	0.9443333
6.099995	310.4133	1.8	-326.0341	0	-0.3212101	0	0.947008
6.119995	310.3961	1.8	-325.8403	0	-0.313171	0	0.9496968
6.139995	310.3812	1.8	-325.6053	0	-0.3049904	0	0.9523554
6.159995	310.3773	1.8	-325.3649	0	-0.2884127	0	0.9575062
6.179995	310.4046	1.8	-325.1098	0	-0.280061	0	0.9599822
6.199995	310.4402	1.8	-324.8518	0	-0.2716805	0	0.9623875
6.219995	310.4838	1.8	-324.5919	0	-0.2632756	0	0.9647207
6.239995	310.5384	1.8	-324.3288	0	-0.2464017	0	0.9691678
6.259995	310.6121	1.8	-324.0632	0	-0.2379353	0	0.9712811
6.279995	310.6889	1.8	-323.7989	0	-0.2308484	0	0.9729897
6.299995	310.766	1.8	-323.5368	0	-0.2259723	0	0.9741338
6.319995	310.8425	1.8	-323.2771	0	-0.2227794	0	0.974869
6.339995	310.9149	1.8	-323.0219	0	-0.2211821	0	0.9752326
6.359995	310.9744	1.8	-322.7743	0	-0.2203832	0	0.9754134
6.379995	311.0159	1.8	-322.5363	0	-0.2197839	0	0.9755486
6.399995	311.0204	1.8	-322.3185	0	-0.219684	0	0.9755711
6.419995	311.009	1.8	-322.1098	0	-0.2196341	0	0.9755824
6.439995	310.99	1.8	-321.9066	0	-0.2196091	0	0.975588
6.459995	310.9678	1.8	-321.7071	0	-0.2195967	0	0.9755908
6.479995	310.9456	1.8	-321.5099	0	-0.2195873	0	0.9755929
6.499995	310.9199	1.8	-321.3188	0	-0.2195858	0	0.9755933
6.519995	310.8872	1.8	-321.1317	0	-0.219585	0	0.9755934
6.539995	310.8447	1.8	-320.9489	0	-0.2195846	0	0.9755935
6.559995	310.7903	1.8	-320.7702	0	-0.2195844	0	0.9755936
6.579995	310.723	1.8	-320.595	0	-0.2195843	0	0.9755936
6.599995	310.644	1.8	-320.4221	0	-0.2195843	0	0.9755936
6.619995	310.5466	1.8	-320.2514	0	-0.2195843	0	0.9755936
6.639995	310.4495	1.8	-320.079	0	-0.2195843	0	0.9755936
6.659995	310.3524	1.8	-319.9063	0	-0.2195843	0	0.9755936
6.679995	310.2553	1.8	-319.7336	0	-0.2195843	0	0.9755936
6.699995	310.1582	1.8	-319.561	0	-0.2195843	0	0.9755936
6.719995	310.0611	1.8	-319.3883	0	-0.2195843	0	0.9755936
6.739995	309.964	1.8	-319.2156	0	-0.2195843	0	0.9755936
6.759995	309.8669	1.8	-319.043	0	-0.2195843	0	0.9755936
6.779994	309.7698	1.8	-318.8703	0	-0.2195843	0	0.9755936
6.799994	309.6727	1.8	-318.6976	0	-0.2195843	0	0.9755936
6.819994	309.5756	1.8	-318.525	0	-0.2195843	0	0.9755936
6.839994	309.4785	1.8	-318.3523	0	-0.2195843	0	0.9755936
6.859994	309.3718	1.8	-318.1862	0	-0.2195843	0	0.9755936
6.879994	309.242	1.8	-318.032	0	-0.2195843	0	0.9755936
6.899994	309.0777	1.8	-317.8939	0	-0.2195843	0	0.9755936
6.919994	308.8807	1.8	-317.7704	0	-0.2195843	0	0.9755936
6.939994	308.6567	1.8	-317.6589	0	-0.2195843	0	0.9755936
6.959994	308.4163	1.8	-317.5545	0	-0.2195843	0	0.9755936
6.979994	308.1759	1.8	-317.4501	0	-0.2195843	0	0.9755936
6.999994	307.9129	1.8	-317.3556	0	-0.2195843	0	0.9755936
7.019994	307.6545	1.8	-317.2598	0	-0.2195843	0	0.9755936
7.039994	307.3985	1.8	-317.1641	0	-0.2195843	0	0.9755936
7.059994	307.1433	1.8	-317.0667	0	-0.2195843	0	0.9755936
7.079994	306.8877	1.8	-316.9685	0	-0.2195843	0	0.9755936
7.099994	306.6321	1.8	-316.8703	0	-0.2195843	0	0.9755936
7.119994	306.3764	1.8	-316.7721	0	-0.2196368	0	0.9755818
7.139994	306.1208	1.8	-316.6739	0	-0.2200042	0	0.975499
7.159994	305.8651	1.8	-316.576	0	-0.2206113	0	0.9753619
7.179994	305.6092	1.8	-316.4783	0	-0.222372	0	0.9749619
7.199994	305.356	1.8	-316.3813	0	-0.2233944	0	0.9747282
7.219994	305.1058	1.8	-316.2841	0	-0.2244932	0	0.9744757
7.239994	304.8613	1.8	-316.1847	0	-0.225589	0	0.9742227
7.259994	304.6266	1.8	-316.0807	0	-0.226683	0	0.9739686
7.279994	304.4003	1.8	-315.9731	0	-0.2278173	0	0.973704
7.299994	304.1795	1.8	-315.8636	0	-0.2289302	0	0.9734428
7.319994	303.9629	1.8	-315.753	0	-0.2308209	0	0.9729963
7.339994	303.7712	1.8	-315.6312	0	-0.2314114	0	0.972856
7.359994	303.5919	1.8	-315.5037	0	-0.2317065	0	0.9727858
7.379994	303.4229	1.8	-315.3719	0	-0.2318541	0	0.9727506
7.399994	303.2604	1.8	-315.238	0	-0.2319279	0	0.972733
7.419994	303.1023	1.8	-315.1035	0	-0.2319648	0	0.9727242
7.439994	302.9464	1.8	-314.9704	0	-0.2319925	0	0.9727176
7.459994	302.8013	1.8	-314.835	0	-0.2319971	0	0.9727165
7.479994	302.6596	1.8	-314.7	0	-0.2319994	0	0.972716
7.499994	302.5231	1.8	-314.5633	0	-0.2320005	0	0.9727157
7.519994	302.3932	1.8	-314.4232	0	-0.2320011	0	0.9727156
7.539994	302.2708	1.8	-314.2777	0	-0.2320014	0	0.9727155
7.559994	302.1562	1.8	-314.1258	0	-0.2320016	0	0.9727154
7.579994	302.0543	1.8	-313.9605	0	-0.2320016	0	0.9727154
7.599994	301.9529	1.8	-313.791	0	-0.2320017	0	0.9727154
7.619994	301.8514	1.8	-313.6209	0	-0.2320017	0	0.9727154
7.639994	301.75	1.8	-313.4507	0	-0.2320017	0	0.9727154
7.659994	301.6485	1.8	-313.2806	0	-0.2320017	0	0.9727154
7.679994	301.547	1.8	-313.1105	0	-0.2320017	0	0.9727154
7.699994	301.4456	1.8	-312.9403	0	-0.2320017	0	0.9727154
7.719994	301.3441	1.8	-312.7702	0	-0.2320017	0	0.9727154
7.739994	301.2426	1.8	-312.6001	0	-0.2320017	0	0.9727154
7.759994	301.1411	1.8	-312.4299	0	-0.2320017	0	0.9727154
7.779994	301.0397	1.8	-312.2598	0	-0.2320017	0	0.9727154
7.799994	300.9382	1.8	-312.0897	0	-0.2320017	0	0.9727154
7.819993	300.8367	1.8	-311.9195	0	-0.2320017	0	0.9727154
7.839993	300.7353	1.8	-311.7494	0	-0.2320017	0	0.9727154
7.859993	300.6338	1.8	-311.5793	0	-0.2320017	0	0.9727154
7.879993	300.5323	1.8	-311.4091	0	-0.2320017	0	0.9727154
7.899993	300.4308	1.8	-311.239	0	-0.2320017	0	0.9727154
7.919993	300.3294	1.8	-311.0688	0	-0.2320017	0	0.9727154
7.939993	300.2279	1.8	-310.8987	0	-0.2320017	0	0.9727154
7.959993	300.1264	1.8	-310.7286	0	-0.2320017	0	0.9727154
7.979993	300.025	1.8	-310.5584	0	-0.2320017	0	0.9727154
7.999993	299.9235	1.8	-310.3883	0	-0.2320017	0	0.9727154
8.019994	299.822	1.8	-310.2182	0	-0.2320017	0	0.9727154
8.039994	299.7206	1.8	-310.048	0	-0.2320017	0	0.9727154
8.059995	299.6191	1.8	-309.8779	0	-0.2320017	0	0.9727154
8.079995	299.5176	1.8	-309.7078	0	-0.2320017	0	0.9727154
8.099996	299.4161	1.8	-309.5376	0	-0.2320017	0	0.9727154
8.119996	299.3147	1.8	-309.3675	0	-0.2320017	0	0.9727154
8.139997	299.2132	1.8	-309.1974	0	-0.2320017	0	0.9727154
8.159997	299.1117	1.8	-309.0272	0	-0.2320017	0	0.9727154
8.179997	299.0103	1.8	-308.8571	0	-0.2320017	0	0.9727154
8.199998	298.9088	1.8	-308.687	0	-0.2320017	0	0.9727154
8.219998	298.8073	1.8	-308.5168	0	-0.2320017	0	0.9727154
8.239999	298.7058	1.8	-308.3467	0	-0.2320017	0	0.9727154
8.259999	298.6044	1.8	-308.1765	0	-0.2320017	0	0.9727154
8.28	298.5029	1.8	-308.0064	0	-0.2320017	0	0.9727154
8.3	298.4014	1.8	-307.8363	0	-0.2320017	0	0.9727154
8.320001	298.3	1.8	-307.6661	0	-0.2320017	0	0.9727154
8.340001	298.1985	1.8	-307.496	0	-0.2320017	0	0.9727154
8.360002	298.097	1.8	-307.3259	0	-0.2320017	0	0.9727154
8.380002	297.9955	1.8	-307.1557	0	-0.2320017	0	0.9727154
8.400002	297.8941	1.8	-306.9856	0	-0.2320017	0	0.9727154
8.420003	297.7926	1.8	-306.8155	0	-0.2320017	0	0.9727154
8.440003	297.6911	1.8	-306.6453	0	-0.2320017	0	0.9727154
8.460004	297.5897	1.8	-306.4752	0	-0.2320017	0	0.9727154
8.480004	297.4882	1.8	-306.3051	0	-0.2320017	0	0.9727154
8.500005	297.3867	1.8	-306.1349	0	-0.2320017	0	0.9727154
8.520005	297.2852	1.8	-305.9648	0	-0.2320017	0	0.9727154
8.540006	297.1838	1.8	-305.7946	0	-0.2320017	0	0.9727154
8.560006	297.0823	1.8	-305.6245	0	-0.2320017	0	0.9727154
8.580007	296.9808	1.8	-305.4544	0	-0.2320017	0	0.9727154
8.600007	296.8794	1.8	-305.2842	0	-0.2320017	0	0.9727154
8.620008	296.7779	1.8	-305.1141	0	-0.2320017	0	0.9727154
8.640008	296.6764	1.8	-304.944	0	-0.2319493	0	0.972728
8.660008	296.575	1.8	-304.7738	0	-0.2317885	0	0.9727663
8.680009	296.4736	1.8	-304.6037	0	-0.2315735	0	0.9728175
8.700009	296.3723	1.8	-304.4334	0	-0.2313724	0	0.9728652
8.72001	296.271	1.8	-304.2632	0	-0.2312195	0	0.9729016
8.74001	296.1698	1.8	-304.0929	0	-0.2310262	0	0.9729476
8.760011	296.0688	1.8	-303.9225	0	-0.230994	0	0.9729552
8.780011	295.9677	1.8	-303.7522	0	-0.2309779	0	0.972959
8.800012	295.8665	1.8	-303.5818	0	-0.2309699	0	0.9729609
8.820012	295.7756	1.8	-303.4087	0	-0.2309658	0	0.9729619
8.840013	295.6979	1.8	-303.2305	0	-0.2309628	0	0.9729626
8.860013	295.6499	1.8	-303.0388	0	-0.2309623	0	0.9729627
8.880013	295.6123	1.8	-302.8402	0	-0.2309621	0	0.9729628
8.900014	295.5826	1.8	-302.6364	0	-0.2309619	0	0.9729629
8.920014	295.5569	1.8	-302.4292	0	-0.2309619	0	0.9729629
8.940015	295.5323	1.8	-302.2204	0	-0.2309618	0	0.9729629
8.960015	295.5077	1.8	-302.0114	0	-0.2309618	0	0.9729629
8.980016	295.4832	1.8	-301.8023	0	-0.2309618	0	0.9729629
9.000016	295.4586	1.8	-301.5933	0	-0.2309618	0	0.9729629
9.020017	295.434	1.8	-301.3843	0	-0.2309618	0	0.9729629
9.040017	295.4095	1.8	-301.1753	0	-0.2309618	0	0.9729629
9.060018	295.3849	1.8	-300.9663	0	-0.2309618	0	0.9729629
9.080018	295.3603	1.8	-300.7573	0	-0.2309618	0	0.9729629
9.100019	295.3358	1.8	-300.5482	0	-0.2309618	0	0.9729629
9.120019	295.3112	1.8	-300.3392	0	-0.2309618	0	0.9729629
9.140019	295.2866	1.8	-300.1302	0	-0.2309618	0	0.9729629
9.16002	295.2621	1.8	-299.9212	0	-0.2309618	0	0.9729629
9.18002	295.2375	1.8	-299.7122	0	-0.2309618	0	0.9729629
9.200021	295.2129	1.8	-299.5032	0	-0.2309618	0	0.9729629
9.220021	295.1884	1.8	-299.2942	0	-0.2309618	0	0.9729629
9.240022	295.1638	1.8	-299.0851	0	-0.2309618	0	0.9729629
9.260022	295.1389	1.8	-298.8787	0	-0.2309618	0	0.9729629
9.280023	295.111	1.8	-298.6766	0	-0.2309618	0	0.9729629
9.300023	295.0793	1.8	-298.4729	0	-0.2309618	0	0.9729629
9.320024	295.0464	1.8	-298.2682	0	-0.2309618	0	0.9729629
9.340024	295.0136	1.8	-298.0635	0	-0.2309618	0	0.9729629
9.360024	294.9807	1.8	-297.8587	0	-0.2309618	0	0.9729629
9.380025	294.9478	1.8	-297.6539	0	-0.2309618	0	0.9729629
9.400025	294.915	1.8	-297.4492	0	-0.2309618	0	0.9729629
9.420026	294.8821	1.8	-297.2444	0	-0.2309618	0	0.9729629
9.440026	294.8492	1.8	-297.0396	0	-0.2309618	0	0.9729629
9.460027	294.822	1.8	-296.8337	0	-0.2309618	0	0.9729629
9.480027	294.7934	1.8	-296.627	0	-0.2309618	0	0.9729629
9.500028	294.7647	1.8	-296.4202	0	-0.2309618	0	0.9729629
9.520028	294.736	1.8	-296.2133	0	-0.2309618	0	0.9729629
9.540029	294.7073	1.8	-296.0064	0	-0.2309618	0	0.9729629
9.560029	294.6786	1.8	-295.7995	0	-0.2309618	0	0.9729629
9.580029	294.6498	1.8	-295.5927	0	-0.2309618	0	0.9729629
9.60003	294.6211	1.8	-295.3858	0	-0.2309618	0	0.9729629
9.62003	294.5924	1.8	-295.1789	0	-0.2309618	0	0.9729629
9.640031	294.5637	1.8	-294.972	0	-0.2309618	0	0.9729629
9.660031	294.535	1.8	-294.7651	0	-0.2309618	0	0.9729629
9.680032	294.5063	1.8	-294.5583	0	-0.2309618	0	0.9729629
9.700032	294.4775	1.8	-294.3514	0	-0.2309618	0	0.9729629
9.720033	294.4488	1.8	-294.1445	0	-0.2309618	0	0.9729629
9.740033	294.4201	1.8	-293.9376	0	-0.2309618	0	0.9729629
9.760034	294.3914	1.8	-293.7307	0	-0.2309618	0	0.9729629
9.780034	294.3627	1.8	-293.5239	0	-0.2309618	0	0.9729629
9.800035	294.334	1.8	-293.317	0	-0.2309618	0	0.9729629
9.820035	294.3052	1.8	-293.1101	0	-0.2309618	0	0.9729629
9.840035	294.2765	1.8	-292.9032	0	-0.2309618	0	0.9729629
9.860036	294.2478	1.8	-292.6964	0	-0.2309618	0	0.9729629
9.880036	294.2191	1.8	-292.4895	0	-0.2309618	0	0.9729629
9.900037	294.1904	1.8	-292.2826	0	-0.2309618	0	0.9729629
9.920037	294.1617	1.8	-292.0757	0	-0.2309618	0	0.9729629
9.940038	294.1329	1.8	-291.8688	0	-0.2309618	0	0.9729629
9.960038	294.097	1.8	-291.6703	0	-0.2309618	0	0.9729629
9.980039	294.0604	1.8	-291.4746	0	-0.2309618	0	0.9729629
10.00004	294.0229	1.8	-291.2817	0	-0.2309618	0	0.9729629
10.02004	293.9822	1.8	-291.0924	0	-0.2309618	0	0.9729629
10.04004	293.9354	1.8	-290.9072	0	-0.2309618	0	0.9729629
10.06004	293.8801	1.8	-290.7264	0	-0.2309618	0	0.9729629
10.08004	293.8042	1.8	-290.554	0	-0.2309618	0	0.9729629
10.10004	293.7173	1.8	-290.3838	0	-0.2309618	0	0.9729629
10.12004	293.6223	1.8	-290.2143	0	-0.2309618	0	0.9729629
10.14004	293.5227	1.8	-290.0446	0	-0.2309618	0	0.9729629
10.16004	293.4217	1.8	-289.8744	0	-0.2309618	0	0.9729629
10.18004	293.3206	1.8	-289.704	0	-0.2309618	0	0.9729629
10.20004	293.2195	1.8	-289.5337	0	-0.2309618	0	0.9729629
10.22004	293.1184	1.8	-289.3633	0	-0.2309618	0	0.9729629
10.24004	293.0173	1.8	-289.193	0	-0.2309618	0	0.9729629
10.26005	292.9162	1.8	-289.0226	0	-0.2309618	0	0.9729629
10.28005	292.8151	1.8	-288.8523	0	-0.2309618	0	0.9729629
10.30005	292.714	1.8	-288.6819	0	-0.2309618	0	0.9729629
10.32005	292.6129	1.8	-288.5116	0	-0.2309618	0	0.9729629
10.34005	292.5118	1.8	-288.3412	0	-0.2309618	0	0.9729629
10.36005	292.4107	1.8	-288.1709	0	-0.2309618	0	0.9729629
10.38005	292.3096	1.8	-288.0005	0	-0.2309618	0	0.9729629
10.40005	292.2085	1.8	-287.8302	0	-0.2309618	0	0.9729629
10.42005	292.1074	1.8	-287.6598	0	-0.2309618	0	0.9729629
10.44005	292.0063	1.8	-287.4895	0	-0.2309618	0	0.9729629
10.46005	291.9052	1.8	-287.3191	0	-0.2309618	0	0.9729629
10.48005	291.804	1.8	-287.1488	0	-0.2309618	0	0.9729629
10.50005	291.7029	1.8	-286.9784	0	-0.2309618	0	0.9729629
10.52005	291.6018	1.8	-286.8081	0	-0.2309618	0	0.9729629
10.54005	291.5007	1.8	-286.6377	0	-0.2309618	0	0.9729629
10.56005	291.3996	1.8	-286.4674	0	-0.2309618	0	0.9729629
10.58005	291.2985	1.8	-286.297	0	-0.2309618	0	0.9729629
10.60005	291.1974	1.8	-286.1267	0	-0.2309618	0	0.9729629
10.62005	291.0963	1.8	-285.9563	0	-0.2309618	0	0.9729629
10.64005	290.9952	1.8	-285.786	0	-0.2309618	0	0.9729629
10.66005	290.8941	1.8	-285.6156	0	-0.2309618	0	0.9729629
10.68005	290.793	1.8	-285.4453	0	-0.2309618	0	0.9729629
10.70006	290.6919	1.8	-285.2749	0	-0.2309618	0	0.9729629
10.72006	290.5908	1.8	-285.1046	0	-0.2309618	0	0.9729629
10.74006	290.4897	1.8	-284.9342	0	-0.2309618	0	0.9729629
10.76006	290.3886	1.8	-284.7639	0	-0.2309618	0	0.9729629
10.78006	290.2875	1.8	-284.5935	0	-0.2309618	0	0.9729629
10.80006	290.1864	1.8	-284.4232	0	-0.2309618	0	0.9729629
10.82006	290.0853	1.8	-284.2528	0	-0.2309618	0	0.9729629
10.84006	289.9842	1.8	-284.0825	0	-0.2309618	0	0.9729629
10.86006	289.8831	1.8	-283.9121	0	-0.2309618	0	0.9729629
10.88006	289.782	1.8	-283.7418	0	-0.2309618	0	0.9729629
10.90006	289.6808	1.8	-283.5714	0	-0.2309618	0	0.9729629
10.92006	289.5797	1.8	-283.4011	0	-0.2309618	0	0.9729629
10.94006	289.4786	1.8	-283.2307	0	-0.2309618	0	0.9729629
10.96006	289.3775	1.8	-283.0604	0	-0.2309618	0	0.9729629
10.98006	289.2764	1.8	-282.89	0	-0.2309618	0	0.9729629
11.00006	289.1753	1.8	-282.7197	0	-0.2309618	0	0.9729629
11.02006	289.0742	1.8	-282.5493	0	-0.2309618	0	0.9729629
11.04006	288.9731	1.8	-282.379	0	-0.2309618	0	0.9729629
11.06006	288.872	1.8	-282.2086	0	-0.2309618	0	0.9729629
11.08006	288.7709	1.8	-282.0383	0	-0.2309618	0	0.9729629
11.10006	288.6698	1.8	-281.868	0	-0.2309618	0	0.9729629
11.12006	288.5687	1.8	-281.6976	0	-0.2309618	0	0.9729629
11.14007	288.4676	1.8	-281.5273	0	-0.2309618	0	0.9729629
11.16007	288.3665	1.8	-281.3569	0	-0.2309618	0	0.9729629
11.18007	288.2654	1.8	-281.1866	0	-0.2309618	0	0.9729629
11.20007	288.1643	1.8	-281.0162	0	-0.2309618	0	0.9729629
11.22007	288.0632	1.8	-280.8459	0	-0.2309618	0	0.9729629
11.24007	287.9621	1.8	-280.6755	0	-0.2309618	0	0.9729629
11.26007	287.861	1.8	-280.5052	0	-0.2309618	0	0.9729629
11.28007	287.7599	1.8	-280.3348	0	-0.2309618	0	0.9729629
11.30007	287.6588	1.8	-280.1645	0	-0.2309618	0	0.9729629
11.32007	287.5576	1.8	-279.9941	0	-0.2309618	0	0.9729629
#Walking Trial Way Points#
#TimeStamp#	#WayPonitX#	#WayPonitY#	#WayPonitZ#	#OrientationX#	#OrientationY#	#OrientationZ#	#OrientationW#	
0	315	10	-315	0	0	0	0
0.02	315	1.8	-275	0	0	0	0
11.34007	276.9577	1.8	-262.6393	0	0	0	0
