#Walking Trial Path#
#TimeStamp#	#PositionX#	#PositionY#	#PositionZ#	#OrientationX#	#OrientationY#	#OrientationZ#	#OrientationW#	
0	277.0237	1.8	313.579	0	0	0	1
0.02	278.8868	1.8	313.7631	0	0	0	1
0.04	280.7501	1.8	313.9437	0	0	0	1
0.06	281.6138	1.8	314.0935	0	0	0	1
0.08	283.4773	1.8	314.2666	0	0	0	1
0.09999999	285.3409	1.8	314.4354	0	0	0	1
0.12	287.2045	1.8	314.5996	0	0	0	1
0.14	289.0682	1.8	314.7588	0	0	0	1
0.16	289.9319	1.8	314.9086	0	0	0	1
0.18	291.7957	1.8	315.056	0	0	0	1
0.2	293.6594	1.8	315.1966	0	0	0	1
0.22	294.5231	1.8	315.3464	0	0	0	1
0.24	296.3866	1.8	315.4709	0	0	0	1
0.26	298.2497	1.8	315.5858	0	0	0	1
0.28	300.1124	1.8	315.6893	0	0	0	1
0.3	300.9761	1.8	315.8391	0	0	0	1
0.32	302.837	1.8	315.914	0	0	0	1
0.34	304.6964	1.8	315.9701	0	0	0	1
0.36	306.5532	1.8	316.0021	0	0	0	1
0.38	308.4055	1.8	316.0017	0	0	0	1
0.4	309.2693	1.8	316.1516	0	0	0	1
0.42	311.0991	1.8	316.0431	0	0	0	1
0.4400001	311.9628	1.8	316.1929	0	0	0	1
0.4600001	312.8266	1.8	316.3427	0	-0.002469865	0	0.999997
0.4800001	313.476	1.8	316.4385	0	-0.002469865	0	0.999997
0.5000001	314.1254	1.8	316.5343	0	-0.004033722	0	0.9999919
0.52	314.5613	1.8	316.5781	0	-0.005144572	0	0.9999868
0.54	314.7863	1.8	316.5762	0	-0.00602892	0	0.9999819
0.56	314.8591	1.8	316.566	0	-0.00602892	0	0.9999819
0.58	314.9319	1.8	316.5557	0	-0.006800015	0	0.9999769
0.6	314.9322	1.8	316.5548	0	-0.006800015	0	0.9999769
0.6199999	314.9322	1.8	316.5546	0	-0.007514483	0	0.9999718
0.6399999	314.9332	1.8	316.4921	0	-0.008200635	0	0.9999664
0.6599999	314.9342	1.8	316.4296	0	-0.008200635	0	0.9999664
0.6799999	314.9352	1.8	316.3671	0	-0.008872628	0	0.9999607
0.6999999	314.9363	1.8	316.3046	0	-0.009537539	0	0.9999545
0.7199998	314.9375	1.8	316.2421	0	-0.009537539	0	0.9999545
0.7399998	314.9387	1.8	316.1796	0	-0.01019891	0	0.999948
0.7599998	314.94	1.8	316.1171	0	-0.01019891	0	0.999948
0.7799998	314.9413	1.8	316.0546	0	-0.0108585	0	0.9999411
0.7999998	314.9426	1.8	315.9921	0	-0.01151721	0	0.9999337
0.8199998	314.9441	1.8	315.9296	0	-0.01217546	0	0.9999259
0.8399997	314.9456	1.8	315.8672	0	-0.01217546	0	0.9999259
0.8599997	314.9471	1.8	315.8047	0	-0.01283349	0	0.9999177
0.8799997	314.9487	1.8	315.7422	0	-0.01283349	0	0.9999177
0.8999997	314.9503	1.8	315.6797	0	-0.01349141	0	0.999909
0.9199997	314.952	1.8	315.6173	0	-0.01414926	0	0.9998999
0.9399996	314.9538	1.8	315.5548	0	-0.01480708	0	0.9998904
0.9599996	314.9557	1.8	315.4923	0	-0.01480708	0	0.9998904
0.9799996	314.9575	1.8	315.4299	0	-0.01546488	0	0.9998804
0.9999996	314.9594	1.8	315.3674	0	-0.01612267	0	0.9998701
1.02	314.9615	1.8	315.3049	0	-0.01678044	0	0.9998592
1.04	314.9636	1.8	315.2425	0	-0.01678044	0	0.9998592
1.06	314.9657	1.8	315.18	0	-0.01743821	0	0.9998479
1.08	314.9678	1.8	315.1175	0	-0.01808958	0	0.9998364
1.1	314.9701	1.8	315.0551	0	-0.01874413	0	0.9998243
1.12	314.9724	1.8	314.9926	0	-0.01874413	0	0.9998243
1.14	314.9748	1.8	314.9301	0	-0.01940028	0	0.9998118
1.159999	314.9772	1.8	314.8676	0	-0.02005722	0	0.9997988
1.179999	314.9797	1.8	314.8052	0	-0.02071455	0	0.9997854
1.199999	314.9823	1.8	314.7428	0	-0.02071455	0	0.9997854
1.219999	314.9849	1.8	314.6803	0	-0.02137206	0	0.9997716
1.239999	314.9876	1.8	314.6179	0	-0.02202968	0	0.9997573
1.259999	314.9903	1.8	314.5555	0	-0.02268733	0	0.9997426
1.279999	314.9932	1.8	314.493	0	-0.02268733	0	0.9997426
1.299999	314.996	1.8	314.4306	0	-0.02334499	0	0.9997275
1.319999	314.9989	1.8	314.3681	0	-0.02400266	0	0.9997119
1.339999	315.0019	1.8	314.3057	0	-0.02400266	0	0.9997119
1.359999	315.0049	1.8	314.2433	0	-0.02466032	0	0.9996959
1.379999	315.008	1.8	314.1808	0	-0.02531798	0	0.9996794
1.399999	315.0112	1.8	314.1184	0	-0.02596923	0	0.9996628
1.419999	315.0144	1.8	314.056	0	-0.02662367	0	0.9996455
1.439999	315.0177	1.8	313.9936	0	-0.02793651	0	0.9996097
1.459999	315.0212	1.8	313.9312	0	-0.02859371	0	0.9995911
1.479999	315.0248	1.8	313.8688	0	-0.0292511	0	0.9995721
1.499999	315.0284	1.8	313.8064	0	-0.02990858	0	0.9995527
1.519999	315.0322	1.8	313.744	0	-0.03122362	0	0.9995124
1.539999	315.036	1.8	313.6816	0	-0.03188115	0	0.9994917
1.559999	315.04	1.8	313.6192	0	-0.03253227	0	0.9994707
1.579999	315.0441	1.8	313.5569	0	-0.03318658	0	0.9994492
1.599999	315.0482	1.8	313.4945	0	-0.03384247	0	0.9994272
1.619999	315.0525	1.8	313.4321	0	-0.03515622	0	0.9993818
1.639999	315.0569	1.8	313.3698	0	-0.03581347	0	0.9993585
1.659999	315.0613	1.8	313.3074	0	-0.03647081	0	0.9993348
1.679999	315.0659	1.8	313.2451	0	-0.03712818	0	0.9993106
1.699999	315.0705	1.8	313.1828	0	-0.03778556	0	0.9992859
1.719999	315.0753	1.8	313.1205	0	-0.0391003	0	0.9992353
1.739999	315.0801	1.8	313.0581	0	-0.03975765	0	0.9992094
1.759999	315.0851	1.8	312.9958	0	-0.04041499	0	0.999183
1.779999	315.0901	1.8	312.9335	0	-0.0410723	0	0.9991562
1.799999	315.0953	1.8	312.8712	0	-0.0417296	0	0.9991289
1.819999	315.1005	1.8	312.809	0	-0.04304415	0	0.9990732
1.839999	315.1059	1.8	312.7467	0	-0.04370139	0	0.9990447
1.859999	315.1113	1.8	312.6844	0	-0.04435862	0	0.9990157
1.879999	315.1169	1.8	312.6222	0	-0.04501583	0	0.9989863
1.899999	315.1225	1.8	312.5599	0	-0.04567301	0	0.9989564
1.919999	315.1282	1.8	312.4977	0	-0.04698733	0	0.9988955
1.939999	315.1341	1.8	312.4354	0	-0.04764446	0	0.9988644
1.959999	315.14	1.8	312.3732	0	-0.04830157	0	0.9988328
1.979999	315.1461	1.8	312.311	0	-0.04895866	0	0.9988008
1.999999	315.1522	1.8	312.2488	0	-0.04961572	0	0.9987684
2.019999	315.1584	1.8	312.1866	0	-0.05027277	0	0.9987355
2.039999	315.1646	1.8	312.1244	0	-0.05158679	0	0.9986686
2.059999	315.1711	1.8	312.0622	0	-0.05224377	0	0.9986344
2.079999	315.1776	1.8	312.0001	0	-0.05290072	0	0.9985998
2.099999	315.1842	1.8	311.9379	0	-0.05355766	0	0.9985648
2.119999	315.1909	1.8	311.8758	0	-0.05421457	0	0.9985293
2.139999	315.1977	1.8	311.8136	0	-0.05552832	0	0.9984571
2.159999	315.2046	1.8	311.7515	0	-0.05618515	0	0.9984204
2.179999	315.2116	1.8	311.6894	0	-0.05684197	0	0.9983832
2.199999	315.2187	1.8	311.6273	0	-0.05749236	0	0.998346
2.219999	315.2259	1.8	311.5652	0	-0.05813954	0	0.9983085
2.239999	315.2331	1.8	311.5031	0	-0.05813954	0	0.9983085
2.259999	315.2285	1.8	311.4594	0	-0.05813954	0	0.9983085
2.279999	315.2213	1.8	311.4207	0	-0.05813954	0	0.9983085
2.299999	315.2141	1.8	311.3843	0	-0.05813954	0	0.9983085
2.319999	315.205	1.8	311.3488	0	-0.05813954	0	0.9983085
2.339998	315.196	1.8	311.3133	0	-0.05813954	0	0.9983085
2.359998	315.186	1.8	311.2772	0	-0.05813954	0	0.9983085
2.379998	315.176	1.8	311.241	0	-0.05813954	0	0.9983085
2.399998	315.2029	1.8	311.2641	0	-0.05813954	0	0.9983085
2.419998	315.2299	1.8	311.2871	0	-0.05813954	0	0.9983085
2.439998	315.3063	1.8	311.4168	0	-0.05813954	0	0.9983085
2.459998	315.4149	1.8	311.6282	0	-0.05813954	0	0.9983085
2.479998	315.5388	1.8	311.8413	0	-0.05813954	0	0.9983085
2.499998	315.6782	1.8	312.0562	0	-0.05813954	0	0.9983085
2.519998	315.839	1.8	312.2739	0	-0.05813954	0	0.9983085
2.539998	315.9998	1.8	312.4915	0	-0.05813954	0	0.9983085
2.559998	316.1708	1.8	312.7107	0	-0.05813954	0	0.9983085
2.579998	316.3445	1.8	312.9305	0	-0.05813954	0	0.9983085
2.599998	316.5185	1.8	313.1505	0	-0.05813954	0	0.9983085
2.619998	316.6924	1.8	313.3705	0	-0.05813954	0	0.9983085
2.639998	316.8664	1.8	313.5904	0	-0.05813954	0	0.9983085
2.659998	317.0403	1.8	313.8104	0	-0.05813954	0	0.9983085
2.679998	317.2143	1.8	314.0304	0	-0.05813954	0	0.9983085
2.699998	317.3882	1.8	314.2503	0	-0.05813954	0	0.9983085
2.719998	317.5622	1.8	314.4703	0	-0.05813954	0	0.9983085
2.739998	317.7361	1.8	314.6903	0	-0.05813954	0	0.9983085
2.759998	317.9101	1.8	314.9102	0	-0.05813954	0	0.9983085
2.779998	318.084	1.8	315.1302	0	-0.05813954	0	0.9983085
2.799998	318.258	1.8	315.3502	0	-0.05813954	0	0.9983085
2.819998	318.4319	1.8	315.5702	0	-0.05813954	0	0.9983085
2.839998	318.6059	1.8	315.7901	0	-0.05813954	0	0.9983085
2.859998	318.7798	1.8	316.0101	0	-0.05813954	0	0.9983085
2.879998	318.9538	1.8	316.2301	0	-0.05813954	0	0.9983085
2.899998	319.1254	1.8	316.4485	0	-0.05813954	0	0.9983085
2.919998	319.297	1.8	316.667	0	-0.05813954	0	0.9983085
2.939998	319.45	1.8	316.8832	0	-0.05813954	0	0.9983085
2.959998	319.5818	1.8	317.0963	0	-0.05813954	0	0.9983085
2.979998	319.7136	1.8	317.3095	0	-0.05813954	0	0.9983085
2.999998	319.8243	1.8	317.5195	0	-0.05813954	0	0.9983085
3.019998	319.9141	1.8	317.7255	0	-0.05813954	0	0.9983085
3.039998	319.9832	1.8	317.9279	0	-0.05813954	0	0.9983085
3.059998	320.0522	1.8	318.1302	0	-0.05813954	0	0.9983085
3.079998	320.1074	1.8	318.3296	0	-0.05813954	0	0.9983085
3.099998	320.1558	1.8	318.5264	0	-0.05813954	0	0.9983085
3.119998	320.2014	1.8	318.7209	0	-0.05813954	0	0.9983085
3.139998	320.2471	1.8	318.9155	0	-0.05813954	0	0.9983085
3.159998	320.2914	1.8	319.1077	0	-0.05813954	0	0.9983085
3.179998	320.332	1.8	319.2977	0	-0.05813954	0	0.9983085
3.199998	320.3659	1.8	319.486	0	-0.05813954	0	0.9983085
3.219998	320.3998	1.8	319.6742	0	-0.05813954	0	0.9983085
3.239998	320.4241	1.8	319.8611	0	-0.05813954	0	0.9983085
3.259998	320.4365	1.8	320.0476	0	-0.05813954	0	0.9983085
3.279998	320.4354	1.8	320.2344	0	-0.05813954	0	0.9983085
3.299998	320.4343	1.8	320.4213	0	-0.05813954	0	0.9983085
3.319998	320.4202	1.8	320.6093	0	-0.05813954	0	0.9983085
3.339998	320.3951	1.8	320.7991	0	-0.05813954	0	0.9983085
3.359998	320.3624	1.8	320.991	0	-0.05813954	0	0.9983085
3.379997	320.3297	1.8	321.1828	0	-0.05813954	0	0.9983085
3.399997	320.2932	1.8	321.3763	0	-0.05813954	0	0.9983085
3.419997	320.2469	1.8	321.5672	0	-0.05813954	0	0.9983085
3.439997	320.2006	1.8	321.7581	0	-0.05813954	0	0.9983085
3.459997	320.1371	1.8	321.9463	0	-0.05813954	0	0.9983085
3.479997	320.0469	1.8	322.1316	0	-0.05813954	0	0.9983085
3.499997	319.9309	1.8	322.3145	0	-0.05813954	0	0.9983085
3.519997	319.7998	1.8	322.4967	0	-0.05813954	0	0.9983085
3.539997	319.6686	1.8	322.6788	0	-0.05813954	0	0.9983085
3.559997	319.5304	1.8	322.861	0	-0.05813954	0	0.9983085
3.579997	319.3898	1.8	323.0436	0	-0.05813954	0	0.9983085
3.599997	319.2489	1.8	323.2265	0	-0.05813954	0	0.9983085
3.619997	319.1081	1.8	323.4093	0	-0.05813954	0	0.9983085
3.639997	318.9672	1.8	323.5921	0	-0.05813954	0	0.9983085
3.659997	318.8263	1.8	323.775	0	-0.05813954	0	0.9983085
3.679997	318.6855	1.8	323.9578	0	-0.05813954	0	0.9983085
3.699997	318.5461	1.8	324.1387	0	-0.05813954	0	0.9983085
3.719997	318.4199	1.8	324.3205	0	-0.05813954	0	0.9983085
3.739997	318.3031	1.8	324.5025	0	-0.05813954	0	0.9983085
3.759997	318.2126	1.8	324.6854	0	-0.05813954	0	0.9983085
3.779997	318.1266	1.8	324.867	0	-0.05813954	0	0.9983085
3.799997	318.0419	1.8	325.0465	0	-0.05813954	0	0.9983085
3.819997	317.9601	1.8	325.2246	0	-0.05813954	0	0.9983085
3.839997	317.8835	1.8	325.4023	0	-0.05813954	0	0.9983085
3.859997	317.8291	1.8	325.5822	0	-0.05813954	0	0.9983085
3.879997	317.7976	1.8	325.7658	0	-0.05813954	0	0.9983085
3.899997	317.7968	1.8	325.9552	0	-0.05813954	0	0.9983085
3.919997	317.8314	1.8	326.1515	0	-0.05813954	0	0.9983085
3.939997	317.8932	1.8	326.3537	0	-0.05813954	0	0.9983085
3.959997	317.9971	1.8	326.5645	0	-0.05813954	0	0.9983085
3.979997	318.1049	1.8	326.776	0	-0.05813954	0	0.9983085
3.999997	318.2227	1.8	326.9884	0	-0.05813954	0	0.9983085
4.019997	318.3564	1.8	327.2026	0	-0.05813954	0	0.9983085
4.039997	318.4994	1.8	327.4182	0	-0.05813954	0	0.9983085
4.059997	318.6577	1.8	327.636	0	-0.05813954	0	0.9983085
4.079997	318.8211	1.8	327.8544	0	-0.05813954	0	0.9983085
4.099997	318.9893	1.8	328.0734	0	-0.05813954	0	0.9983085
4.119997	319.1623	1.8	328.293	0	-0.05813954	0	0.9983085
4.139997	319.3362	1.8	328.5129	0	-0.05813954	0	0.9983085
4.159997	319.5102	1.8	328.7329	0	-0.05813954	0	0.9983085
4.179997	319.6842	1.8	328.9529	0	-0.05813954	0	0.9983085
4.199997	319.8581	1.8	329.1729	0	-0.05813954	0	0.9983085
4.219997	320.0321	1.8	329.3929	0	-0.05813954	0	0.9983085
4.239997	320.206	1.8	329.6128	0	-0.05813954	0	0.9983085
4.259997	320.38	1.8	329.8328	0	-0.05813954	0	0.9983085
4.279997	320.5539	1.8	330.0528	0	-0.05813954	0	0.9983085
4.299997	320.7279	1.8	330.2727	0	-0.05813954	0	0.9983085
4.319997	320.9018	1.8	330.4927	0	-0.05813954	0	0.9983085
4.339997	321.0758	1.8	330.7127	0	-0.05813954	0	0.9983085
4.359997	321.2497	1.8	330.9326	0	-0.05813954	0	0.9983085
4.379997	321.4237	1.8	331.1526	0	-0.05813954	0	0.9983085
4.399997	321.5976	1.8	331.3726	0	-0.05813954	0	0.9983085
4.419997	321.7716	1.8	331.5926	0	-0.05813954	0	0.9983085
4.439997	321.9455	1.8	331.8125	0	-0.05813954	0	0.9983085
4.459997	322.1195	1.8	332.0325	0	-0.05813954	0	0.9983085
4.479997	322.2934	1.8	332.2525	0	-0.05813954	0	0.9983085
4.499997	322.4585	1.8	332.4707	0	-0.05813954	0	0.9983085
4.519997	322.6092	1.8	332.6868	0	-0.05813954	0	0.9983085
4.539997	322.7178	1.8	332.8954	0	-0.05813954	0	0.9983085
4.559997	322.8055	1.8	333.1002	0	-0.05813954	0	0.9983085
4.579997	322.8725	1.8	333.3015	0	-0.05813954	0	0.9983085
4.599997	322.9338	1.8	333.5002	0	-0.05813954	0	0.9983085
4.619997	322.9861	1.8	333.6961	0	-0.05813954	0	0.9983085
4.639997	322.9748	1.8	333.8834	0	-0.05813954	0	0.9983085
4.659997	322.903	1.8	334.0662	0	-0.05813954	0	0.9983085
4.679996	322.7625	1.8	334.2446	0	-0.05813954	0	0.9983085
4.699996	322.5746	1.8	334.42	0	-0.05813954	0	0.9983085
4.719996	322.3661	1.8	334.5944	0	-0.05813954	0	0.9983085
4.739996	322.1394	1.8	334.7676	0	-0.05813954	0	0.9983085
4.759996	321.9168	1.8	334.9404	0	-0.05813954	0	0.9983085
4.779996	321.6964	1.8	335.1128	0	-0.05813954	0	0.9983085
4.799996	321.4766	1.8	335.2864	0	-0.05813954	0	0.9983085
4.819996	321.2566	1.8	335.4603	0	-0.05813954	0	0.9983085
4.839996	321.0367	1.8	335.6343	0	-0.05813954	0	0.9983085
4.859996	320.8167	1.8	335.8082	0	-0.05813954	0	0.9983085
4.879996	320.5967	1.8	335.9822	0	-0.05813954	0	0.9983085
4.899996	320.3767	1.8	336.1561	0	-0.05813954	0	0.9983085
4.919996	320.1568	1.8	336.3301	0	-0.05813954	0	0.9983085
4.939996	319.9368	1.8	336.504	0	-0.05813954	0	0.9983085
4.959996	319.7168	1.8	336.678	0	-0.05813954	0	0.9983085
4.979996	319.4969	1.8	336.8519	0	-0.05813954	0	0.9983085
4.999996	319.2769	1.8	337.0259	0	-0.05813954	0	0.9983085
5.019996	319.0569	1.8	337.1998	0	-0.05813954	0	0.9983085
5.039996	318.8369	1.8	337.3738	0	-0.05813954	0	0.9983085
5.059996	318.617	1.8	337.5477	0	-0.05813954	0	0.9983085
5.079996	318.397	1.8	337.7217	0	-0.05813954	0	0.9983085
5.099996	318.1986	1.8	337.8971	0	-0.05813954	0	0.9983085
5.119996	318.0216	1.8	338.0738	0	-0.05813954	0	0.9983085
5.139996	317.8661	1.8	338.2516	0	-0.05813954	0	0.9983085
5.159996	317.7317	1.8	338.4307	0	-0.05813954	0	0.9983085
5.179996	317.6182	1.8	338.6114	0	-0.05813954	0	0.9983085
5.199996	317.5047	1.8	338.7921	0	-0.05813954	0	0.9983085
5.219996	317.3972	1.8	338.9715	0	-0.05813954	0	0.9983085
5.239996	317.3098	1.8	339.1518	0	-0.05813954	0	0.9983085
5.259996	317.2553	1.8	339.3356	0	-0.05813954	0	0.9983085
5.279996	317.2518	1.8	339.5262	0	-0.05813954	0	0.9983085
5.299996	317.3193	1.8	339.7279	0	-0.05813954	0	0.9983085
5.319996	317.3867	1.8	339.9296	0	-0.05813954	0	0.9983085
5.339996	317.5186	1.8	340.1417	0	-0.05813954	0	0.9983085
5.359996	317.6619	1.8	340.3571	0	-0.05813954	0	0.9983085
5.379996	317.8052	1.8	340.5726	0	-0.05813954	0	0.9983085
5.399996	317.9274	1.8	340.7839	0	-0.05813954	0	0.9983085
5.419996	318.0437	1.8	340.9927	0	-0.05813954	0	0.9983085
5.439996	318.1156	1.8	341.1949	0	-0.05813954	0	0.9983085
5.459996	318.1194	1.8	341.3885	0	-0.05813954	0	0.9983085
5.479996	318.0353	1.8	341.5728	0	-0.05813954	0	0.9983085
5.499996	317.9512	1.8	341.757	0	-0.05813954	0	0.9983085
5.519996	317.7885	1.8	341.9344	0	-0.05813954	0	0.9983085
5.539996	317.5855	1.8	342.1088	0	-0.05813954	0	0.9983085
5.559996	317.3825	1.8	342.2832	0	-0.05813954	0	0.9983085
5.579996	317.1662	1.8	342.457	0	-0.05813954	0	0.9983085
5.599996	316.9466	1.8	342.6308	0	-0.05813954	0	0.9983085
5.619996	316.7267	1.8	342.8047	0	-0.05813954	0	0.9983085
5.639996	316.5067	1.8	342.9787	0	-0.05813954	0	0.9983085
5.659996	316.2867	1.8	343.1526	0	-0.05813954	0	0.9983085
5.679996	316.0682	1.8	343.321	0	-0.05813954	0	0.9983085
5.699996	315.851	1.8	343.4851	0	-0.05813954	0	0.9983085
5.719995	315.6337	1.8	343.6493	0	-0.05813954	0	0.9983085
5.739995	315.4178	1.8	343.8116	0	-0.05813954	0	0.9983085
5.759995	315.201	1.8	343.9718	0	-0.05813954	0	0.9983085
5.779995	314.9828	1.8	344.1317	0	-0.05813954	0	0.9983085
5.799995	314.7645	1.8	344.2917	0	-0.05813954	0	0.9983085
5.819995	314.5462	1.8	344.4517	0	-0.05813954	0	0.9983085
5.839995	314.3279	1.8	344.6116	0	-0.05813954	0	0.9983085
5.859995	314.1096	1.8	344.7716	0	-0.05813954	0	0.9983085
5.879995	313.8914	1.8	344.9316	0	-0.05813954	0	0.9983085
5.899995	313.6731	1.8	345.0916	0	-0.05813954	0	0.9983085
5.919995	313.4548	1.8	345.2515	0	-0.05813954	0	0.9983085
5.939995	313.2365	1.8	345.4115	0	-0.05813954	0	0.9983085
5.959995	313.0182	1.8	345.5715	0	-0.05813954	0	0.9983085
5.979995	312.7999	1.8	345.7314	0	-0.05813954	0	0.9983085
5.999995	312.5816	1.8	345.8914	0	-0.05813954	0	0.9983085
6.019995	312.3633	1.8	346.0514	0	-0.05813954	0	0.9983085
6.039995	312.145	1.8	346.2114	0	-0.05813954	0	0.9983085
6.059995	311.9267	1.8	346.3713	0	-0.05813954	0	0.9983085
6.079995	311.7084	1.8	346.5313	0	-0.05813954	0	0.9983085
6.099995	311.4901	1.8	346.6913	0	-0.05813954	0	0.9983085
6.119995	311.2719	1.8	346.8513	0	-0.05813954	0	0.9983085
6.139995	311.0536	1.8	347.0112	0	-0.05813954	0	0.9983085
6.159995	310.8353	1.8	347.1712	0	-0.06055513	0	0.9981649
6.179995	310.6186	1.8	347.3291	0	-0.06611719	0	0.9978119
6.199995	310.4025	1.8	347.4844	0	-0.06611719	0	0.9978119
6.219995	310.1864	1.8	347.6397	0	-0.07324975	0	0.9973137
6.239995	309.9692	1.8	347.7917	0	-0.08116434	0	0.9967008
6.259995	309.7498	1.8	347.9398	0	-0.08116434	0	0.9967008
6.279995	309.5305	1.8	348.088	0	-0.08946642	0	0.9959899
6.299995	309.3087	1.8	348.2323	0	-0.08946642	0	0.9959899
6.319995	309.0869	1.8	348.3766	0	-0.09795841	0	0.9951905
6.339995	308.8626	1.8	348.517	0	-0.1065413	0	0.9943083
6.359995	308.6359	1.8	348.6535	0	-0.1151652	0	0.9933464
6.379995	308.4068	1.8	348.786	0	-0.1151652	0	0.9933464
6.399995	308.1777	1.8	348.9185	0	-0.1238048	0	0.9923066
6.419995	307.9464	1.8	349.047	0	-0.1324473	0	0.9911901
6.439995	307.7128	1.8	349.1715	0	-0.1410858	0	0.9899974
6.459995	307.4772	1.8	349.2919	0	-0.1583376	0	0.987385
6.479995	307.2379	1.8	349.4035	0	-0.1669473	0	0.9859658
6.499995	306.9961	1.8	349.5108	0	-0.1755446	0	0.9844715
6.519995	306.7523	1.8	349.614	0	-0.1841288	0	0.9829022
6.539995	306.5067	1.8	349.713	0	-0.192699	0	0.9812579
6.559995	306.2625	1.8	349.8095	0	-0.2012546	0	0.979539
6.579995	306.0201	1.8	349.9042	0	-0.2097949	0	0.9777454
6.599995	305.7791	1.8	349.9925	0	-0.226827	0	0.9739351
6.619995	305.5417	1.8	350.0642	0	-0.2353174	0	0.9719186
6.639995	305.3061	1.8	350.1306	0	-0.2437899	0	0.9698281
6.659995	305.0729	1.8	350.1874	0	-0.2522439	0	0.9676637
6.679995	304.8436	1.8	350.23	0	-0.2606786	0	0.9654257
6.699995	304.6182	1.8	350.2613	0	-0.2774879	0	0.9607291
6.719995	304.4097	1.8	350.2585	0	-0.2858612	0	0.9582711
6.739995	304.2057	1.8	350.2511	0	-0.2942127	0	0.95574
6.759995	304.0043	1.8	350.2431	0	-0.3025418	0	0.9531361
6.779994	303.8062	1.8	350.2335	0	-0.3108479	0	0.9504597
6.799994	303.6124	1.8	350.2195	0	-0.3273883	0	0.9448899
6.819994	303.4304	1.8	350.1895	0	-0.3356215	0	0.9419969
6.839994	303.2578	1.8	350.1425	0	-0.3438291	0	0.9390323
6.859994	303.0964	1.8	350.0738	0	-0.3520105	0	0.9359961
6.879994	302.9472	1.8	349.9802	0	-0.3601651	0	0.9328886
6.899994	302.8095	1.8	349.8626	0	-0.3763914	0	0.9264607
6.919994	302.6912	1.8	349.7073	0	-0.3844618	0	0.9231409
6.939994	302.5765	1.8	349.5462	0	-0.3925031	0	0.9197508
6.959994	302.4649	1.8	349.3817	0	-0.4005143	0	0.9162905
6.979994	302.3564	1.8	349.2149	0	-0.4084951	0	0.9127605
6.999994	302.2553	1.8	349.0431	0	-0.4243628	0	0.9054923
7.019994	302.1683	1.8	348.862	0	-0.4322484	0	0.9017546
7.039994	302.0864	1.8	348.6768	0	-0.4401012	0	0.8979483
7.059994	302.0086	1.8	348.4888	0	-0.4479204	0	0.8940735
7.079994	301.9345	1.8	348.299	0	-0.4557055	0	0.8901306
7.099994	301.864	1.8	348.1076	0	-0.471171	0	0.8820419
7.119994	301.8008	1.8	347.9142	0	-0.4788502	0	0.8778967
7.139994	301.741	1.8	347.7189	0	-0.486493	0	0.8736845
7.159994	301.6845	1.8	347.5226	0	-0.4940987	0	0.8694059
7.179994	301.6312	1.8	347.3254	0	-0.5016667	0	0.865061
7.199994	301.5813	1.8	347.1274	0	-0.5166878	0	0.856174
7.219994	301.5386	1.8	346.9284	0	-0.5241395	0	0.8516325
7.239994	301.4996	1.8	346.728	0	-0.5315514	0	0.8470261
7.259994	301.4639	1.8	346.5269	0	-0.5389227	0	0.8423553
7.279994	301.4277	1.8	346.3283	0	-0.546253	0	0.8376203
7.299994	301.3904	1.8	346.1322	0	-0.5607883	0	0.8279592
7.319994	301.3484	1.8	345.9363	0	-0.5679922	0	0.823034
7.339994	301.3092	1.8	345.741	0	-0.5751528	0	0.818046
7.359994	301.2737	1.8	345.5453	0	-0.5822695	0	0.8129958
7.379994	301.2418	1.8	345.349	0	-0.5963696	0	0.80271
7.399994	301.1883	1.8	345.1616	0	-0.6033518	0	0.7974752
7.419994	301.0862	1.8	344.9884	0	-0.610288	0	0.7921796
7.439994	300.9059	1.8	344.8341	0	-0.6171777	0	0.7868237
7.459994	300.6824	1.8	344.6868	0	-0.6240205	0	0.781408
7.479994	300.4461	1.8	344.5375	0	-0.6375629	0	0.7703983
7.499994	300.2145	1.8	344.3842	0	-0.6435181	0	0.765431
7.519994	299.985	1.8	344.2272	0	-0.6464812	0	0.76293
7.539994	299.757	1.8	344.0669	0	-0.6479591	0	0.7616752
7.559994	299.5298	1.8	343.904	0	-0.6486971	0	0.7610468
7.579994	299.3027	1.8	343.7397	0	-0.6490659	0	0.7607323
7.599994	299.0757	1.8	343.5752	0	-0.6492501	0	0.7605749
7.619994	298.8488	1.8	343.4104	0	-0.6493424	0	0.7604963
7.639994	298.6218	1.8	343.2457	0	-0.6494114	0	0.7604373
7.659994	298.395	1.8	343.0808	0	-0.6494229	0	0.7604274
7.679994	298.1681	1.8	342.916	0	-0.6494287	0	0.7604225
7.699994	297.9412	1.8	342.7512	0	-0.6494316	0	0.7604201
7.719994	297.7143	1.8	342.5863	0	-0.649433	0	0.7604188
7.739994	297.4874	1.8	342.4215	0	-0.6494337	0	0.7604182
7.759994	297.2605	1.8	342.2567	0	-0.6494341	0	0.7604179
#Walking Trial Way Points#
#TimeStamp#	#WayPonitX#	#WayPonitY#	#WayPonitZ#	#OrientationX#	#OrientationY#	#OrientationZ#	#OrientationW#	
0	315	10	315	0	0	0	0
4.879996	315	1.8	355	0	0	0	0
7.779994	276.9577	1.8	342.6393	0	0	0	0
#Walking Trial Path#
#TimeStamp#	#PositionX#	#PositionY#	#PositionZ#	#OrientationX#	#OrientationY#	#OrientationZ#	#OrientationW#	
0	276.6523	1.8	315.4492	0	0	0	1
0.02	278.5033	1.8	315.6446	0	0	0	1
0.04	280.3542	1.8	315.8336	0	0	0	1
0.06	282.2048	1.8	316.0157	0	0	0	1
0.08	283.056	1.8	316.2288	0	0	0	1
0.09999999	284.9061	1.8	316.3955	0	0	0	1
0.12	286.7558	1.8	316.5537	0	0	0	1
0.14	288.6049	1.8	316.7024	0	0	0	1
0.16	289.456	1.8	316.9155	0	0	0	1
0.18	291.3035	1.8	317.0427	0	0	0	1
0.2	293.1498	1.8	317.1575	0	0	0	1
0.22	294.001	1.8	317.3705	0	0	0	1
0.24	295.844	1.8	317.4564	0	0	0	1
0.26	297.6847	1.8	317.5252	0	0	0	1
0.28	299.5223	1.8	317.5742	0	0	0	1
0.3	301.3558	1.8	317.6001	0	0	0	1
0.32	302.207	1.8	317.8131	0	0	0	1
0.34	304.0275	1.8	317.7806	0	0	0	1
0.36	305.8376	1.8	317.71	0	0	0	1
0.38	307.6321	1.8	317.5913	0	0	0	1
0.4	308.4833	1.8	317.8044	0	0	0	1
0.42	310.2171	1.8	317.5474	0	0	0	1
0.4400001	311.0683	1.8	317.7604	0	0	0	1
0.4600001	311.9194	1.8	317.9735	0	0	0	1
0.4800001	312.7706	1.8	318.1866	0	0.0009592726	0	0.9999996
0.5000001	313.4106	1.8	318.3328	0	0.001135173	0	0.9999994
0.52	313.8399	1.8	318.4137	0	0.001135173	0	0.9999994
0.54	314.2691	1.8	318.4947	0	0.000919387	0	0.9999996
0.56	314.4888	1.8	318.5158	0	0.000507758	0	0.9999999
0.58	314.5354	1.8	318.5103	0	0.000507758	0	0.9999999
0.6	314.582	1.8	318.5047	0	-1.792621E-06	0	1
0.6199999	314.5821	1.8	318.5038	0	-0.0005603041	0	0.9999999
0.6399999	314.5821	1.8	318.4701	0	-0.001143296	0	0.9999994
0.6599999	314.5822	1.8	318.4378	0	-0.001143296	0	0.9999994
0.6799999	314.5822	1.8	318.4056	0	-0.001738527	0	0.9999986
0.6999999	314.5824	1.8	318.3733	0	-0.002339878	0	0.9999973
0.7199998	314.5825	1.8	318.3411	0	-0.002944288	0	0.9999957
0.7399998	314.5827	1.8	318.3088	0	-0.003550227	0	0.9999937
0.7599998	314.5829	1.8	318.2766	0	-0.00415693	0	0.9999914
0.7799998	314.5832	1.8	318.2443	0	-0.00415693	0	0.9999914
0.7999998	314.5835	1.8	318.212	0	-0.004764015	0	0.9999887
0.8199998	314.5838	1.8	318.1783	0	-0.005371291	0	0.9999856
0.8399997	314.5842	1.8	318.1461	0	-0.005371291	0	0.9999856
0.8599997	314.5845	1.8	318.1138	0	-0.005978662	0	0.9999822
0.8799997	314.5849	1.8	318.0815	0	-0.00658608	0	0.9999784
0.8999997	314.5853	1.8	318.0493	0	-0.00658608	0	0.9999784
0.9199997	314.5858	1.8	318.017	0	-0.007193521	0	0.9999742
0.9399996	314.5862	1.8	317.9848	0	-0.007800972	0	0.9999697
0.9599996	314.5867	1.8	317.9525	0	-0.008408427	0	0.9999647
0.9799996	314.5872	1.8	317.9203	0	-0.008408427	0	0.9999647
0.9999996	314.5878	1.8	317.888	0	-0.009015884	0	0.9999594
1.02	314.5884	1.8	317.8557	0	-0.009623338	0	0.9999537
1.04	314.589	1.8	317.8235	0	-0.009623338	0	0.9999537
1.06	314.5896	1.8	317.7912	0	-0.01023079	0	0.9999477
1.08	314.5903	1.8	317.759	0	-0.01023079	0	0.9999477
1.1	314.5909	1.8	317.7267	0	-0.01083823	0	0.9999413
1.12	314.5916	1.8	317.6945	0	-0.01144567	0	0.9999345
1.14	314.5924	1.8	317.6622	0	-0.01144567	0	0.9999345
1.159999	314.5931	1.8	317.6299	0	-0.01205311	0	0.9999274
1.179999	314.5939	1.8	317.5977	0	-0.01266055	0	0.9999199
1.199999	314.5947	1.8	317.5654	0	-0.01266055	0	0.9999199
1.219999	314.5955	1.8	317.5332	0	-0.01326798	0	0.999912
1.239999	314.5964	1.8	317.5009	0	-0.0138754	0	0.9999038
1.259999	314.5973	1.8	317.4687	0	-0.01448282	0	0.9998951
1.279999	314.5982	1.8	317.4349	0	-0.01448282	0	0.9998952
1.299999	314.5992	1.8	317.4012	0	-0.01509023	0	0.9998862
1.319999	314.6002	1.8	317.369	0	-0.01569764	0	0.9998768
1.339999	314.6012	1.8	317.3367	0	-0.01630504	0	0.9998671
1.359999	314.6022	1.8	317.3044	0	-0.01630504	0	0.9998671
1.379999	314.6033	1.8	317.2722	0	-0.01691244	0	0.999857
1.399999	314.6044	1.8	317.24	0	-0.01751983	0	0.9998466
1.419999	314.6055	1.8	317.2077	0	-0.01812721	0	0.9998357
1.439999	314.6067	1.8	317.1755	0	-0.01934195	0	0.999813
1.459999	314.6079	1.8	317.1433	0	-0.01994932	0	0.999801
1.479999	314.6092	1.8	317.1111	0	-0.02055667	0	0.9997888
1.499999	314.6105	1.8	317.0788	0	-0.02116402	0	0.9997761
1.519999	314.6118	1.8	317.0466	0	-0.02177136	0	0.999763
1.539999	314.6133	1.8	317.0144	0	-0.02298602	0	0.9997358
1.559999	314.6147	1.8	316.9821	0	-0.02359333	0	0.9997217
1.579999	314.6162	1.8	316.9499	0	-0.02420064	0	0.9997072
1.599999	314.6178	1.8	316.9177	0	-0.02480793	0	0.9996922
1.619999	314.6194	1.8	316.8855	0	-0.02541522	0	0.999677
1.639999	314.621	1.8	316.8532	0	-0.0260225	0	0.9996614
1.659999	314.6227	1.8	316.821	0	-0.02723703	0	0.9996291
1.679999	314.6245	1.8	316.7888	0	-0.02784428	0	0.9996123
1.699999	314.6263	1.8	316.7551	0	-0.02845152	0	0.9995952
1.719999	314.6282	1.8	316.7229	0	-0.02905875	0	0.9995778
1.739999	314.63	1.8	316.6907	0	-0.02966597	0	0.9995599
1.759999	314.632	1.8	316.6585	0	-0.03088037	0	0.9995231
1.779999	314.6339	1.8	316.6263	0	-0.03148755	0	0.9995041
1.799999	314.636	1.8	316.5941	0	-0.03209472	0	0.9994848
1.819999	314.6381	1.8	316.562	0	-0.03270188	0	0.9994652
1.839999	314.6402	1.8	316.5298	0	-0.03330903	0	0.9994451
1.859999	314.6423	1.8	316.4976	0	-0.03452329	0	0.999404
1.879999	314.6445	1.8	316.4654	0	-0.0351304	0	0.9993828
1.899999	314.6468	1.8	316.4332	0	-0.0357375	0	0.9993613
1.919999	314.6491	1.8	316.401	0	-0.03634458	0	0.9993394
1.939999	314.6515	1.8	316.3689	0	-0.03695165	0	0.999317
1.959999	314.6538	1.8	316.3367	0	-0.03755871	0	0.9992945
1.979999	314.6563	1.8	316.3045	0	-0.03877278	0	0.9992481
1.999999	314.6588	1.8	316.2709	0	-0.0393798	0	0.9992244
2.019999	314.6614	1.8	316.2387	0	-0.0399868	0	0.9992003
2.039999	314.6639	1.8	316.2066	0	-0.04059379	0	0.9991758
2.059999	314.6666	1.8	316.1744	0	-0.04120076	0	0.9991509
2.079999	314.6692	1.8	316.1423	0	-0.04241466	0	0.9991001
2.099999	314.6719	1.8	316.1101	0	-0.04302159	0	0.9990742
2.119999	314.6747	1.8	316.078	0	-0.04362849	0	0.9990478
2.139999	314.6775	1.8	316.0459	0	-0.04423539	0	0.9990212
2.159999	314.6804	1.8	316.0137	0	-0.04484227	0	0.9989941
2.179999	314.6833	1.8	315.9816	0	-0.04605598	0	0.9989389
2.199999	314.6862	1.8	315.9495	0	-0.0466628	0	0.9989107
2.219999	314.6892	1.8	315.9174	0	-0.04726961	0	0.9988822
2.239999	314.6923	1.8	315.8853	0	-0.04787641	0	0.9988533
2.259999	314.6954	1.8	315.8531	0	-0.04848318	0	0.998824
2.279999	314.6985	1.8	315.821	0	-0.04969668	0	0.9987644
2.299999	314.7017	1.8	315.7889	0	-0.0503034	0	0.9987341
2.319999	314.7049	1.8	315.7568	0	-0.05091011	0	0.9987033
2.339998	314.7082	1.8	315.7247	0	-0.05151679	0	0.9986722
2.359998	314.7115	1.8	315.6927	0	-0.05212346	0	0.9986407
2.379998	314.7149	1.8	315.6606	0	-0.0527301	0	0.9986089
2.399998	314.7183	1.8	315.6285	0	-0.0527301	0	0.9986089
2.419998	314.7216	1.8	315.5964	0	-0.05333672	0	0.9985766
2.439998	314.7253	1.8	315.5629	0	-0.05394332	0	0.998544
2.459998	314.7287	1.8	315.5308	0	-0.05454991	0	0.9985111
2.479998	314.7322	1.8	315.4987	0	-0.05454991	0	0.9985111
2.499998	314.7357	1.8	315.4667	0	-0.05515647	0	0.9984778
2.519998	314.7393	1.8	315.4346	0	-0.05576302	0	0.9984441
2.539998	314.7429	1.8	315.4026	0	-0.05636954	0	0.99841
2.559998	314.7465	1.8	315.3705	0	-0.05697604	0	0.9983756
2.579998	314.7502	1.8	315.3385	0	-0.05758252	0	0.9983408
2.599998	314.7539	1.8	315.3064	0	-0.05758252	0	0.9983408
2.619998	314.7576	1.8	315.2744	0	-0.05818899	0	0.9983056
2.639998	314.7614	1.8	315.2423	0	-0.05879543	0	0.9982701
2.659998	314.7652	1.8	315.2103	0	-0.05940184	0	0.9982342
2.679998	314.769	1.8	315.1783	0	-0.05940184	0	0.9982342
2.699998	314.7728	1.8	315.1462	0	-0.06000824	0	0.998198
2.719998	314.7767	1.8	315.1142	0	-0.06061461	0	0.9981613
2.739998	314.7806	1.8	315.0822	0	-0.06061461	0	0.9981613
2.759998	314.7845	1.8	315.0502	0	-0.06122096	0	0.9981243
2.779998	314.7884	1.8	315.0182	0	-0.06182729	0	0.9980869
2.799998	314.7926	1.8	314.9847	0	-0.06182729	0	0.9980869
2.819998	314.7967	1.8	314.9512	0	-0.0624336	0	0.9980492
2.839998	314.8008	1.8	314.9192	0	-0.06303988	0	0.998011
2.859998	314.8048	1.8	314.8872	0	-0.06364614	0	0.9979726
2.879998	314.8089	1.8	314.8552	0	-0.06364614	0	0.9979726
2.899998	314.813	1.8	314.8232	0	-0.06425237	0	0.9979337
2.919998	314.8171	1.8	314.7912	0	-0.06485858	0	0.9978945
2.939998	314.8213	1.8	314.7592	0	-0.06546476	0	0.9978549
2.959998	314.8257	1.8	314.7257	0	-0.06546476	0	0.9978549
2.979998	314.8301	1.8	314.6923	0	-0.06607093	0	0.997815
2.999998	314.8344	1.8	314.6603	0	-0.06667706	0	0.9977746
3.019998	314.8387	1.8	314.6283	0	-0.06728318	0	0.997734
3.039998	314.843	1.8	314.5964	0	-0.06728318	0	0.997734
3.059998	314.8455	1.8	314.5667	0	-0.06728318	0	0.997734
3.079998	314.8479	1.8	314.5371	0	-0.06728318	0	0.997734
3.099998	314.8465	1.8	314.5089	0	-0.06728318	0	0.997734
3.119998	314.845	1.8	314.4807	0	-0.06728318	0	0.997734
3.139998	314.8389	1.8	314.4519	0	-0.06728318	0	0.997734
3.159998	314.8303	1.8	314.4218	0	-0.06728318	0	0.997734
3.179998	314.8217	1.8	314.3918	0	-0.06728318	0	0.997734
3.199998	314.8128	1.8	314.3615	0	-0.06728318	0	0.997734
3.219998	314.8038	1.8	314.3313	0	-0.06728318	0	0.997734
3.239998	314.7948	1.8	314.3011	0	-0.06728318	0	0.997734
3.259998	314.7859	1.8	314.2709	0	-0.06728318	0	0.997734
3.279998	314.7769	1.8	314.2407	0	-0.06728318	0	0.997734
3.299998	314.7679	1.8	314.2102	0	-0.06728318	0	0.997734
3.319998	314.759	1.8	314.1797	0	-0.06728318	0	0.997734
3.339998	314.75	1.8	314.1494	0	-0.06728318	0	0.997734
3.359998	314.7411	1.8	314.1192	0	-0.06728318	0	0.997734
3.379997	314.7321	1.8	314.089	0	-0.06728318	0	0.997734
3.399997	314.7231	1.8	314.0588	0	-0.06728318	0	0.997734
3.419997	314.7141	1.8	314.0286	0	-0.06728318	0	0.997734
3.439997	314.7052	1.8	313.9984	0	-0.06728318	0	0.997734
3.459997	314.6962	1.8	313.9682	0	-0.06728318	0	0.997734
3.479997	314.6872	1.8	313.938	0	-0.06728318	0	0.997734
3.499997	314.6783	1.8	313.9077	0	-0.06728318	0	0.997734
3.519997	314.6693	1.8	313.8775	0	-0.06728318	0	0.997734
3.539997	314.6603	1.8	313.8473	0	-0.06728318	0	0.997734
3.559997	314.6513	1.8	313.8171	0	-0.06728318	0	0.997734
3.579997	314.6424	1.8	313.7869	0	-0.06728318	0	0.997734
3.599997	314.6334	1.8	313.7567	0	-0.06728318	0	0.997734
3.619997	314.6244	1.8	313.7265	0	-0.06728318	0	0.997734
3.639997	314.6154	1.8	313.6963	0	-0.06728318	0	0.997734
3.659997	314.6065	1.8	313.666	0	-0.06728318	0	0.997734
3.679997	314.5975	1.8	313.6358	0	-0.06728318	0	0.997734
3.699997	314.5885	1.8	313.6056	0	-0.06728318	0	0.997734
3.719997	314.5796	1.8	313.5754	0	-0.06728318	0	0.997734
3.739997	314.5706	1.8	313.5452	0	-0.06728318	0	0.997734
3.759997	314.5616	1.8	313.515	0	-0.06728318	0	0.997734
3.779997	314.5526	1.8	313.4848	0	-0.06728318	0	0.997734
3.799997	314.5437	1.8	313.4546	0	-0.06728318	0	0.997734
3.819997	314.5677	1.8	313.4297	0	-0.06728318	0	0.997734
3.839997	314.6556	1.8	313.4116	0	-0.06728318	0	0.997734
3.859997	314.8409	1.8	313.4774	0	-0.06728318	0	0.997734
3.879997	315.0248	1.8	313.5618	0	-0.06728318	0	0.997734
3.899997	315.2077	1.8	313.6626	0	-0.06728318	0	0.997734
3.919997	315.3905	1.8	313.7732	0	-0.06728318	0	0.997734
3.939997	315.5743	1.8	313.8929	0	-0.06728318	0	0.997734
3.959997	315.7567	1.8	314.01	0	-0.06728318	0	0.997734
3.979997	315.9372	1.8	314.1255	0	-0.06728318	0	0.997734
3.999997	316.117	1.8	314.2382	0	-0.06728318	0	0.997734
4.019997	316.2963	1.8	314.348	0	-0.06728318	0	0.997734
4.039997	316.4752	1.8	314.4546	0	-0.06728318	0	0.997734
4.059997	316.6537	1.8	314.5541	0	-0.06728318	0	0.997734
4.079997	316.8342	1.8	314.649	0	-0.06728318	0	0.997734
4.099997	317.0177	1.8	314.7399	0	-0.06728318	0	0.997734
4.119997	317.2039	1.8	314.8288	0	-0.06728318	0	0.997734
4.139997	317.3914	1.8	314.9174	0	-0.06728318	0	0.997734
4.159997	317.579	1.8	315.006	0	-0.06728318	0	0.997734
4.179997	317.7665	1.8	315.0947	0	-0.06728318	0	0.997734
4.199997	317.954	1.8	315.1833	0	-0.06728318	0	0.997734
4.219997	318.1415	1.8	315.272	0	-0.06728318	0	0.997734
4.239997	318.329	1.8	315.3607	0	-0.06728318	0	0.997734
4.259997	318.5165	1.8	315.4493	0	-0.06728318	0	0.997734
4.279997	318.7026	1.8	315.5321	0	-0.06728318	0	0.997734
4.299997	318.8867	1.8	315.6126	0	-0.06728318	0	0.997734
4.319997	319.069	1.8	315.6907	0	-0.06728318	0	0.997734
4.339997	319.2487	1.8	315.7592	0	-0.06728318	0	0.997734
4.359997	319.4084	1.8	315.8175	0	-0.06728318	0	0.997734
4.379997	319.5483	1.8	315.8656	0	-0.06728318	0	0.997734
4.399997	319.6683	1.8	315.9034	0	-0.06728318	0	0.997734
4.419997	319.7685	1.8	315.9311	0	-0.06728318	0	0.997734
4.439997	319.8287	1.8	315.9389	0	-0.06728318	0	0.997734
4.459997	319.8693	1.8	315.9369	0	-0.06676573	0	0.9977687
4.479997	319.9018	1.8	315.9317	0	-0.06535714	0	0.9978619
4.499997	319.931	1.8	315.9265	0	-0.0616053	0	0.9981006
4.519997	319.9545	1.8	315.9195	0	-0.04789812	0	0.9988523
4.539997	319.9608	1.8	315.9056	0	-0.03980019	0	0.9992077
4.559997	319.9545	1.8	315.8807	0	-0.03138934	0	0.9995072
4.579997	319.9438	1.8	315.8517	0	-0.02282109	0	0.9997396
4.599997	319.9323	1.8	315.8225	0	-0.01417355	0	0.9998996
4.619997	319.9202	1.8	315.7934	0	0.003221067	0	0.9999948
4.639997	319.9069	1.8	315.7651	0	0.01193774	0	0.9999288
4.659997	319.8932	1.8	315.7367	0	0.02065836	0	0.9997866
4.679996	319.8792	1.8	315.7086	0	0.02937983	0	0.9995683
4.699996	319.8646	1.8	315.6807	0	0.03810028	0	0.999274
4.719996	319.8496	1.8	315.653	0	0.05553332	0	0.9984568
4.739996	319.8333	1.8	315.626	0	0.06424413	0	0.9979342
4.759996	319.8167	1.8	315.5992	0	0.07295012	0	0.9973356
4.779996	319.7998	1.8	315.5726	0	0.0816506	0	0.996661
4.799996	319.7824	1.8	315.5464	0	0.09034488	0	0.9959105
4.819996	319.7646	1.8	315.5205	0	0.1077122	0	0.9941821
4.839996	319.7456	1.8	315.4956	0	0.1163838	0	0.9932043
4.859996	319.7264	1.8	315.4706	0	0.1250466	0	0.9921508
4.879996	319.7068	1.8	315.446	0	0.1336999	0	0.9910219
4.899996	319.6867	1.8	315.4218	0	0.1509753	0	0.9885375
4.919996	319.6657	1.8	315.3986	0	0.1595961	0	0.9871824
4.939996	319.6443	1.8	315.3752	0	0.1682047	0	0.9857521
4.959996	319.6226	1.8	315.3524	0	0.1768005	0	0.9842467
4.979996	319.6004	1.8	315.3297	0	0.1853828	0	0.9826664
4.999996	319.578	1.8	315.3077	0	0.193951	0	0.9810113
5.019996	319.5551	1.8	315.2861	0	0.2110425	0	0.9774769
5.039996	319.5313	1.8	315.2654	0	0.2195644	0	0.975598
5.059996	319.5073	1.8	315.245	0	0.2280697	0	0.9736449
5.079996	319.4828	1.8	315.2247	0	0.2365575	0	0.9716175
5.099996	319.4583	1.8	315.2052	0	0.2534786	0	0.967341
5.119996	319.4326	1.8	315.1866	0	0.2619104	0	0.9650922
5.139996	319.407	1.8	315.1684	0	0.2703224	0	0.9627699
5.159996	319.381	1.8	315.1506	0	0.2787137	0	0.9603742
5.179996	319.3548	1.8	315.1333	0	0.2870839	0	0.9579055
5.199996	319.3282	1.8	315.1164	0	0.2954321	0	0.9553638
5.219996	319.3014	1.8	315.1	0	0.3037579	0	0.9527493
5.239996	319.2743	1.8	315.0841	0	0.3203394	0	0.9473029
5.259996	319.2464	1.8	315.0693	0	0.3285939	0	0.9444714
5.279996	319.2184	1.8	315.0548	0	0.3368233	0	0.9415679
5.299996	319.1903	1.8	315.0408	0	0.3450271	0	0.9385927
5.319996	319.1617	1.8	315.027	0	0.3532046	0	0.9355461
5.339996	319.1331	1.8	315.014	0	0.3694784	0	0.9292393
5.359996	319.1037	1.8	315.0022	0	0.3775733	0	0.9259797
5.379996	319.0744	1.8	314.9907	0	0.3856395	0	0.9226495
5.399996	319.0449	1.8	314.9797	0	0.3936764	0	0.9192491
5.419996	319.0153	1.8	314.9693	0	0.4016833	0	0.9157787
5.439996	318.9854	1.8	314.9593	0	0.4176047	0	0.9086289
5.459996	318.955	1.8	314.9506	0	0.4255179	0	0.90495
5.479996	318.9244	1.8	314.9421	0	0.4333988	0	0.9012023
5.499996	318.894	1.8	314.9342	0	0.4412467	0	0.8973859
5.519996	318.8634	1.8	314.9269	0	0.4490609	0	0.8935012
5.539996	318.8327	1.8	314.9202	0	0.4645863	0	0.8855278
5.559996	318.8016	1.8	314.9147	0	0.4722962	0	0.8814399
5.579996	318.7705	1.8	314.9095	0	0.4799701	0	0.8772848
5.599996	318.7394	1.8	314.9049	0	0.4876075	0	0.873063
5.619996	318.7079	1.8	314.9007	0	0.4952078	0	0.8687746
5.639996	318.6767	1.8	314.8972	0	0.5102946	0	0.8599997
5.659996	318.6454	1.8	314.8951	0	0.5177799	0	0.8555139
5.679996	318.6137	1.8	314.8932	0	0.5252259	0	0.8509629
5.699996	318.5823	1.8	314.8918	0	0.5326318	0	0.8463471
5.719995	318.5508	1.8	314.891	0	0.5399972	0	0.8416668
5.739995	318.5194	1.8	314.8908	0	0.5546041	0	0.8321144
5.759995	318.4881	1.8	314.892	0	0.5618445	0	0.8272429
5.779995	318.4566	1.8	314.8934	0	0.569042	0	0.8223084
5.799995	318.4252	1.8	314.8954	0	0.5761963	0	0.8173113
5.819995	318.3939	1.8	314.8979	0	0.5833066	0	0.812252
5.839995	318.3625	1.8	314.9009	0	0.5973935	0	0.8019482
5.859995	318.3312	1.8	314.9054	0	0.604369	0	0.7967045
5.879995	318.3001	1.8	314.9101	0	0.6112985	0	0.7914002
5.899995	318.2691	1.8	314.9153	0	0.6181814	0	0.7860355
5.919995	318.2382	1.8	314.9211	0	0.6250172	0	0.780611
5.939995	318.2073	1.8	314.9274	0	0.6385456	0	0.7695841
5.959995	318.177	1.8	314.9351	0	0.645237	0	0.7639825
5.979995	318.1465	1.8	314.943	0	0.6518794	0	0.7583227
5.999995	318.1159	1.8	314.9514	0	0.6584721	0	0.7526052
6.019995	318.0858	1.8	314.9604	0	0.6650146	0	0.7468303
6.039995	318.0555	1.8	314.9699	0	0.6779473	0	0.7351105
6.059995	318.0262	1.8	314.9807	0	0.6843365	0	0.7291664
6.079995	317.9966	1.8	314.9917	0	0.6906735	0	0.7231667
6.099995	317.9674	1.8	315.0033	0	0.696958	0	0.717112
6.119995	317.9383	1.8	315.0154	0	0.7031894	0	0.7110026
6.139995	317.9095	1.8	315.028	0	0.7154909	0	0.698622
6.159995	317.8814	1.8	315.0418	0	0.7215602	0	0.6923516
6.179995	317.8532	1.8	315.0559	0	0.7275746	0	0.6860286
6.199995	317.8253	1.8	315.0704	0	0.7335336	0	0.6796533
6.219995	317.7977	1.8	315.0855	0	0.7452834	0	0.6667478
6.239995	317.771	1.8	315.1017	0	0.7510734	0	0.6602187
6.259995	317.7441	1.8	315.1182	0	0.7568063	0	0.6536393
6.279995	317.7176	1.8	315.1352	0	0.7624815	0	0.6470101
6.299995	317.6914	1.8	315.1526	0	0.7680986	0	0.6403316
6.319995	317.6655	1.8	315.1704	0	0.7791569	0	0.6268289
6.339995	317.6405	1.8	315.1894	0	0.7845973	0	0.6200057
6.359995	317.6156	1.8	315.2086	0	0.789978	0	0.6131353
6.379995	317.591	1.8	315.2282	0	0.7952984	0	0.6062182
6.399995	317.5667	1.8	315.2483	0	0.8005583	0	0.5992549
6.419995	317.5428	1.8	315.2687	0	0.8108948	0	0.585192
6.439995	317.5201	1.8	315.2902	0	0.8159707	0	0.5780933
6.459995	317.4972	1.8	315.3119	0	0.8209843	0	0.5709507
6.479995	317.4748	1.8	315.334	0	0.8259355	0	0.5637646
6.499995	317.4528	1.8	315.3564	0	0.8308238	0	0.5565357
6.519995	317.4312	1.8	315.3793	0	0.8404101	0	0.541951
6.539995	317.4105	1.8	315.4032	0	0.8451074	0	0.5345965
6.559995	317.3901	1.8	315.4272	0	0.8497404	0	0.5272013
6.579995	317.3698	1.8	315.4516	0	0.8543087	0	0.5197659
6.599995	317.35	1.8	315.4764	0	0.858812	0	0.512291
6.619995	317.3309	1.8	315.5013	0	0.8676218	0	0.4972247
6.639995	317.3128	1.8	315.5273	0	0.8719279	0	0.4896344
6.659995	317.295	1.8	315.5533	0	0.8761675	0	0.4820068
6.679995	317.2777	1.8	315.5795	0	0.8803403	0	0.4743426
6.699995	317.2608	1.8	315.6061	0	0.8844462	0	0.4666422
6.719995	317.2444	1.8	315.6329	0	0.8924555	0	0.4511354
6.739995	317.2292	1.8	315.6606	0	0.8963584	0	0.4433302
6.759995	317.2139	1.8	315.6884	0	0.900193	0	0.4354912
6.779994	317.1994	1.8	315.7163	0	0.9039591	0	0.427619
6.799994	317.1854	1.8	315.7445	0	0.9076563	0	0.4197143
6.819994	317.1719	1.8	315.7729	0	0.9148431	0	0.4038096
6.839994	317.1596	1.8	315.802	0	0.9183321	0	0.3958108
6.859994	317.1476	1.8	315.8311	0	0.9217512	0	0.3877819
6.879994	317.1361	1.8	315.8604	0	0.9251001	0	0.3797234
6.899994	317.1251	1.8	315.8899	0	0.9283785	0	0.3716361
6.919994	317.1146	1.8	315.9196	0	0.9347231	0	0.355377
6.939994	317.1054	1.8	315.9498	0	0.9377887	0	0.3472066
6.959994	317.0963	1.8	315.9802	0	0.9407829	0	0.3390098
6.979994	317.088	1.8	316.0105	0	0.9437054	0	0.3307871
6.999994	317.0801	1.8	316.041	0	0.9493347	0	0.3142667
7.019994	317.0737	1.8	316.0716	0	0.952041	0	0.3059704
7.039994	317.0675	1.8	316.1025	0	0.9546748	0	0.2976507
7.059994	317.0618	1.8	316.1334	0	0.9572359	0	0.2893084
7.079994	317.0566	1.8	316.1645	0	0.9597242	0	0.280944
7.099994	317.052	1.8	316.1956	0	0.9621393	0	0.2725582
7.119994	317.048	1.8	316.2268	0	0.9667495	0	0.2557251
7.139994	317.0454	1.8	316.258	0	0.9689443	0	0.247279
7.159994	317.043	1.8	316.2894	0	0.9710653	0	0.238814
7.179994	317.041	1.8	316.3211	0	0.9731124	0	0.2303309
7.199994	317.0396	1.8	316.3525	0	0.9750853	0	0.2218302
7.219994	317.0388	1.8	316.3839	0	0.976984	0	0.2133127
7.239994	317.0386	1.8	316.4154	0	0.980558	0	0.1962295
7.259994	317.0398	1.8	316.4467	0	0.9822331	0	0.1876651
7.279994	317.0412	1.8	316.4781	0	0.9838334	0	0.1790865
7.299994	317.0432	1.8	316.5096	0	0.9853587	0	0.1704942
7.319994	317.0457	1.8	316.5409	0	0.986809	0	0.161889
7.339994	317.0487	1.8	316.5722	0	0.9881842	0	0.1532714
7.359994	317.0523	1.8	316.6035	0	0.9907086	0	0.1360018
7.379994	317.0574	1.8	316.6343	0	0.9918577	0	0.1273512
7.399994	317.0626	1.8	316.6654	0	0.9929313	0	0.1186909
7.419994	317.0684	1.8	316.6963	0	0.9939293	0	0.1100215
7.439994	317.0747	1.8	316.7271	0	0.995698	0	0.09265828
7.459994	317.0824	1.8	316.7575	0	0.9964687	0	0.08396576
7.479994	317.0903	1.8	316.788	0	0.9971635	0	0.07526684
7.499994	317.0988	1.8	316.8183	0	0.9977823	0	0.06656219
7.519994	317.1078	1.8	316.8484	0	0.9983252	0	0.05785247
7.539994	317.1172	1.8	316.8784	0	0.9991828	0	0.04042048
7.559994	317.1281	1.8	316.9078	0	0.9994975	0	0.03169955
7.579994	317.1392	1.8	316.9373	0	0.999736	0	0.02297619
7.599994	317.1507	1.8	316.9666	0	0.9998985	0	0.01425108
7.619994	317.1628	1.8	316.9956	0	0.9999848	0	0.00552489
7.639994	317.1754	1.8	317.0244	0	0.9999289	0	-0.01192809
7.659994	317.1892	1.8	317.0525	0	0.9997867	0	-0.02065355
7.679994	317.2033	1.8	317.0807	0	0.9995684	0	-0.02937744
7.699994	317.2179	1.8	317.1086	0	0.999274	0	-0.03809909
7.719994	317.2329	1.8	317.1362	0	0.9989035	0	-0.04681784
7.739994	317.2484	1.8	317.1635	0	0.9979342	0	-0.06424398
7.759994	317.2653	1.8	317.1903	0	0.9973356	0	-0.07295004
7.779994	317.2822	1.8	317.2169	0	0.996661	0	-0.08165055
7.799994	317.2996	1.8	317.2431	0	0.9959105	0	-0.09034484
7.819993	317.3175	1.8	317.269	0	0.9950842	0	-0.09903225
7.839993	317.3358	1.8	317.2949	0	0.9932043	0	-0.1163838
7.859993	317.355	1.8	317.3192	0	0.9921509	0	-0.1250466
7.879993	317.3747	1.8	317.3438	0	0.9910219	0	-0.1336999
7.899993	317.3947	1.8	317.368	0	0.9898174	0	-0.142343
7.919993	317.4152	1.8	317.3919	0	0.9885375	0	-0.1509752
7.939993	317.436	1.8	317.4154	0	0.9857521	0	-0.1682046
7.959993	317.4579	1.8	317.4379	0	0.9842467	0	-0.1768004
7.979993	317.48	1.8	317.4603	0	0.9826664	0	-0.1853827
7.999993	317.5026	1.8	317.4826	0	0.9810113	0	-0.193951
8.019994	317.5256	1.8	317.5045	0	0.9792814	0	-0.2025044
8.039994	317.5488	1.8	317.5257	0	0.975598	0	-0.2195644
8.059995	317.5729	1.8	317.5457	0	0.9736449	0	-0.2280696
8.079995	317.5972	1.8	317.5657	0	0.9716175	0	-0.2365575
8.099996	317.6219	1.8	317.5853	0	0.9695162	0	-0.2450273
8.119996	317.6469	1.8	317.6044	0	0.9673411	0	-0.2534785
8.139997	317.6721	1.8	317.6231	0	0.9627699	0	-0.2703224
8.159997	317.6982	1.8	317.6405	0	0.9603743	0	-0.2787137
8.179997	317.7245	1.8	317.6578	0	0.9579055	0	-0.2870838
8.199998	317.751	1.8	317.6747	0	0.9553638	0	-0.2954321
8.219998	317.7779	1.8	317.6911	0	0.9527493	0	-0.3037578
8.239999	317.805	1.8	317.707	0	0.9473029	0	-0.3203394
8.259999	317.8327	1.8	317.7216	0	0.9444714	0	-0.3285938
8.28	317.8607	1.8	317.7361	0	0.9415679	0	-0.3368233
8.3	317.8889	1.8	317.7501	0	0.9385928	0	-0.3450271
8.320001	317.9173	1.8	317.7636	0	0.9355462	0	-0.3532046
8.340001	317.9459	1.8	317.7766	0	0.9292394	0	-0.3694783
8.360002	317.975	1.8	317.7882	0	0.9259797	0	-0.3775733
8.380002	318.0043	1.8	317.7997	0	0.9226496	0	-0.3856395
8.400002	318.0338	1.8	317.8107	0	0.9192491	0	-0.3936764
8.420003	318.0634	1.8	317.8212	0	0.9157787	0	-0.4016832
8.440003	318.0933	1.8	317.8311	0	0.9086289	0	-0.4176046
8.460004	318.1234	1.8	317.8396	0	0.90495	0	-0.4255179
8.480004	318.1538	1.8	317.848	0	0.9012023	0	-0.4333988
8.500005	318.1843	1.8	317.8558	0	0.8973859	0	-0.4412466
8.520005	318.2149	1.8	317.8631	0	0.8935012	0	-0.4490609
8.540006	318.2458	1.8	317.8701	0	0.8855278	0	-0.4645862
8.560006	318.2766	1.8	317.8754	0	0.8814399	0	-0.4722961
8.580007	318.3077	1.8	317.8805	0	0.8772849	0	-0.4799701
8.600007	318.3391	1.8	317.8853	0	0.873063	0	-0.4876075
8.620008	318.3703	1.8	317.8894	0	0.8687747	0	-0.4952078
8.640008	318.4016	1.8	317.8929	0	0.8599998	0	-0.5102946
8.660008	318.4328	1.8	317.8949	0	0.8555139	0	-0.5177799
8.680009	318.4643	1.8	317.8968	0	0.8509629	0	-0.5252259
8.700009	318.496	1.8	317.8982	0	0.846347	0	-0.5326318
8.72001	318.5274	1.8	317.899	0	0.8416668	0	-0.5399972
8.74001	318.5591	1.8	317.8994	0	0.8321144	0	-0.5546041
8.760011	318.59	1.8	317.8981	0	0.8272429	0	-0.5618445
8.780011	318.6215	1.8	317.8967	0	0.8223084	0	-0.569042
8.800012	318.6529	1.8	317.8947	0	0.8173113	0	-0.5761963
8.820012	318.6842	1.8	317.8922	0	0.8071309	0	-0.5903726
8.840013	318.7153	1.8	317.8883	0	0.8019482	0	-0.5973935
8.860013	318.7466	1.8	317.8841	0	0.7967045	0	-0.604369
8.880013	318.7776	1.8	317.8794	0	0.7914002	0	-0.6112985
8.900014	318.8087	1.8	317.8742	0	0.7860355	0	-0.6181814
8.920014	318.8396	1.8	317.8684	0	0.780611	0	-0.6250172
8.940015	318.8704	1.8	317.8621	0	0.7695841	0	-0.6385456
8.960015	318.9007	1.8	317.8544	0	0.7639825	0	-0.645237
8.980016	318.9312	1.8	317.8465	0	0.7583227	0	-0.6518794
9.000016	318.9615	1.8	317.838	0	0.7526052	0	-0.6584721
9.020017	318.9917	1.8	317.829	0	0.7468303	0	-0.6650146
9.040017	319.022	1.8	317.8195	0	0.7351105	0	-0.6779473
9.060018	319.0513	1.8	317.8088	0	0.7291664	0	-0.6843365
9.080018	319.0807	1.8	317.7977	0	0.7231667	0	-0.6906735
9.100019	319.11	1.8	317.7862	0	0.717112	0	-0.696958
9.120019	319.1391	1.8	317.7741	0	0.7110026	0	-0.7031894
9.140019	319.1679	1.8	317.7615	0	0.698622	0	-0.7154909
9.16002	319.196	1.8	317.7477	0	0.6923516	0	-0.7215602
9.18002	319.2242	1.8	317.7336	0	0.6860286	0	-0.7275746
9.200021	319.252	1.8	317.719	0	0.6796533	0	-0.7335336
9.220021	319.2797	1.8	317.704	0	0.6732262	0	-0.7394366
9.240022	319.307	1.8	317.6884	0	0.6602187	0	-0.7510734
9.260022	319.3335	1.8	317.6718	0	0.6536393	0	-0.7568063
9.280023	319.36	1.8	317.6548	0	0.6470101	0	-0.7624815
9.300023	319.3863	1.8	317.6374	0	0.6403316	0	-0.7680986
9.320024	319.4122	1.8	317.6195	0	0.6336044	0	-0.7736572
9.340024	319.4377	1.8	317.6012	0	0.6200057	0	-0.7845973
9.360024	319.4623	1.8	317.5818	0	0.6131353	0	-0.789978
9.380025	319.487	1.8	317.5622	0	0.6062182	0	-0.7952984
9.400025	319.5112	1.8	317.5421	0	0.5992549	0	-0.8005583
9.420026	319.5351	1.8	317.5217	0	0.585192	0	-0.8108948
9.440026	319.5579	1.8	317.5002	0	0.5780933	0	-0.8159707
9.460027	319.5807	1.8	317.4785	0	0.5709507	0	-0.8209843
9.480027	319.6031	1.8	317.4565	0	0.5637646	0	-0.8259355
9.500028	319.6251	1.8	317.434	0	0.5565357	0	-0.8308238
9.520028	319.6468	1.8	317.4111	0	0.541951	0	-0.8404101
9.540029	319.6672	1.8	317.3874	0	0.5345965	0	-0.8451074
9.560029	319.6876	1.8	317.3634	0	0.5272013	0	-0.8497404
9.580029	319.7076	1.8	317.3391	0	0.5197659	0	-0.8543087
9.60003	319.7272	1.8	317.3145	0	0.512291	0	-0.858812
9.62003	319.7463	1.8	317.2895	0	0.5047771	0	-0.8632498
9.640031	319.7652	1.8	317.264	0	0.4896344	0	-0.8719279
9.660031	319.7823	1.8	317.2383	0	0.4820068	0	-0.8761675
9.680032	319.7997	1.8	317.212	0	0.4743426	0	-0.8803403
9.700032	319.8166	1.8	317.1855	0	0.4666422	0	-0.8844462
9.720033	319.833	1.8	317.1586	0	0.4589063	0	-0.8884847
9.740033	319.8489	1.8	317.1315	0	0.4433302	0	-0.8963584
9.760034	319.8637	1.8	317.1036	0	0.4354912	0	-0.900193
9.780034	319.8784	1.8	317.0754	0	0.427619	0	-0.9039591
9.800035	319.8925	1.8	317.0473	0	0.4197143	0	-0.9076563
9.820035	319.906	1.8	317.0189	0	0.4117776	0	-0.9112844
9.840035	319.919	1.8	316.9903	0	0.3958108	0	-0.9183321
9.860036	319.9306	1.8	316.9612	0	0.3877819	0	-0.9217512
9.880036	319.9421	1.8	316.9319	0	0.3797234	0	-0.9251001
9.900037	319.9531	1.8	316.9024	0	0.3716361	0	-0.9283785
9.920037	319.9635	1.8	316.8727	0	0.3635204	0	-0.9315863
9.940038	319.9735	1.8	316.8429	0	0.3472066	0	-0.9377887
9.960038	319.9822	1.8	316.8125	0	0.3390098	0	-0.9407829
9.980039	319.9907	1.8	316.7819	0	0.3307871	0	-0.9437054
10.00004	319.9986	1.8	316.7515	0	0.3225392	0	-0.9465562
10.02004	320.0059	1.8	316.7209	0	0.3142667	0	-0.9493347
10.04004	320.0126	1.8	316.6902	0	0.2976507	0	-0.9546748
10.06004	320.0179	1.8	316.6593	0	0.2893084	0	-0.9572359
10.08004	320.0231	1.8	316.6282	0	0.280944	0	-0.9597242
10.10004	320.0277	1.8	316.5971	0	0.2725582	0	-0.9621393
10.12004	320.0318	1.8	316.5659	0	0.2641517	0	-0.9644812
10.14004	320.0353	1.8	316.5346	0	0.247279	0	-0.9689443
10.16004	320.0373	1.8	316.5034	0	0.238814	0	-0.9710653
10.18004	320.0392	1.8	316.4719	0	0.2303309	0	-0.9731124
10.20004	320.0405	1.8	316.4405	0	0.2218302	0	-0.9750853
10.22004	320.0413	1.8	316.4091	0	0.2047789	0	-0.9788083
10.24004	320.0406	1.8	316.3778	0	0.1962295	0	-0.980558
10.26005	320.0398	1.8	316.3463	0	0.1876651	0	-0.9822331
10.28005	320.0384	1.8	316.3148	0	0.1790865	0	-0.9838334
10.30005	320.0364	1.8	316.2834	0	0.1704942	0	-0.9853587
10.32005	320.0339	1.8	316.2521	0	0.161889	0	-0.986809
10.34005	320.0309	1.8	316.2208	0	0.1446421	0	-0.9894841
10.36005	320.0264	1.8	316.1898	0	0.1360018	0	-0.9907086
10.38005	320.0217	1.8	316.1587	0	0.1273512	0	-0.9918577
10.40005	320.0164	1.8	316.1277	0	0.1186909	0	-0.9929313
10.42005	320.0107	1.8	316.0967	0	0.1100215	0	-0.9939293
10.44005	320.0044	1.8	316.0659	0	0.09265828	0	-0.995698
10.46005	319.9967	1.8	316.0356	0	0.08396576	0	-0.9964687
10.48005	319.9887	1.8	316.0051	0	0.07526684	0	-0.9971635
10.50005	319.9803	1.8	315.9748	0	0.06656219	0	-0.9977823
10.52005	319.9713	1.8	315.9446	0	0.05021438	0	-0.9987385
10.54005	319.9611	1.8	315.915	0	0.04458886	0	-0.9990055
10.56005	319.9507	1.8	315.8853	0	0.04177556	0	-0.9991271
10.58005	319.9403	1.8	315.8553	0	0.04036879	0	-0.9991849
10.60005	319.9297	1.8	315.8256	0	0.03966538	0	-0.9992131
10.62005	319.9191	1.8	315.7959	0	0.03913782	0	-0.9992339
10.64005	319.9084	1.8	315.7662	0	0.0390499	0	-0.9992372
10.66005	319.8978	1.8	315.7366	0	0.03900594	0	-0.999239
10.68005	319.8871	1.8	315.7066	0	0.03898397	0	-0.9992399
10.70006	319.8765	1.8	315.677	0	0.03897298	0	-0.9992403
10.72006	319.8658	1.8	315.6473	0	0.03896476	0	-0.9992406
10.74006	319.8552	1.8	315.6176	0	0.03896339	0	-0.9992407
10.76006	319.8445	1.8	315.588	0	0.03896271	0	-0.9992407
10.78006	319.8339	1.8	315.5583	0	0.03896238	0	-0.9992407
10.80006	319.8232	1.8	315.5287	0	0.03896222	0	-0.9992407
10.82006	319.8126	1.8	315.4987	0	0.0389621	0	-0.9992407
10.84006	319.8019	1.8	315.4693	0	0.03896209	0	-0.9992407
10.86006	319.7913	1.8	315.4397	0	0.03910035	0	-0.9992353
10.88006	319.7806	1.8	315.41	0	0.03985656	0	-0.9992055
10.90006	319.77	1.8	315.3803	0	0.04130162	0	-0.9991468
10.92006	319.7595	1.8	315.3506	0	0.04587547	0	-0.9989471
10.94006	319.7493	1.8	315.3205	0	0.04869291	0	-0.9988138
10.96006	319.7393	1.8	315.2906	0	0.05175868	0	-0.9986596
10.98006	319.7294	1.8	315.2607	0	0.05503268	0	-0.9984846
11.00006	319.7197	1.8	315.2307	0	0.05849478	0	-0.9982877
11.02006	319.7102	1.8	315.2007	0	0.06499911	0	-0.9978853
11.04006	319.7013	1.8	315.1705	0	0.06649428	0	-0.9977868
11.06006	319.6923	1.8	315.1403	0	0.06724181	0	-0.9977367
11.08006	319.6833	1.8	315.1101	0	0.06761557	0	-0.9977115
11.10006	319.6743	1.8	315.0799	0	0.06780244	0	-0.9976988
11.12006	319.6654	1.8	315.0496	0	0.0679426	0	-0.9976893
11.14007	319.6565	1.8	315.0194	0	0.06796595	0	-0.9976877
11.16007	319.6476	1.8	314.9891	0	0.06797764	0	-0.9976869
11.18007	319.6387	1.8	314.9589	0	0.06798348	0	-0.9976865
11.20007	319.6298	1.8	314.9286	0	0.0679864	0	-0.9976863
11.22007	319.6208	1.8	314.8984	0	0.06798859	0	-0.9976861
11.24007	319.6119	1.8	314.8682	0	0.06798895	0	-0.9976861
11.26007	319.603	1.8	314.8379	0	0.06705017	0	-0.9977497
11.28007	319.5941	1.8	314.8077	0	0.06496716	0	-0.9978874
11.30007	319.585	1.8	314.7775	0	0.06096224	0	-0.9981401
11.32007	319.5756	1.8	314.7474	0	0.0473179	0	-0.9988799
11.34007	319.5653	1.8	314.7178	0	0.03923032	0	-0.9992302
11.36007	319.5546	1.8	314.6882	0	0.03082459	0	-0.9995248
11.38007	319.5435	1.8	314.6588	0	0.02225884	0	-0.9997523
11.40007	319.5319	1.8	314.6295	0	0.01361254	0	-0.9999074
11.42007	319.5198	1.8	314.6005	0	-0.003781139	0	-0.9999928
11.44007	319.5064	1.8	314.5722	0	-0.01249761	0	-0.9999219
11.46007	319.4928	1.8	314.5438	0	-0.02121807	0	-0.9997749
11.48007	319.4787	1.8	314.5154	0	-0.02993937	0	-0.9995518
11.50007	319.4641	1.8	314.4875	0	-0.03865963	0	-0.9992525
11.52007	319.449	1.8	314.4599	0	-0.05173521	0	-0.9986609
11.54007	319.4329	1.8	314.433	0	-0.05391368	0	-0.9985456
11.56007	319.4169	1.8	314.4055	0	-0.05500281	0	-0.9984862
11.58008	319.4009	1.8	314.3784	0	-0.05554735	0	-0.9984561
11.60008	319.3848	1.8	314.3513	0	-0.05595575	0	-0.9984333
11.62008	319.3687	1.8	314.3239	0	-0.05602381	0	-0.9984295
11.64008	319.3526	1.8	314.2965	0	-0.05605783	0	-0.9984276
11.66008	319.3365	1.8	314.2694	0	-0.05607484	0	-0.9984266
11.68008	319.3204	1.8	314.2423	0	-0.05608334	0	-0.9984261
11.70008	319.3044	1.8	314.2152	0	-0.05405689	0	-0.9985379
11.72008	319.2884	1.8	314.1877	0	-0.05082054	0	-0.9987078
11.74008	319.2726	1.8	314.1604	0	-0.04581441	0	-0.99895
11.76008	319.2571	1.8	314.133	0	-0.03962673	0	-0.9992146
11.78008	319.2419	1.8	314.1054	0	-0.03250938	0	-0.9994715
11.80008	319.2271	1.8	314.0776	0	-0.01626456	0	-0.9998678
11.82008	319.2137	1.8	314.0494	0	-0.007739119	0	-0.9999701
11.84008	319.2003	1.8	314.0208	0	0.0008871759	0	-0.9999996
11.86008	319.1874	1.8	313.9921	0	0.009563544	0	-0.9999543
11.88008	319.175	1.8	313.9632	0	0.01826426	0	-0.9998332
11.90008	319.1632	1.8	313.9341	0	0.0356922	0	-0.9993629
11.92008	319.1527	1.8	313.9045	0	0.04440869	0	-0.9990135
11.94008	319.1424	1.8	313.8748	0	0.05008545	0	-0.998745
11.96008	319.1324	1.8	313.8449	0	0.05292323	0	-0.9985986
11.98008	319.1226	1.8	313.8147	0	0.05434196	0	-0.9985225
12.00008	319.1129	1.8	313.7847	0	0.05540594	0	-0.998464
12.02009	319.1032	1.8	313.7547	0	0.05558325	0	-0.998454
12.04009	319.0936	1.8	313.7247	0	0.05567192	0	-0.9984491
12.06009	319.0839	1.8	313.6947	0	0.05571624	0	-0.9984467
12.08009	319.0742	1.8	313.6647	0	0.0557384	0	-0.9984455
12.10009	319.1008	1.8	313.6822	0	0.05575501	0	-0.9984444
12.12009	319.2313	1.8	313.8623	0	0.05575778	0	-0.9984443
12.14009	319.3539	1.8	314.0631	0	0.05575915	0	-0.9984443
12.16009	319.5023	1.8	314.2776	0	0.05575984	0	-0.9984442
12.18009	319.6707	1.8	314.4952	0	0.05576034	0	-0.9984442
12.20009	319.8503	1.8	314.7151	0	0.05576042	0	-0.9984442
12.22009	320.0273	1.8	314.9335	0	0.05576045	0	-0.9984442
12.24009	320.2025	1.8	315.1516	0	0.05576047	0	-0.9984442
12.26009	320.3775	1.8	315.3707	0	0.05576047	0	-0.9984442
12.28009	320.5525	1.8	315.5898	0	0.05576047	0	-0.9984442
12.30009	320.7274	1.8	315.809	0	0.05576047	0	-0.9984442
12.32009	320.9024	1.8	316.0281	0	0.05576047	0	-0.9984442
12.34009	321.0774	1.8	316.2473	0	0.05576047	0	-0.9984442
12.36009	321.2524	1.8	316.4664	0	0.05576047	0	-0.9984442
12.38009	321.4274	1.8	316.6856	0	0.05576047	0	-0.9984442
12.40009	321.6024	1.8	316.9047	0	0.05576047	0	-0.9984442
12.42009	321.7561	1.8	317.1208	0	0.05576047	0	-0.9984442
12.44009	321.8887	1.8	317.3333	0	0.05576047	0	-0.9984442
12.4601	322.0002	1.8	317.5422	0	0.05576047	0	-0.9984442
12.4801	322.0907	1.8	317.7474	0	0.05576047	0	-0.9984442
12.5001	322.143	1.8	317.9455	0	0.05576047	0	-0.9984442
12.5201	322.1777	1.8	318.1401	0	0.05576047	0	-0.9984442
12.5401	322.1769	1.8	318.3305	0	0.05576047	0	-0.9984442
12.5601	322.1129	1.8	318.5153	0	0.05576047	0	-0.9984442
12.5801	321.9632	1.8	318.6937	0	0.05576047	0	-0.9984442
12.6001	321.7175	1.8	318.8666	0	0.05576047	0	-0.9984442
12.6201	321.4911	1.8	319.0406	0	0.05576047	0	-0.9984442
12.6401	321.2691	1.8	319.2143	0	0.05576047	0	-0.9984442
12.6601	321.0492	1.8	319.3874	0	0.05576047	0	-0.9984442
12.6801	320.8294	1.8	319.5604	0	0.05576047	0	-0.9984442
12.7001	320.6104	1.8	319.7349	0	0.05576047	0	-0.9984442
12.7201	320.3911	1.8	319.9104	0	0.05576047	0	-0.9984442
12.7401	320.172	1.8	320.0854	0	0.05576047	0	-0.9984442
12.7601	319.9528	1.8	320.2604	0	0.05576047	0	-0.9984442
12.7801	319.7337	1.8	320.4354	0	0.05576047	0	-0.9984442
12.8001	319.5145	1.8	320.6104	0	0.05576047	0	-0.9984442
12.8201	319.2954	1.8	320.7853	0	0.05576047	0	-0.9984442
12.8401	319.0762	1.8	320.9603	0	0.05576047	0	-0.9984442
12.8601	318.8571	1.8	321.1353	0	0.05576047	0	-0.9984442
12.88011	318.6379	1.8	321.3103	0	0.05576047	0	-0.9984442
12.90011	318.4188	1.8	321.4853	0	0.05576047	0	-0.9984442
12.92011	318.2054	1.8	321.6601	0	0.05576047	0	-0.9984442
12.94011	318.0136	1.8	321.8363	0	0.05576047	0	-0.9984442
12.96011	317.8432	1.8	322.0139	0	0.05576047	0	-0.9984442
12.98011	317.6941	1.8	322.193	0	0.05576047	0	-0.9984442
13.00011	317.5661	1.8	322.3732	0	0.05576047	0	-0.9984442
13.02011	317.4795	1.8	322.5564	0	0.05576047	0	-0.9984442
13.04011	317.3959	1.8	322.738	0	0.05576047	0	-0.9984442
13.06011	317.3139	1.8	322.9176	0	0.05576047	0	-0.9984442
13.08011	317.2358	1.8	323.0961	0	0.05576047	0	-0.9984442
13.10011	317.1637	1.8	323.2747	0	0.05576047	0	-0.9984442
13.12011	317.1071	1.8	323.4559	0	0.05576047	0	-0.9984442
13.14011	317.0595	1.8	323.6414	0	0.05576047	0	-0.9984442
13.16011	317.0187	1.8	323.8309	0	0.05576047	0	-0.9984442
13.18011	316.9818	1.8	324.0237	0	0.05576047	0	-0.9984442
13.20011	316.9461	1.8	324.2183	0	0.05576047	0	-0.9984442
13.22011	316.9105	1.8	324.4134	0	0.05576047	0	-0.9984442
13.24011	316.8748	1.8	324.6083	0	0.05576047	0	-0.9984442
13.26011	316.8391	1.8	324.8031	0	0.05576047	0	-0.9984442
13.28011	316.8034	1.8	324.998	0	0.05576047	0	-0.9984442
13.30011	316.7678	1.8	325.1928	0	0.05576047	0	-0.9984442
13.32012	316.7321	1.8	325.3877	0	0.05576047	0	-0.9984442
13.34012	316.6964	1.8	325.5826	0	0.05576047	0	-0.9984442
13.36012	316.6607	1.8	325.7774	0	0.05576047	0	-0.9984442
13.38012	316.6251	1.8	325.9723	0	0.05576047	0	-0.9984442
13.40012	316.5894	1.8	326.1671	0	0.05576047	0	-0.9984442
13.42012	316.5537	1.8	326.362	0	0.05576047	0	-0.9984442
13.44012	316.518	1.8	326.5568	0	0.05576047	0	-0.9984442
13.46012	316.4824	1.8	326.7517	0	0.05576047	0	-0.9984442
13.48012	316.4467	1.8	326.9465	0	0.05576047	0	-0.9984442
13.50012	316.411	1.8	327.1414	0	0.05576047	0	-0.9984442
13.52012	316.3753	1.8	327.3362	0	0.05576047	0	-0.9984442
13.54012	316.3397	1.8	327.5311	0	0.05576047	0	-0.9984442
13.56012	316.304	1.8	327.726	0	0.05576047	0	-0.9984442
13.58012	316.2683	1.8	327.9208	0	0.05576047	0	-0.9984442
13.60012	316.2326	1.8	328.1157	0	0.05576047	0	-0.9984442
13.62012	316.197	1.8	328.3105	0	0.05576047	0	-0.9984442
13.64012	316.1613	1.8	328.5054	0	0.05576047	0	-0.9984442
13.66012	316.1256	1.8	328.7002	0	0.05576047	0	-0.9984442
13.68012	316.0899	1.8	328.8951	0	0.05576047	0	-0.9984442
13.70012	316.0543	1.8	329.0899	0	0.05576047	0	-0.9984442
13.72012	316.0186	1.8	329.2848	0	0.05576047	0	-0.9984442
13.74012	315.9829	1.8	329.4796	0	0.05576047	0	-0.9984442
13.76013	315.9472	1.8	329.6745	0	0.05576047	0	-0.9984442
13.78013	315.9116	1.8	329.8694	0	0.05576047	0	-0.9984442
13.80013	315.8759	1.8	330.0642	0	0.05576047	0	-0.9984442
13.82013	315.8402	1.8	330.2591	0	0.05576047	0	-0.9984442
13.84013	315.8045	1.8	330.4539	0	0.05576047	0	-0.9984442
13.86013	315.7689	1.8	330.6488	0	0.05576047	0	-0.9984442
13.88013	315.7332	1.8	330.8436	0	0.05576047	0	-0.9984442
13.90013	315.6975	1.8	331.0385	0	0.05576047	0	-0.9984442
13.92013	315.6618	1.8	331.2333	0	0.05576047	0	-0.9984442
13.94013	315.6262	1.8	331.4282	0	0.05576047	0	-0.9984442
13.96013	315.5905	1.8	331.623	0	0.05576047	0	-0.9984442
13.98013	315.5548	1.8	331.8179	0	0.05576047	0	-0.9984442
14.00013	315.5191	1.8	332.0128	0	0.05576047	0	-0.9984442
14.02013	315.4835	1.8	332.2076	0	0.05576047	0	-0.9984442
14.04013	315.4478	1.8	332.4025	0	0.05576047	0	-0.9984442
14.06013	315.4121	1.8	332.5973	0	0.05576047	0	-0.9984442
14.08013	315.3764	1.8	332.7922	0	0.05576047	0	-0.9984442
14.10013	315.3408	1.8	332.987	0	0.05576047	0	-0.9984442
14.12013	315.3051	1.8	333.1819	0	0.05576047	0	-0.9984442
14.14013	315.2694	1.8	333.3767	0	0.05576047	0	-0.9984442
14.16013	315.2337	1.8	333.5716	0	0.05576047	0	-0.9984442
14.18013	315.2518	1.8	333.7688	0	0.05576047	0	-0.9984442
14.20014	315.2621	1.8	333.9452	0	0.05576047	0	-0.9984442
14.22014	315.2703	1.8	334.0993	0	0.05576047	0	-0.9984442
14.24014	315.2763	1.8	334.231	0	0.05576047	0	-0.9984442
14.26014	315.2803	1.8	334.3405	0	0.05576047	0	-0.9984442
14.28014	315.2803	1.8	334.4054	0	0.05576047	0	-0.9984442
14.30014	315.2783	1.8	334.448	0	0.05576047	0	-0.9984442
14.32014	315.2755	1.8	334.4795	0	0.05576047	0	-0.9984442
14.34014	315.2726	1.8	334.5064	0	0.05576047	0	-0.9984442
14.36014	315.2694	1.8	334.5242	0	0.05576047	0	-0.9984442
14.38014	315.2663	1.8	334.5242	0	0.05576047	0	-0.9984442
14.40014	315.2509	1.8	334.4687	0	0.05576047	0	-0.9984442
14.42014	315.2404	1.8	334.435	0	0.05576047	0	-0.9984442
14.44014	315.2307	1.8	334.405	0	0.05576047	0	-0.9984442
14.46014	315.2211	1.8	334.3747	0	0.05576047	0	-0.9984442
14.48014	315.2115	1.8	334.3447	0	0.05576047	0	-0.9984442
14.50014	315.2018	1.8	334.3147	0	0.05576047	0	-0.9984442
14.52014	315.1922	1.8	334.2847	0	0.05576047	0	-0.9984442
14.54014	315.1825	1.8	334.2547	0	0.05576047	0	-0.9984442
14.56014	315.1729	1.8	334.2247	0	0.05576047	0	-0.9984442
14.58014	315.1632	1.8	334.1944	0	0.05576047	0	-0.9984442
14.60014	315.1536	1.8	334.1641	0	0.05576047	0	-0.9984442
14.62014	315.144	1.8	334.1338	0	0.05576047	0	-0.9984442
14.64015	315.1343	1.8	334.1038	0	0.05576047	0	-0.9984442
14.66015	315.1247	1.8	334.0738	0	0.05576047	0	-0.9984442
14.68015	315.115	1.8	334.0438	0	0.05576047	0	-0.9984442
14.70015	315.1054	1.8	334.0138	0	0.05576047	0	-0.9984442
14.72015	315.0957	1.8	333.9838	0	0.05576047	0	-0.9984442
14.74015	315.0861	1.8	333.9538	0	0.05576047	0	-0.9984442
14.76015	315.0764	1.8	333.9238	0	0.05576047	0	-0.9984442
14.78015	315.0668	1.8	333.8938	0	0.05576047	0	-0.9984442
14.80015	315.0572	1.8	333.8638	0	0.05576047	0	-0.9984442
14.82015	315.0475	1.8	333.8338	0	0.05576047	0	-0.9984442
14.84015	315.0379	1.8	333.8038	0	0.05576047	0	-0.9984442
14.86015	315.0282	1.8	333.7738	0	0.05576047	0	-0.9984442
14.88015	315.0186	1.8	333.7438	0	0.05576047	0	-0.9984442
14.90015	315.0089	1.8	333.7135	0	0.05576047	0	-0.9984442
14.92015	314.9993	1.8	333.6835	0	0.05576047	0	-0.9984442
14.94015	314.9897	1.8	333.6535	0	0.05576047	0	-0.9984442
14.96015	314.98	1.8	333.6235	0	0.05576047	0	-0.9984442
14.98015	314.9704	1.8	333.5935	0	0.05576047	0	-0.9984442
15.00015	314.9607	1.8	333.5635	0	0.05576047	0	-0.9984442
15.02015	314.9511	1.8	333.5335	0	0.05576047	0	-0.9984442
15.04015	314.9406	1.8	333.5285	0	0.05576047	0	-0.9984442
15.06015	314.9154	1.8	333.6341	0	0.05576047	0	-0.9984442
15.08016	314.8798	1.8	333.8286	0	0.05576047	0	-0.9984442
15.10016	314.8441	1.8	334.0234	0	0.05576047	0	-0.9984442
15.12016	314.8084	1.8	334.2183	0	0.05576047	0	-0.9984442
15.14016	314.7727	1.8	334.4131	0	0.05576047	0	-0.9984442
15.16016	314.7371	1.8	334.608	0	0.05576047	0	-0.9984442
15.18016	314.7119	1.8	334.802	0	0.05576047	0	-0.9984442
15.20016	314.6868	1.8	334.9959	0	0.05640482	0	-0.998408
15.22016	314.6745	1.8	335.1898	0	0.05851012	0	-0.9982868
15.24016	314.6563	1.8	335.3821	0	0.06239973	0	-0.9980513
15.26016	314.6312	1.8	335.5736	0	0.06848709	0	-0.9976521
15.28016	314.5994	1.8	335.7648	0	0.06848709	0	-0.9976521
15.30016	314.5677	1.8	335.956	0	0.07588129	0	-0.9971169
15.32016	314.5502	1.8	336.1485	0	0.08392556	0	-0.996472
15.34016	314.541	1.8	336.339	0	0.09229126	0	-0.9957321
15.36016	314.5321	1.8	336.5072	0	0.1008137	0	-0.9949054
15.38016	314.5235	1.8	336.6529	0	0.1094104	0	-0.9939967
15.40016	314.5152	1.8	336.7763	0	0.1094104	0	-0.9939967
15.42016	314.5069	1.8	336.8996	0	0.1180397	0	-0.9930089
15.44016	314.499	1.8	337.0006	0	0.1266803	0	-0.9919436
15.46016	314.4917	1.8	337.0792	0	0.1266803	0	-0.9919436
15.48016	314.4844	1.8	337.1578	0	0.1353216	0	-0.9908018
15.50016	314.4778	1.8	337.214	0	0.1439576	0	-0.9895838
15.52017	314.472	1.8	337.2478	0	0.1439576	0	-0.9895838
15.54017	314.4663	1.8	337.2817	0	0.1525853	0	-0.9882903
15.56017	314.4609	1.8	337.3127	0	0.1612026	0	-0.9869214
15.58017	314.4561	1.8	337.3388	0	0.1612026	0	-0.9869214
15.60017	314.4513	1.8	337.3648	0	0.1698082	0	-0.9854771
15.62017	314.4473	1.8	337.381	0	0.1784012	0	-0.9839578
15.64017	314.4463	1.8	337.381	0	0.1784012	0	-0.9839578
15.66017	314.4454	1.8	337.381	0	0.1869808	0	-0.9823636
15.68017	314.4439	1.8	337.3504	0	0.1955463	0	-0.9806945
15.70017	314.4431	1.8	337.3187	0	0.1955463	0	-0.9806945
15.72017	314.4423	1.8	337.287	0	0.2040969	0	-0.9789507
15.74017	314.4419	1.8	337.2555	0	0.2126319	0	-0.9771324
15.76017	314.442	1.8	337.2241	0	0.2126319	0	-0.9771324
15.78017	314.4422	1.8	337.1926	0	0.2211508	0	-0.9752396
15.80017	314.4429	1.8	337.1612	0	0.2296529	0	-0.9732726
15.82017	314.4441	1.8	337.1297	0	0.2381374	0	-0.9712315
15.84017	314.4459	1.8	337.0983	0	0.2466038	0	-0.9691164
15.86017	314.4483	1.8	337.067	0	0.2550515	0	-0.9669275
15.88017	314.4512	1.8	337.0356	0	0.2634797	0	-0.9646649
15.90017	314.4547	1.8	337.0042	0	0.2718879	0	-0.962329
15.92017	314.4587	1.8	336.9729	0	0.2802753	0	-0.9599197
15.94018	314.4633	1.8	336.9418	0	0.2969856	0	-0.954882
15.96018	314.4692	1.8	336.9111	0	0.3053071	0	-0.9522539
15.98018	314.4754	1.8	336.8802	0	0.3136053	0	-0.9495534
16.00018	314.4821	1.8	336.8494	0	0.3218797	0	-0.9467806
16.02018	314.4894	1.8	336.8188	0	0.3301296	0	-0.9439356
16.04018	314.4971	1.8	336.7883	0	0.3465532	0	-0.9380303
16.06018	314.5063	1.8	336.7584	0	0.3547258	0	-0.9349704
16.08018	314.5156	1.8	336.7283	0	0.3628713	0	-0.9318393
16.10018	314.5255	1.8	336.6984	0	0.3709893	0	-0.9286372
16.12018	314.5359	1.8	336.6687	0	0.3790789	0	-0.9253644
16.14018	314.5468	1.8	336.6392	0	0.395171	0	-0.9186076
16.16018	314.5591	1.8	336.6104	0	0.4031722	0	-0.9151241
16.18018	314.5715	1.8	336.5815	0	0.4111427	0	-0.911571
16.20018	314.5845	1.8	336.5528	0	0.419082	0	-0.9079484
16.22018	314.5979	1.8	336.5244	0	0.434864	0	-0.9004961
16.24018	314.6126	1.8	336.4967	0	0.4427057	0	-0.896667
16.26018	314.6275	1.8	336.469	0	0.4505136	0	-0.8927696
16.28018	314.6429	1.8	336.4416	0	0.4582872	0	-0.8888041
16.30018	314.6588	1.8	336.4144	0	0.466026	0	-0.884771
16.32018	314.6751	1.8	336.3875	0	0.4813964	0	-0.8765031
16.34018	314.6926	1.8	336.3615	0	0.4890269	0	-0.8722687
16.36018	314.7104	1.8	336.3355	0	0.4966201	0	-0.867968
16.38018	314.7285	1.8	336.3098	0	0.5041756	0	-0.8636012
16.40018	314.7472	1.8	336.2845	0	0.5116926	0	-0.8591686
16.42019	314.7662	1.8	336.2595	0	0.5266092	0	-0.8501075
16.44019	314.7863	1.8	336.2355	0	0.5340077	0	-0.8454797
16.46019	314.8067	1.8	336.2115	0	0.5413654	0	-0.8407874
16.48019	314.8277	1.8	336.1877	0	0.548682	0	-0.8360311
16.50019	314.8489	1.8	336.1644	0	0.5559568	0	-0.8312113
16.52019	314.8705	1.8	336.1415	0	0.5631892	0	-0.826328
16.54019	314.8925	1.8	336.119	0	0.5775248	0	-0.8163732
16.56019	314.9153	1.8	336.0977	0	0.584627	0	-0.8113023
16.58019	314.9388	1.8	336.0762	0	0.5916846	0	-0.8061696
16.60019	314.9623	1.8	336.0553	0	0.5986971	0	-0.8009756
16.62019	314.9861	1.8	336.0348	0	0.6125849	0	-0.7904049
16.64019	315.0108	1.8	336.0155	0	0.619459	0	-0.785029
16.66019	315.0357	1.8	335.9962	0	0.626286	0	-0.7795933
16.68019	315.0609	1.8	335.9774	0	0.6330653	0	-0.7740983
16.70019	315.0865	1.8	335.959	0	0.6397965	0	-0.7685444
16.72019	315.1123	1.8	335.9411	0	0.6439288	0	-0.7650855
16.74019	315.0847	1.8	335.9332	0	0.6470158	0	-0.7624766
16.76019	314.843	1.8	335.9582	0	0.6475292	0	-0.7620406
16.78019	314.6235	1.8	335.9799	0	0.6477858	0	-0.7618225
16.80019	314.4107	1.8	336.0111	0	0.6479141	0	-0.7617134
16.82019	314.2023	1.8	336.0468	0	0.6479782	0	-0.7616588
16.84019	313.9962	1.8	336.0823	0	0.6480263	0	-0.7616179
16.8602	313.7971	1.8	336.1241	0	0.6480343	0	-0.7616111
16.8802	313.6025	1.8	336.176	0	0.6480383	0	-0.7616077
16.9002	313.4124	1.8	336.2401	0	0.6480404	0	-0.761606
16.9202	313.2261	1.8	336.317	0	0.6480414	0	-0.7616051
16.9402	313.0425	1.8	336.4059	0	0.6480418	0	-0.7616047
16.9602	312.8602	1.8	336.5041	0	0.6480422	0	-0.7616044
16.9802	312.6782	1.8	336.6142	0	0.6480423	0	-0.7616044
17.0002	312.4967	1.8	336.7223	0	0.6480423	0	-0.7616044
17.0202	312.3141	1.8	336.8296	0	0.6480423	0	-0.7616044
17.0402	312.1311	1.8	336.937	0	0.6480423	0	-0.7616044
17.0602	311.9482	1.8	337.0443	0	0.6480423	0	-0.7616044
17.0802	311.7652	1.8	337.1516	0	0.6480423	0	-0.7616044
17.1002	311.5823	1.8	337.2589	0	0.6480423	0	-0.7616044
17.1202	311.3993	1.8	337.3663	0	0.6480423	0	-0.7616044
17.1402	311.2164	1.8	337.4736	0	0.6480423	0	-0.7616044
17.1602	311.0334	1.8	337.5809	0	0.6480423	0	-0.7616044
17.1802	310.8537	1.8	337.6847	0	0.6480423	0	-0.7616044
17.2002	310.673	1.8	337.7852	0	0.6480423	0	-0.7616044
17.2202	310.493	1.8	337.8785	0	0.6480423	0	-0.7616044
17.2402	310.3145	1.8	337.9685	0	0.6480423	0	-0.7616044
17.2602	310.138	1.8	338.0568	0	0.6480423	0	-0.7616044
17.2802	309.9639	1.8	338.1372	0	0.6480423	0	-0.7616044
17.30021	309.7887	1.8	338.2086	0	0.6480423	0	-0.7616044
17.32021	309.6111	1.8	338.2689	0	0.6480423	0	-0.7616044
17.34021	309.4297	1.8	338.3172	0	0.6480423	0	-0.7616044
17.36021	309.2398	1.8	338.3429	0	0.6480423	0	-0.7616044
17.38021	309.0453	1.8	338.363	0	0.6480423	0	-0.7616044
17.40021	308.8485	1.8	338.3813	0	0.6480423	0	-0.7616044
17.42021	308.6512	1.8	338.3993	0	0.6482441	0	-0.7614325
17.44021	308.4539	1.8	338.4173	0	0.6509069	0	-0.7591575
17.46021	308.2569	1.8	338.4335	0	0.6535176	0	-0.7569114
17.48021	308.0596	1.8	338.4488	0	0.6568063	0	-0.7540594
17.50021	307.8625	1.8	338.4625	0	0.6608362	0	-0.7505302
17.52021	307.6654	1.8	338.4744	0	0.6656005	0	-0.7463083
17.54021	307.4685	1.8	338.4841	0	0.6769424	0	-0.7360361
17.56021	307.2726	1.8	338.4884	0	0.6830779	0	-0.7303455
17.58021	307.0759	1.8	338.4893	0	0.6892954	0	-0.7244804
17.60021	306.8793	1.8	338.4873	0	0.695527	0	-0.7185
17.62021	306.6829	1.8	338.4821	0	0.7017386	0	-0.7124345
17.64021	306.4867	1.8	338.4738	0	0.7079132	0	-0.7062995
17.66021	306.2907	1.8	338.462	0	0.7201203	0	-0.6938493
17.68021	306.096	1.8	338.4433	0	0.7261459	0	-0.6875407
17.70021	305.9009	1.8	338.4209	0	0.7321171	0	-0.6811788
17.72021	305.7061	1.8	338.3952	0	0.7380331	0	-0.6747645
17.74022	305.5119	1.8	338.3663	0	0.7438931	0	-0.6682986
17.76022	305.3182	1.8	338.3341	0	0.7532242	0	-0.657764
17.78022	305.1262	1.8	338.2952	0	0.7549799	0	-0.655748
17.80022	304.9328	1.8	338.2542	0	0.7558557	0	-0.6547383
17.82022	304.7393	1.8	338.2124	0	0.7562931	0	-0.654233
17.84022	304.5457	1.8	338.1703	0	0.7566209	0	-0.6538538
17.86022	304.3522	1.8	338.128	0	0.7566755	0	-0.6537906
17.88022	304.1587	1.8	338.0857	0	0.7567028	0	-0.653759
17.90022	303.9652	1.8	338.0434	0	0.7567165	0	-0.6537432
17.92022	303.7717	1.8	338.0011	0	0.7567233	0	-0.6537353
17.94022	303.5782	1.8	337.9587	0	0.7563503	0	-0.6541669
17.96022	303.3846	1.8	337.9167	0	0.7548294	0	-0.6559211
17.98022	303.191	1.8	337.8752	0	0.7520863	0	-0.6590647
18.00022	302.9975	1.8	337.8353	0	0.7478201	0	-0.6639015
18.02022	302.804	1.8	337.7975	0	0.7427609	0	-0.6695569
18.04022	302.6103	1.8	337.7623	0	0.7315449	0	-0.6817933
18.06022	302.4167	1.8	337.7332	0	0.7256652	0	-0.6880479
18.08022	302.2219	1.8	337.7074	0	0.7196828	0	-0.6943031
18.10022	302.0267	1.8	337.6848	0	0.7136214	0	-0.7005316
18.12022	301.8312	1.8	337.6653	0	0.7074935	0	-0.7067198
18.14022	301.6355	1.8	337.6492	0	0.6950614	0	-0.7189504
18.16022	301.4401	1.8	337.6401	0	0.6887626	0	-0.724987
18.18023	301.2438	1.8	337.6346	0	0.6824105	0	-0.7309692
18.20023	301.0473	1.8	337.6324	0	0.6760061	0	-0.736896
18.22023	300.8509	1.8	337.6334	0	0.6695501	0	-0.742767
18.24023	300.6546	1.8	337.6378	0	0.6564852	0	-0.754339
18.26023	300.4593	1.8	337.6491	0	0.6498774	0	-0.7600391
18.28023	300.2635	1.8	337.6642	0	0.6432202	0	-0.7656813
18.30023	300.0679	1.8	337.6826	0	0.6365139	0	-0.7712653
18.32023	299.8727	1.8	337.7041	0	0.6297593	0	-0.7767904
18.34023	299.6779	1.8	337.7289	0	0.6166388	0	-0.7872463
18.36023	299.4849	1.8	337.7607	0	0.6125878	0	-0.7904026
18.38023	299.291	1.8	337.7956	0	0.6105563	0	-0.7919729
18.40023	299.0968	1.8	337.8323	0	0.609539	0	-0.7927561
18.42023	298.9023	1.8	337.8697	0	0.6087754	0	-0.7933427
18.44023	298.7079	1.8	337.9078	0	0.6086481	0	-0.7934404
18.46023	298.5135	1.8	337.9457	0	0.6085844	0	-0.7934892
18.48023	298.3191	1.8	337.9837	0	0.6085525	0	-0.7935135
18.50023	298.1246	1.8	338.0216	0	0.6085367	0	-0.7935258
18.52023	297.9302	1.8	338.0596	0	0.6085247	0	-0.7935349
18.54023	297.7358	1.8	338.0976	0	0.6089007	0	-0.7932465
18.56023	297.5414	1.8	338.1353	0	0.6099017	0	-0.7924771
18.58023	297.3469	1.8	338.1726	0	0.6123502	0	-0.7905867
18.60023	297.1524	1.8	338.2088	0	0.616513	0	-0.7873448
18.62024	296.958	1.8	338.2432	0	0.6281487	0	-0.7780933
#Walking Trial Way Points#
#TimeStamp#	#WayPonitX#	#WayPonitY#	#WayPonitZ#	#OrientationX#	#OrientationY#	#OrientationZ#	#OrientationW#	
0	315	10	315	0	0	0	0
14.34014	315	1.8	355	0	0	0	0
18.64024	276.9577	1.8	342.6393	0	0	0	0
