#Walking Trial Path#
#TimeStamp#	#PositionX#	#PositionY#	#PositionZ#	#OrientationX#	#OrientationY#	#OrientationZ#	#OrientationW#	
0	-276.5104	1.8	312.635	0	0	0	1
0.02	-278.3849	1.8	312.7426	0	0	0	1
0.04	-279.2613	1.8	312.7887	0	0	0	1
0.06	-281.1358	1.8	312.8967	0	0	0	1
0.08	-283.0103	1.8	313.0051	0	0	0	1
0.09999999	-284.8847	1.8	313.1136	0	0	0	1
0.12	-285.7611	1.8	313.1597	0	0	0	1
0.14	-287.6355	1.8	313.269	0	0	0	1
0.16	-289.5099	1.8	313.3785	0	0	0	1
0.18	-291.3843	1.8	313.4885	0	0	0	1
0.2	-293.2586	1.8	313.5988	0	0	0	1
0.22	-294.135	1.8	313.6449	0	0	0	1
0.24	-296.0093	1.8	313.7563	0	0	0	1
0.26	-297.8835	1.8	313.8684	0	0	0	1
0.28	-299.7577	1.8	313.9812	0	0	0	1
0.3	-301.6318	1.8	314.0948	0	0	0	1
0.32	-303.5059	1.8	314.2095	0	0	0	1
0.34	-304.3823	1.8	314.2556	0	0	0	1
0.36	-306.2561	1.8	314.3732	0	0	0	1
0.38	-308.1298	1.8	314.4929	0	0	0	1
0.4	-310.0032	1.8	314.6156	0	0	0	1
0.42	-310.8796	1.8	314.6617	0	0	0	1
0.4400001	-311.756	1.8	314.7078	0	0	0	1
0.4600001	-312.6324	1.8	314.7539	0	-0.0006579146	0	0.9999998
0.4800001	-313.2898	1.8	314.7712	0	-0.0006579146	0	0.9999998
0.5000001	-313.9471	1.8	314.7886	0	-0.001315803	0	0.9999992
0.52	-314.3864	1.8	314.7792	0	-0.001973678	0	0.9999981
0.54	-314.6116	1.8	314.749	0	-0.002631546	0	0.9999965
0.56	-314.6842	1.8	314.7284	0	-0.002631546	0	0.9999965
0.58	-314.7567	1.8	314.7078	0	-0.003289409	0	0.9999946
0.6	-314.757	1.8	314.7066	0	-0.00394727	0	0.9999923
0.6199999	-314.7565	1.8	314.6441	0	-0.004605129	0	0.9999894
0.6399999	-314.7559	1.8	314.5816	0	-0.004605129	0	0.9999894
0.6599999	-314.7553	1.8	314.5191	0	-0.005262986	0	0.9999862
0.6799999	-314.7547	1.8	314.4566	0	-0.00592084	0	0.9999825
0.6999999	-314.7539	1.8	314.3941	0	-0.006578692	0	0.9999784
0.7199998	-314.7531	1.8	314.3316	0	-0.007236542	0	0.9999738
0.7399998	-314.7522	1.8	314.2691	0	-0.007894387	0	0.9999688
0.7599998	-314.7512	1.8	314.2066	0	-0.007894387	0	0.9999688
0.7799998	-314.7502	1.8	314.1441	0	-0.008552231	0	0.9999635
0.7999998	-314.7492	1.8	314.0816	0	-0.008552231	0	0.9999635
0.8199998	-314.7481	1.8	314.0191	0	-0.00921007	0	0.9999576
0.8399997	-314.7469	1.8	313.9566	0	-0.009867905	0	0.9999513
0.8599997	-314.7457	1.8	313.8941	0	-0.01052574	0	0.9999446
0.8799997	-314.7444	1.8	313.8316	0	-0.01118356	0	0.9999375
0.8999997	-314.743	1.8	313.7691	0	-0.01118356	0	0.9999375
0.9199997	-314.7416	1.8	313.7066	0	-0.01184138	0	0.9999299
0.9399996	-314.7401	1.8	313.6441	0	-0.0124992	0	0.9999219
0.9599996	-314.7386	1.8	313.5817	0	-0.01315701	0	0.9999135
0.9799996	-314.7369	1.8	313.5192	0	-0.01315701	0	0.9999135
0.9999996	-314.7353	1.8	313.4567	0	-0.01381482	0	0.9999046
1.02	-314.7335	1.8	313.3943	0	-0.01447261	0	0.9998953
1.04	-314.7317	1.8	313.3318	0	-0.01447261	0	0.9998953
1.06	-314.7299	1.8	313.2693	0	-0.01513041	0	0.9998856
1.08	-314.728	1.8	313.2068	0	-0.01578819	0	0.9998754
1.1	-314.726	1.8	313.1444	0	-0.01578819	0	0.9998754
1.12	-314.7241	1.8	313.0819	0	-0.01644597	0	0.9998648
1.14	-314.722	1.8	313.0194	0	-0.01710374	0	0.9998537
1.159999	-314.7199	1.8	312.957	0	-0.01710374	0	0.9998537
1.179999	-314.7177	1.8	312.8945	0	-0.01776151	0	0.9998423
1.199999	-314.7155	1.8	312.832	0	-0.01841927	0	0.9998304
1.219999	-314.7132	1.8	312.7696	0	-0.01907062	0	0.9998181
1.239999	-314.7108	1.8	312.7071	0	-0.01907062	0	0.9998181
1.259999	-314.7085	1.8	312.6446	0	-0.01972516	0	0.9998055
1.279999	-314.706	1.8	312.5822	0	-0.0203813	0	0.9997923
1.299999	-314.7035	1.8	312.5197	0	-0.02103822	0	0.9997787
1.319999	-314.7008	1.8	312.4573	0	-0.02103822	0	0.9997787
1.339999	-314.6982	1.8	312.3949	0	-0.02169554	0	0.9997646
1.359999	-314.6955	1.8	312.3324	0	-0.02169554	0	0.9997646
1.379999	-314.6928	1.8	312.27	0	-0.02235304	0	0.9997501
1.399999	-314.69	1.8	312.2076	0	-0.02301064	0	0.9997352
1.419999	-314.6871	1.8	312.1451	0	-0.02432592	0	0.9997041
1.439999	-314.6841	1.8	312.0827	0	-0.02498357	0	0.9996879
1.459999	-314.681	1.8	312.0202	0	-0.02564122	0	0.9996712
1.479999	-314.6778	1.8	311.9578	0	-0.02629886	0	0.9996541
1.499999	-314.6745	1.8	311.8954	0	-0.02695649	0	0.9996367
1.519999	-314.6711	1.8	311.833	0	-0.02827172	0	0.9996003
1.539999	-314.6676	1.8	311.7706	0	-0.02892932	0	0.9995815
1.559999	-314.664	1.8	311.7082	0	-0.0295869	0	0.9995622
1.579999	-314.6603	1.8	311.6458	0	-0.03024447	0	0.9995425
1.599999	-314.6565	1.8	311.5834	0	-0.03155957	0	0.9995019
1.619999	-314.6526	1.8	311.5211	0	-0.0322171	0	0.9994809
1.639999	-314.6486	1.8	311.4587	0	-0.03287462	0	0.9994595
1.659999	-314.6444	1.8	311.3963	0	-0.03353213	0	0.9994377
1.679999	-314.6403	1.8	311.334	0	-0.03418962	0	0.9994154
1.699999	-314.636	1.8	311.2716	0	-0.03484709	0	0.9993927
1.719999	-314.6316	1.8	311.2093	0	-0.03616199	0	0.999346
1.739999	-314.6271	1.8	311.1469	0	-0.03681942	0	0.9993219
1.759999	-314.6225	1.8	311.0846	0	-0.03747683	0	0.9992975
1.779999	-314.6178	1.8	311.0222	0	-0.03813423	0	0.9992726
1.799999	-314.6131	1.8	310.9599	0	-0.03944897	0	0.9992216
1.819999	-314.6082	1.8	310.8976	0	-0.04010632	0	0.9991955
1.839999	-314.6031	1.8	310.8353	0	-0.04075725	0	0.9991691
1.859999	-314.5981	1.8	310.773	0	-0.04141136	0	0.9991422
1.879999	-314.5929	1.8	310.7108	0	-0.04206705	0	0.9991148
1.899999	-314.5876	1.8	310.6485	0	-0.04338038	0	0.9990587
1.919999	-314.5822	1.8	310.5862	0	-0.04338038	0	0.9990587
1.939999	-314.5881	1.8	310.5426	0	-0.04338038	0	0.9990587
1.959999	-314.5965	1.8	310.5041	0	-0.04338038	0	0.9990587
1.979999	-314.6049	1.8	310.468	0	-0.04338038	0	0.9990587
1.999999	-314.6151	1.8	310.4327	0	-0.04338038	0	0.9990587
2.019999	-314.6261	1.8	310.3969	0	-0.04338038	0	0.9990587
2.039999	-314.6372	1.8	310.3611	0	-0.04338038	0	0.9990587
2.059999	-314.6483	1.8	310.3252	0	-0.04338038	0	0.9990587
2.079999	-314.6595	1.8	310.2894	0	-0.04338038	0	0.9990587
2.099999	-314.6801	1.8	310.3641	0	-0.04338038	0	0.9990587
2.119999	-314.7095	1.8	310.5309	0	-0.04338038	0	0.9990587
2.139999	-314.7414	1.8	310.7264	0	-0.04338038	0	0.9990587
2.159999	-314.7628	1.8	310.9207	0	-0.04338038	0	0.9990587
2.179999	-314.7714	1.8	311.1147	0	-0.04338038	0	0.9990587
2.199999	-314.78	1.8	311.3087	0	-0.04338038	0	0.9990587
2.219999	-314.7747	1.8	311.5032	0	-0.04338038	0	0.9990587
2.239999	-314.7562	1.8	311.6989	0	-0.04338038	0	0.9990587
2.259999	-314.7271	1.8	311.8965	0	-0.04338038	0	0.9990587
2.279999	-314.6979	1.8	312.0941	0	-0.04338038	0	0.9990587
2.299999	-314.6616	1.8	312.2936	0	-0.04338038	0	0.9990587
2.319999	-314.6218	1.8	312.4947	0	-0.04338038	0	0.9990587
2.339998	-314.5811	1.8	312.6967	0	-0.04338038	0	0.9990587
2.359998	-314.5405	1.8	312.8987	0	-0.04338038	0	0.9990587
2.379998	-314.4998	1.8	313.1006	0	-0.04338038	0	0.9990587
2.399998	-314.4592	1.8	313.3026	0	-0.04338038	0	0.9990587
2.419998	-314.4185	1.8	313.5046	0	-0.04338038	0	0.9990587
2.439998	-314.3779	1.8	313.7066	0	-0.04338038	0	0.9990587
2.459998	-314.3372	1.8	313.9086	0	-0.04338038	0	0.9990587
2.479998	-314.2966	1.8	314.1106	0	-0.04338038	0	0.9990587
2.499998	-314.256	1.8	314.3126	0	-0.04338038	0	0.9990587
2.519998	-314.2153	1.8	314.5146	0	-0.04338038	0	0.9990587
2.539998	-314.1747	1.8	314.7166	0	-0.04338038	0	0.9990587
2.559998	-314.134	1.8	314.9186	0	-0.04338038	0	0.9990587
2.579998	-314.0934	1.8	315.1206	0	-0.04338038	0	0.9990587
2.599998	-314.0527	1.8	315.3226	0	-0.04338038	0	0.9990587
2.619998	-314.0121	1.8	315.5246	0	-0.04338038	0	0.9990587
2.639998	-313.9714	1.8	315.7266	0	-0.04338038	0	0.9990587
2.659998	-313.9308	1.8	315.9286	0	-0.04338038	0	0.9990587
2.679998	-313.8901	1.8	316.1306	0	-0.04338038	0	0.9990587
2.699998	-313.8495	1.8	316.3326	0	-0.04338038	0	0.9990587
2.719998	-313.8088	1.8	316.5346	0	-0.04338038	0	0.9990587
2.739998	-313.7682	1.8	316.7366	0	-0.04338038	0	0.9990587
2.759998	-313.7275	1.8	316.9386	0	-0.04338038	0	0.9990587
2.779998	-313.6869	1.8	317.1406	0	-0.04338038	0	0.9990587
2.799998	-313.6462	1.8	317.3426	0	-0.04338038	0	0.9990587
2.819998	-313.6056	1.8	317.5446	0	-0.04338038	0	0.9990587
2.839998	-313.5649	1.8	317.7466	0	-0.04338038	0	0.9990587
2.859998	-313.5243	1.8	317.9485	0	-0.04286225	0	0.999081
2.879998	-313.4834	1.8	318.1505	0	-0.04086084	0	0.9991649
2.899998	-313.4418	1.8	318.3521	0	-0.03583763	0	0.9993576
2.919998	-313.3987	1.8	318.553	0	-0.03583763	0	0.9993576
2.939998	-313.3556	1.8	318.7539	0	-0.02896447	0	0.9995804
2.959998	-313.3105	1.8	318.9539	0	-0.02116522	0	0.999776
2.979998	-313.2628	1.8	319.153	0	-0.02116522	0	0.999776
2.999998	-313.2151	1.8	319.3521	0	-0.01290226	0	0.9999168
3.019998	-313.1645	1.8	319.5502	0	-0.004407182	0	0.9999903
3.039998	-313.1109	1.8	319.7474	0	0.00420383	0	0.9999912
3.059998	-313.0541	1.8	319.9436	0	0.00420383	0	0.9999912
3.079998	-312.9973	1.8	320.1398	0	0.01287233	0	0.9999171
3.099998	-312.9373	1.8	320.335	0	0.02156876	0	0.9997674
3.119998	-312.8739	1.8	320.5291	0	0.03027801	0	0.9995415
3.139998	-312.8072	1.8	320.722	0	0.03027801	0	0.9995415
3.159998	-312.7405	1.8	320.9149	0	0.03899218	0	0.9992395
3.179998	-312.6704	1.8	321.1067	0	0.04694735	0	0.9988974
3.199998	-312.5971	1.8	321.2972	0	0.05092385	0	0.9987026
3.219998	-312.5208	1.8	321.4873	0	0.05092385	0	0.9987026
3.239998	-312.4445	1.8	321.6774	0	0.0529118	0	0.9985992
3.259998	-312.3663	1.8	321.8676	0	0.05237526	0	0.9986275
3.279998	-312.294	1.8	322.0562	0	0.04888851	0	0.9988043
3.299998	-312.2239	1.8	322.2428	0	0.04278599	0	0.9990842
3.319998	-312.1855	1.8	322.4312	0	0.04278599	0	0.9990843
3.339998	-312.147	1.8	322.6197	0	0.03537388	0	0.9993742
3.359998	-312.1731	1.8	322.8136	0	0.02730564	0	0.9996272
3.379997	-312.2847	1.8	323.0143	0	0.01890846	0	0.9998212
3.399997	-312.4478	1.8	323.2175	0	0.01890846	0	0.9998212
3.419997	-312.6109	1.8	323.4208	0	0.001701684	0	0.9999986
3.439997	-312.815	1.8	323.6197	0	-0.006984019	0	0.9999757
3.459997	-313.0161	1.8	323.8152	0	-0.01568964	0	0.999877
3.479997	-313.2177	1.8	324.0083	0	-0.0244043	0	0.9997022
3.499997	-313.421	1.8	324.1983	0	-0.03312221	0	0.9994513
3.519997	-313.6267	1.8	324.3851	0	-0.0505562	0	0.9987212
3.539997	-313.8376	1.8	324.5644	0	-0.05926903	0	0.9982421
3.559997	-314.0523	1.8	324.74	0	-0.06797767	0	0.9976869
3.579997	-314.2702	1.8	324.9119	0	-0.07668129	0	0.9970557
3.599997	-314.491	1.8	325.0801	0	-0.08537915	0	0.9963486
3.619997	-314.7145	1.8	325.2446	0	-0.1027548	0	0.9947067
3.639997	-314.9431	1.8	325.4007	0	-0.1114312	0	0.9937721
3.659997	-315.1751	1.8	325.5528	0	-0.1200992	0	0.9927619
3.679997	-315.4098	1.8	325.701	0	-0.128758	0	0.9916761
3.699997	-315.647	1.8	325.8452	0	-0.1460455	0	0.9892779
3.719997	-315.8884	1.8	325.9807	0	-0.1546729	0	0.9879658
3.739997	-316.1328	1.8	326.112	0	-0.1632885	0	0.9865784
3.759997	-316.3795	1.8	326.2391	0	-0.1718917	0	0.9851159
3.779997	-316.6284	1.8	326.3621	0	-0.1804818	0	0.9835783
3.799997	-316.8792	1.8	326.4808	0	-0.1976202	0	0.9802787
3.819997	-317.1335	1.8	326.5904	0	-0.2061671	0	0.9785168
3.839997	-317.3902	1.8	326.6955	0	-0.2146983	0	0.9766804
3.859997	-317.6489	1.8	326.7961	0	-0.2232131	0	0.9747697
3.879997	-317.9092	1.8	326.8924	0	-0.231711	0	0.9727847
3.899997	-318.1711	1.8	326.9843	0	-0.2486532	0	0.9685926
3.919997	-318.4354	1.8	327.0667	0	-0.2570961	0	0.9663859
3.939997	-318.7017	1.8	327.1444	0	-0.2655196	0	0.9641055
3.959997	-318.9695	1.8	327.2174	0	-0.2739227	0	0.9617518
3.979997	-319.2384	1.8	327.286	0	-0.2823051	0	0.9593247
3.999997	-319.5085	1.8	327.35	0	-0.2990046	0	0.9542517
4.019997	-319.7799	1.8	327.4044	0	-0.3073205	0	0.9516061
4.039997	-320.0529	1.8	327.4537	0	-0.315613	0	0.948888
4.059997	-320.3268	1.8	327.4984	0	-0.3238815	0	0.9460977
4.079997	-320.6015	1.8	327.5385	0	-0.3321253	0	0.9432353
4.099997	-320.8768	1.8	327.5739	0	-0.3485365	0	0.9372953
4.119997	-321.1524	1.8	327.5996	0	-0.3567026	0	0.934218
4.139997	-321.429	1.8	327.6202	0	-0.3648415	0	0.9310697
4.159997	-321.7061	1.8	327.636	0	-0.3729526	0	0.9278504
4.179997	-321.9835	1.8	327.6471	0	-0.3810353	0	0.9245605
4.199997	-322.261	1.8	327.6536	0	-0.3971131	0	0.9177697
4.219997	-322.5378	1.8	327.6503	0	-0.4051069	0	0.9142693
4.239997	-322.8151	1.8	327.6419	0	-0.4130699	0	0.9106994
4.259997	-323.0923	1.8	327.6286	0	-0.4210014	0	0.90706
4.279997	-323.3693	1.8	327.6107	0	-0.4289009	0	0.9033516
4.299997	-323.6459	1.8	327.5881	0	-0.4446012	0	0.8957286
4.319997	-323.9209	1.8	327.5559	0	-0.4524009	0	0.8918147
4.339997	-324.1957	1.8	327.5186	0	-0.4601662	0	0.8878328
4.359997	-324.4701	1.8	327.4764	0	-0.4678964	0	0.8837834
4.379997	-324.7437	1.8	327.4296	0	-0.4755909	0	0.8796666
4.399997	-325.0164	1.8	327.3782	0	-0.4908708	0	0.8712325
4.419997	-325.2865	1.8	327.3175	0	-0.4984549	0	0.8669156
4.439997	-325.5559	1.8	327.2516	0	-0.5060011	0	0.8625329
4.459997	-325.8243	1.8	327.181	0	-0.5135087	0	0.8580844
4.479997	-326.0916	1.8	327.1059	0	-0.5209773	0	0.8535706
4.499997	-326.3574	1.8	327.0262	0	-0.5357949	0	0.8443483
4.519997	-326.6197	1.8	326.9376	0	-0.5431427	0	0.8396404
4.539997	-326.8808	1.8	326.8439	0	-0.5504491	0	0.8348687
4.559997	-327.1404	1.8	326.7456	0	-0.5577137	0	0.8300334
4.579997	-327.3983	1.8	326.643	0	-0.5649357	0	0.8251349
4.599997	-327.6544	1.8	326.536	0	-0.5792504	0	0.8151497
4.619997	-327.9059	1.8	326.4205	0	-0.5863417	0	0.8100638
4.639997	-328.1558	1.8	326.3	0	-0.5933884	0	0.8049163
4.659997	-328.4037	1.8	326.1751	0	-0.60039	0	0.7997074
4.679996	-328.6494	1.8	326.0461	0	-0.6142554	0	0.7891074
4.699996	-328.89	1.8	325.909	0	-0.6211181	0	0.783717
4.719996	-329.1284	1.8	325.7671	0	-0.6279336	0	0.7782669
4.739996	-329.3644	1.8	325.6211	0	-0.6347013	0	0.7727576
4.759996	-329.598	1.8	325.4711	0	-0.6414206	0	0.7671894
4.779996	-329.829	1.8	325.3172	0	-0.6547123	0	0.7558783
4.799996	-330.0539	1.8	325.1557	0	-0.6612835	0	0.7501361
4.819996	-330.2762	1.8	324.9898	0	-0.6678044	0	0.7443368
4.839996	-330.4957	1.8	324.8199	0	-0.6742744	0	0.7384809
4.859996	-330.7123	1.8	324.6464	0	-0.6806931	0	0.7325687
4.879996	-330.9259	1.8	324.4692	0	-0.6933746	0	0.7205774
4.899996	-331.1327	1.8	324.2851	0	-0.6996363	0	0.7144992
4.919996	-331.3364	1.8	324.0968	0	-0.7058448	0	0.7083666
4.939996	-331.5369	1.8	323.9049	0	-0.7119995	0	0.7021801
4.959996	-331.7342	1.8	323.7097	0	-0.7181	0	0.6959401
4.979996	-331.9282	1.8	323.5111	0	-0.7241458	0	0.689647
4.999996	-332.1187	1.8	323.3094	0	-0.7360715	0	0.6769038
5.019996	-332.3015	1.8	323.1015	0	-0.7419505	0	0.6704547
5.039996	-332.4807	1.8	322.8899	0	-0.747773	0	0.6639546
5.059996	-332.6564	1.8	322.675	0	-0.7535385	0	0.6574038
5.079996	-332.8284	1.8	322.4572	0	-0.7592467	0	0.650803
5.099996	-332.9967	1.8	322.2365	0	-0.764897	0	0.6441526
5.119996	-333.1612	1.8	322.013	0	-0.7704892	0	0.6374532
5.139996	-333.3218	1.8	321.7867	0	-0.7814969	0	0.6239092
5.159996	-333.474	1.8	321.5555	0	-0.7869117	0	0.6170657
5.179996	-333.6221	1.8	321.321	0	-0.7922665	0	0.6101752
5.199996	-333.7661	1.8	321.0837	0	-0.7975611	0	0.6032382
5.219996	-333.9062	1.8	320.8441	0	-0.8027949	0	0.5962553
5.239996	-334.0421	1.8	320.6021	0	-0.8079676	0	0.589227
5.259996	-334.1739	1.8	320.3579	0	-0.818128	0	0.5750362
5.279996	-334.2981	1.8	320.1163	0	-0.8231149	0	0.5678749
5.299996	-334.4199	1.8	319.8762	0	-0.8280392	0	0.5606703
5.319996	-334.5375	1.8	319.6362	0	-0.8329003	0	0.553423
5.339996	-334.6517	1.8	319.3972	0	-0.842432	0	0.5388026
5.359996	-334.758	1.8	319.1593	0	-0.8471019	0	0.5314307
5.379996	-334.8606	1.8	318.9225	0	-0.8517072	0	0.5240182
5.399996	-334.9599	1.8	318.6869	0	-0.8562476	0	0.5165657
5.419996	-335.0565	1.8	318.4529	0	-0.8607228	0	0.509074
5.439996	-335.1508	1.8	318.2207	0	-0.8694763	0	0.4939747
5.459996	-335.232	1.8	317.9917	0	-0.8737539	0	0.4863684
5.479996	-335.3076	1.8	317.7643	0	-0.8779649	0	0.478725
5.499996	-335.3787	1.8	317.5389	0	-0.8821091	0	0.4710452
5.519996	-335.4435	1.8	317.3154	0	-0.8861861	0	0.4633295
5.539996	-335.5034	1.8	317.0941	0	-0.8941373	0	0.4477929
5.559996	-335.5563	1.8	316.8774	0	-0.898011	0	0.4399731
5.579996	-335.6075	1.8	316.663	0	-0.9018162	0	0.4321198
5.599996	-335.6565	1.8	316.451	0	-0.9055528	0	0.4242336
5.619996	-335.7027	1.8	316.2412	0	-0.9092204	0	0.4163151
5.639996	-335.747	1.8	316.0339	0	-0.9163476	0	0.4003837
5.659996	-335.7836	1.8	315.8315	0	-0.9198067	0	0.3923719
5.679996	-335.8127	1.8	315.632	0	-0.9231957	0	0.3843302
5.699996	-335.8319	1.8	315.4357	0	-0.9265144	0	0.3762593
5.719995	-335.84	1.8	315.2431	0	-0.9297626	0	0.3681597
5.739995	-335.8339	1.8	315.0549	0	-0.9360462	0	0.351877
5.759995	-335.8017	1.8	314.8847	0	-0.9390813	0	0.3436952
5.779995	-335.7431	1.8	314.7299	0	-0.9420448	0	0.3354872
5.799995	-335.6517	1.8	314.5933	0	-0.9449366	0	0.3272536
5.819995	-335.5267	1.8	314.475	0	-0.9477564	0	0.3189951
5.839995	-335.3754	1.8	314.3716	0	-0.950504	0	0.3107124
5.859995	-335.2081	1.8	314.2779	0	-0.9557819	0	0.2940765
5.879995	-335.0249	1.8	314.1974	0	-0.9583118	0	0.2857246
5.899995	-334.8409	1.8	314.1192	0	-0.9607687	0	0.277351
5.919995	-334.6561	1.8	314.0436	0	-0.9631524	0	0.2689563
5.939995	-334.4704	1.8	313.971	0	-0.9676996	0	0.252106
5.959995	-334.2832	1.8	313.9052	0	-0.9698628	0	0.2436517
5.979995	-334.094	1.8	313.8426	0	-0.9719521	0	0.2351789
5.999995	-333.9037	1.8	313.7832	0	-0.9739674	0	0.2266882
6.019995	-333.7126	1.8	313.727	0	-0.9759085	0	0.2181802
6.039995	-333.5205	1.8	313.674	0	-0.9777753	0	0.2096556
6.059995	-333.3262	1.8	313.6294	0	-0.9812854	0	0.1925591
6.079995	-333.1258	1.8	313.6049	0	-0.9829284	0	0.1839886
6.099995	-332.922	1.8	313.5899	0	-0.9844965	0	0.175404
6.119995	-332.715	1.8	313.5855	0	-0.9859897	0	0.1668061
6.139995	-332.5049	1.8	313.5927	0	-0.9874079	0	0.1581955
6.159995	-332.2922	1.8	313.6104	0	-0.9887508	0	0.1495728
6.179995	-332.0784	1.8	313.6356	0	-0.9912106	0	0.1322939
6.199995	-331.8647	1.8	313.6726	0	-0.9923273	0	0.1236391
6.219995	-331.651	1.8	313.7137	0	-0.9933684	0	0.1149748
6.239995	-331.438	1.8	313.7583	0	-0.9943339	0	0.1063017
6.259995	-331.2257	1.8	313.8064	0	-0.9952237	0	0.09762058
6.279995	-331.0143	1.8	313.858	0	-0.9960377	0	0.08893202
6.299995	-330.8039	1.8	313.9132	0	-0.9974381	0	0.07153521
6.319995	-330.5963	1.8	313.9758	0	-0.9980244	0	0.06282831
6.339995	-330.3892	1.8	314.0424	0	-0.9985347	0	0.05411662
6.359995	-330.1831	1.8	314.1126	0	-0.9989689	0	0.04540081
6.379995	-329.9783	1.8	314.1862	0	-0.9993271	0	0.03668155
6.399995	-329.7748	1.8	314.2632	0	-0.9996091	0	0.02795949
6.419995	-329.5727	1.8	314.3436	0	-0.9999448	0	0.01050965
6.439995	-329.3743	1.8	314.431	0	-0.9999985	0	0.001783192
6.459995	-329.1768	1.8	314.5224	0	-0.9999759	0	-0.006943398
6.479995	-328.9809	1.8	314.6172	0	-0.9998773	0	-0.01566946
6.499995	-328.7866	1.8	314.7151	0	-0.9997025	0	-0.02439433
6.519995	-328.594	1.8	314.8164	0	-0.9991245	0	-0.04183783
6.539995	-328.4057	1.8	314.924	0	-0.9987213	0	-0.05055513
6.559995	-328.2189	1.8	315.0356	0	-0.9982421	0	-0.05926858
6.579995	-328.034	1.8	315.1503	0	-0.9976869	0	-0.06797752
6.599995	-327.851	1.8	315.2681	0	-0.9963486	0	-0.08537921
6.619995	-327.6728	1.8	315.3918	0	-0.9955655	0	-0.09407063
6.639995	-327.4965	1.8	315.5192	0	-0.9947067	0	-0.1027549
6.659995	-327.3222	1.8	315.6496	0	-0.9937721	0	-0.1114313
6.679995	-327.1506	1.8	315.7849	0	-0.9927619	0	-0.1200993
6.699995	-326.9811	1.8	315.9221	0	-0.9905147	0	-0.1374071
6.719995	-326.8174	1.8	316.0658	0	-0.9892779	0	-0.1460456
6.739995	-326.6563	1.8	316.2141	0	-0.9879658	0	-0.154673
6.759995	-326.4978	1.8	316.3658	0	-0.9865783	0	-0.1632886
6.779994	-326.3411	1.8	316.5184	0	-0.9851158	0	-0.1718918
6.799994	-326.1868	1.8	316.6725	0	-0.9835783	0	-0.1804819
6.819994	-326.035	1.8	316.8288	0	-0.9802787	0	-0.1976203
6.839994	-325.89	1.8	316.9912	0	-0.9785168	0	-0.2061672
6.859994	-325.7482	1.8	317.1579	0	-0.9766804	0	-0.2146984
6.879994	-325.6093	1.8	317.3278	0	-0.9747697	0	-0.2232132
6.899994	-325.4735	1.8	317.5002	0	-0.9707256	0	-0.2401913
6.919994	-325.3444	1.8	317.677	0	-0.9685926	0	-0.2486532
6.939994	-325.2182	1.8	317.8567	0	-0.9663858	0	-0.2570962
6.959994	-325.0937	1.8	318.0368	0	-0.9641055	0	-0.2655196
6.979994	-324.9728	1.8	318.2196	0	-0.9617517	0	-0.2739228
6.999994	-324.8554	1.8	318.4048	0	-0.9593247	0	-0.2823052
7.019994	-324.7402	1.8	318.5905	0	-0.9568246	0	-0.290666
7.039994	-324.6288	1.8	318.779	0	-0.951619	0	-0.3072804
7.059994	-324.523	1.8	318.9685	0	-0.9489213	0	-0.3155129
7.079994	-324.4204	1.8	319.1605	0	-0.9461558	0	-0.3237118
7.099994	-324.3209	1.8	319.3541	0	-0.9433212	0	-0.3318814
7.119994	-324.2246	1.8	319.5493	0	-0.9404312	0	-0.3399839
7.139994	-324.1316	1.8	319.746	0	-0.9344629	0	-0.3560606
7.159994	-324.0459	1.8	319.9453	0	-0.9313797	0	-0.3640495
7.179994	-323.9636	1.8	320.1467	0	-0.9282292	0	-0.3720091
7.199994	-323.8846	1.8	320.3496	0	-0.9250111	0	-0.3799401
7.219994	-323.8089	1.8	320.5537	0	-0.921742	0	-0.3878037
7.239994	-323.7367	1.8	320.759	0	-0.9150422	0	-0.4033583
7.259994	-323.6718	1.8	320.966	0	-0.9116156	0	-0.4110441
7.279994	-323.6086	1.8	321.1736	0	-0.9081475	0	-0.4186504
7.299994	-323.5455	1.8	321.3799	0	-0.9046279	0	-0.4262024
7.319994	-323.4826	1.8	321.584	0	-0.9010698	0	-0.4336742
7.339994	-323.4196	1.8	321.7862	0	-0.8938665	0	-0.4483333
7.359994	-323.3578	1.8	321.9849	0	-0.8902298	0	-0.4555117
7.379994	-323.2993	1.8	322.1854	0	-0.8865738	0	-0.4625873
7.399994	-323.2437	1.8	322.3867	0	-0.8829205	0	-0.4695224
7.419994	-323.1912	1.8	322.5889	0	-0.8792632	0	-0.4763362
7.439994	-323.1418	1.8	322.7918	0	-0.8719279	0	-0.4896345
7.459994	-323.0992	1.8	322.9955	0	-0.8682292	0	-0.4961635
7.479994	-323.0597	1.8	323.2007	0	-0.8645141	0	-0.5026088
7.499994	-323.0231	1.8	323.4066	0	-0.8607675	0	-0.5089984
7.519994	-322.9893	1.8	323.6128	0	-0.8569821	0	-0.5153462
7.539994	-322.9586	1.8	323.8195	0	-0.8531541	0	-0.521659
7.559994	-322.9309	1.8	324.0266	0	-0.8453642	0	-0.5341904
7.579994	-322.9098	1.8	324.2338	0	-0.8414012	0	-0.5404109
7.599994	-322.8918	1.8	324.4421	0	-0.8373927	0	-0.5466017
7.619994	-322.8766	1.8	324.6506	0	-0.8333389	0	-0.5527625
7.639994	-322.8644	1.8	324.8593	0	-0.8292397	0	-0.5588931
7.659994	-322.8552	1.8	325.0681	0	-0.8209065	0	-0.5710627
7.679994	-322.8525	1.8	325.2763	0	-0.8166727	0	-0.5771011
7.699994	-322.853	1.8	325.4854	0	-0.81237	0	-0.5831423
7.719994	-322.8563	1.8	325.6945	0	-0.8080102	0	-0.5891686
7.739994	-322.8643	1.8	325.9037	0	-0.8035993	0	-0.5951707
7.759994	-322.8766	1.8	326.1132	0	-0.7946361	0	-0.6070861
7.779994	-322.9019	1.8	326.3233	0	-0.7900864	0	-0.6129954
7.799994	-322.952	1.8	326.539	0	-0.7854925	0	-0.6188712
7.819993	-323.051	1.8	326.7657	0	-0.780881	0	-0.6246798
7.839993	-323.1801	1.8	326.9978	0	-0.7762398	0	-0.6304377
7.859993	-323.3153	1.8	327.2289	0	-0.7673621	0	-0.6412141
7.879993	-323.4109	1.8	327.4466	0	-0.7651948	0	-0.6437988
7.899993	-323.4894	1.8	327.6503	0	-0.7641079	0	-0.6450884
7.919993	-323.5603	1.8	327.8329	0	-0.7635637	0	-0.6457325
7.939993	-323.6259	1.8	327.9938	0	-0.7632914	0	-0.6460544
7.959993	-323.6861	1.8	328.1329	0	-0.763087	0	-0.6462958
7.979993	-323.7355	1.8	328.2288	0	-0.7630529	0	-0.646336
7.999993	-323.7796	1.8	328.303	0	-0.7630359	0	-0.6463562
8.019994	-323.8185	1.8	328.3556	0	-0.7630274	0	-0.6463662
8.039994	-323.8526	1.8	328.3868	0	-0.7630231	0	-0.6463712
8.059995	-323.8847	1.8	328.4104	0	-0.7630199	0	-0.646375
8.079995	-323.9131	1.8	328.4309	0	-0.7630194	0	-0.6463756
8.099996	-323.9443	1.8	328.4506	0	-0.7630191	0	-0.6463759
8.119996	-323.9762	1.8	328.4702	0	-0.763019	0	-0.6463761
8.139997	-324.0082	1.8	328.4899	0	-0.763019	0	-0.6463762
8.159997	-324.0401	1.8	328.5096	0	-0.763019	0	-0.6463762
8.179997	-324.0721	1.8	328.5293	0	-0.763019	0	-0.6463762
8.199998	-324.104	1.8	328.549	0	-0.763019	0	-0.6463762
8.219998	-324.136	1.8	328.5687	0	-0.763019	0	-0.6463762
8.239999	-324.168	1.8	328.5881	0	-0.763019	0	-0.6463762
8.259999	-324.2534	1.8	328.4259	0	-0.763019	0	-0.6463762
8.28	-324.3834	1.8	328.2535	0	-0.763019	0	-0.6463762
8.3	-324.5312	1.8	328.0797	0	-0.763019	0	-0.6463762
8.320001	-324.6844	1.8	327.905	0	-0.763019	0	-0.6463762
8.340001	-324.8356	1.8	327.7315	0	-0.763019	0	-0.6463762
8.360002	-324.9594	1.8	327.57	0	-0.763019	0	-0.6463762
8.380002	-325.0728	1.8	327.4283	0	-0.763019	0	-0.6463762
8.400002	-325.1758	1.8	327.3065	0	-0.763019	0	-0.6463762
8.420003	-325.2683	1.8	327.2148	0	-0.763019	0	-0.6463762
8.440003	-325.3051	1.8	327.1941	0	-0.763019	0	-0.6463762
8.460004	-325.1532	1.8	327.3133	0	-0.763019	0	-0.6463762
8.480004	-324.9255	1.8	327.476	0	-0.763019	0	-0.6463762
8.500005	-324.7155	1.8	327.6412	0	-0.763019	0	-0.6463762
8.520005	-324.5267	1.8	327.809	0	-0.763019	0	-0.6463762
8.540006	-324.3584	1.8	327.98	0	-0.763019	0	-0.6463762
8.560006	-324.2276	1.8	328.1561	0	-0.763019	0	-0.6463762
8.580007	-324.101	1.8	328.3315	0	-0.763019	0	-0.6463762
8.600007	-323.9789	1.8	328.5064	0	-0.763019	0	-0.6463762
8.620008	-323.86	1.8	328.6803	0	-0.763019	0	-0.6463762
8.640008	-323.7431	1.8	328.8525	0	-0.763019	0	-0.6463762
8.660008	-323.6335	1.8	329.0246	0	-0.763019	0	-0.6463762
8.680009	-323.5291	1.8	329.2006	0	-0.763019	0	-0.6463762
8.700009	-323.4286	1.8	329.3806	0	-0.763019	0	-0.6463762
8.72001	-323.3296	1.8	329.5636	0	-0.763019	0	-0.6463762
8.74001	-323.2307	1.8	329.7475	0	-0.7630115	0	-0.6463851
8.760011	-323.1336	1.8	329.93	0	-0.7626177	0	-0.6468496
8.780011	-323.0409	1.8	330.111	0	-0.761209	0	-0.6485068
8.800012	-322.9492	1.8	330.2899	0	-0.7579108	0	-0.6523582
8.820012	-322.861	1.8	330.4672	0	-0.7533925	0	-0.6575712
8.840013	-322.7852	1.8	330.645	0	-0.7482321	0	-0.6634371
8.860013	-322.7342	1.8	330.8259	0	-0.7427202	0	-0.6696019
8.880013	-322.7187	1.8	331.0121	0	-0.7311547	0	-0.6822116
8.900014	-322.795	1.8	331.2112	0	-0.7252129	0	-0.6885247
8.920014	-322.9056	1.8	331.413	0	-0.7191967	0	-0.6948066
8.940015	-323.0608	1.8	331.6158	0	-0.713116	0	-0.701046
8.960015	-323.2418	1.8	331.8172	0	-0.7069762	0	-0.7072373
8.980016	-323.4332	1.8	332.016	0	-0.6945294	0	-0.7194643
9.000016	-323.6344	1.8	332.2076	0	-0.6882252	0	-0.7254972
9.020017	-323.8386	1.8	332.3964	0	-0.6818683	0	-0.7314751
9.040017	-324.0456	1.8	332.5819	0	-0.6754592	0	-0.7373974
9.060018	-324.2552	1.8	332.7641	0	-0.6689987	0	-0.7432637
9.080018	-324.4678	1.8	332.9428	0	-0.655925	0	-0.7548261
9.100019	-324.6856	1.8	333.1136	0	-0.649313	0	-0.7605213
9.120019	-324.9071	1.8	333.2807	0	-0.6426516	0	-0.7661586
9.140019	-325.1315	1.8	333.444	0	-0.6359412	0	-0.7717376
9.16002	-325.3587	1.8	333.6035	0	-0.6291824	0	-0.7772577
9.18002	-325.5885	1.8	333.7591	0	-0.6223757	0	-0.7827187
9.200021	-325.8209	1.8	333.9107	0	-0.6155216	0	-0.7881201
9.220021	-326.0558	1.8	334.0584	0	-0.6086205	0	-0.7934614
9.240022	-326.2932	1.8	334.2019	0	-0.5946801	0	-0.8039625
9.260022	-326.535	1.8	334.3366	0	-0.5876416	0	-0.8091214
9.280023	-326.7798	1.8	334.467	0	-0.5805584	0	-0.8142187
9.300023	-327.027	1.8	334.5932	0	-0.573431	0	-0.819254
9.320024	-327.2763	1.8	334.7152	0	-0.5662599	0	-0.8242269
9.340024	-327.5276	1.8	334.833	0	-0.5517889	0	-0.8339839
9.360024	-327.7823	1.8	334.9416	0	-0.54449	0	-0.8387673
9.380025	-328.0394	1.8	335.0457	0	-0.5371498	0	-0.8434869
9.400025	-328.2985	1.8	335.1453	0	-0.5297686	0	-0.8481422
9.420026	-328.5592	1.8	335.2406	0	-0.5223471	0	-0.852733
9.440026	-328.8215	1.8	335.3314	0	-0.5073853	0	-0.8617193
9.460027	-329.0861	1.8	335.4128	0	-0.4998462	0	-0.8661142
9.480027	-329.3527	1.8	335.4894	0	-0.4922689	0	-0.8704432
9.500028	-329.6207	1.8	335.5614	0	-0.4846543	0	-0.8747059
9.520028	-329.8899	1.8	335.6289	0	-0.4770027	0	-0.8789019
9.540029	-330.1602	1.8	335.6919	0	-0.4615911	0	-0.8870929
9.560029	-330.4319	1.8	335.7452	0	-0.4538322	0	-0.8910872
9.580029	-330.7051	1.8	335.7935	0	-0.4460388	0	-0.8950136
9.60003	-330.9792	1.8	335.8371	0	-0.4382115	0	-0.8988719
9.62003	-331.254	1.8	335.8761	0	-0.4303508	0	-0.9026617
9.640031	-331.5294	1.8	335.9104	0	-0.4145316	0	-0.910035
9.660031	-331.8051	1.8	335.935	0	-0.4065743	0	-0.9136177
9.680032	-332.0818	1.8	335.9545	0	-0.3985861	0	-0.9171309
9.700032	-332.359	1.8	335.9692	0	-0.3905676	0	-0.9205743
9.720033	-332.6364	1.8	335.9793	0	-0.3825193	0	-0.9239476
9.740033	-332.9139	1.8	335.9846	0	-0.3668862	0	-0.9302659
9.760034	-333.1859	1.8	335.982	0	-0.3635824	0	-0.9315621
9.780034	-333.4424	1.8	335.9945	0	-0.3619288	0	-0.9322058
9.800035	-333.6773	1.8	336.0123	0	-0.3611016	0	-0.9325265
9.820035	-333.8902	1.8	336.0264	0	-0.3606879	0	-0.9326866
9.840035	-334.0989	1.8	336.0406	0	-0.360481	0	-0.9327666
9.860036	-334.279	1.8	336.0576	0	-0.3603259	0	-0.9328266
9.880036	-334.2755	1.8	336.0721	0	-0.3603	0	-0.9328365
9.900037	-334.1544	1.8	336.086	0	-0.3602871	0	-0.9328415
9.920037	-333.9157	1.8	336.0995	0	-0.3602806	0	-0.932844
9.940038	-333.6356	1.8	336.1131	0	-0.3602774	0	-0.9328453
9.960038	-333.3555	1.8	336.1266	0	-0.360275	0	-0.9328462
9.980039	-333.0754	1.8	336.1401	0	-0.3602746	0	-0.9328464
10.00004	-332.7953	1.8	336.1536	0	-0.3602744	0	-0.9328464
10.02004	-332.5151	1.8	336.1671	0	-0.3602743	0	-0.9328465
10.04004	-332.235	1.8	336.1807	0	-0.3602743	0	-0.9328465
10.06004	-331.9549	1.8	336.1942	0	-0.3602742	0	-0.9328465
10.08004	-331.6748	1.8	336.2077	0	-0.3602742	0	-0.9328465
10.10004	-331.3947	1.8	336.2212	0	-0.3602742	0	-0.9328465
10.12004	-331.1145	1.8	336.2347	0	-0.3602742	0	-0.9328465
10.14004	-330.8344	1.8	336.2483	0	-0.3602742	0	-0.9328465
10.16004	-330.5543	1.8	336.2618	0	-0.3602742	0	-0.9328465
10.18004	-330.2742	1.8	336.2753	0	-0.3602742	0	-0.9328465
10.20004	-329.994	1.8	336.2888	0	-0.3602742	0	-0.9328465
10.22004	-329.7139	1.8	336.3023	0	-0.3602742	0	-0.9328465
10.24004	-329.4338	1.8	336.3159	0	-0.3602742	0	-0.9328465
10.26005	-329.1537	1.8	336.3294	0	-0.3602742	0	-0.9328465
10.28005	-328.8736	1.8	336.3429	0	-0.3602742	0	-0.9328465
10.30005	-328.5934	1.8	336.3564	0	-0.3602742	0	-0.9328465
10.32005	-328.3251	1.8	336.3797	0	-0.3602742	0	-0.9328465
10.34005	-328.0648	1.8	336.4095	0	-0.3602742	0	-0.9328465
10.36005	-327.8369	1.8	336.4669	0	-0.3602742	0	-0.9328465
10.38005	-327.6182	1.8	336.532	0	-0.3602742	0	-0.9328465
10.40005	-327.4107	1.8	336.6065	0	-0.3602742	0	-0.9328465
10.42005	-327.2134	1.8	336.6893	0	-0.3602742	0	-0.9328465
10.44005	-327.0276	1.8	336.7805	0	-0.3602742	0	-0.9328465
10.46005	-326.8547	1.8	336.8788	0	-0.3602742	0	-0.9328465
10.48005	-326.6851	1.8	336.9772	0	-0.3602742	0	-0.9328465
10.50005	-326.5201	1.8	337.0779	0	-0.3602742	0	-0.9328465
10.52005	-326.3615	1.8	337.1832	0	-0.3602742	0	-0.9328465
10.54005	-326.2105	1.8	337.2955	0	-0.3602742	0	-0.9328465
10.56005	-326.0757	1.8	337.4256	0	-0.3602742	0	-0.9328465
10.58005	-325.9476	1.8	337.5662	0	-0.3602742	0	-0.9328465
10.60005	-325.8237	1.8	337.7149	0	-0.3602742	0	-0.9328465
10.62005	-325.7018	1.8	337.8688	0	-0.3602742	0	-0.9328465
10.64005	-325.5801	1.8	338.0248	0	-0.3602742	0	-0.9328465
10.66005	-325.458	1.8	338.1812	0	-0.3602742	0	-0.9328465
#Walking Trial Way Points#
#TimeStamp#	#WayPonitX#	#WayPonitY#	#WayPonitZ#	#OrientationX#	#OrientationY#	#OrientationZ#	#OrientationW#	
0	-315	10	315	0	0	0	0
0.02	-315	1.8	355	0	0	0	0
10.68005	-291.4886	1.8	322.6393	0	0	0	0
#Walking Trial Path#
#TimeStamp#	#PositionX#	#PositionY#	#PositionZ#	#OrientationX#	#OrientationY#	#OrientationZ#	#OrientationW#	
0	-277.0749	1.8	306.5325	0	0	0	1
0.02	-278.9229	1.8	306.6747	0	0	0	1
0.04	-280.769	1.8	306.8243	0	0	0	1
0.06	-282.6133	1.8	306.982	0	0	0	1
0.08	-285.4238	1.8	307.3972	0	0	0	1
0.09999999	-287.2633	1.8	307.5732	0	0	0	1
0.12	-289.0999	1.8	307.7597	0	0	0	1
0.14	-290.9332	1.8	307.9579	0	0	0	1
0.16	-291.8068	1.8	307.8752	0	0	0	1
0.18	-293.6319	1.8	308.0998	0	0	0	1
0.2	-295.452	1.8	308.3397	0	0	0	1
0.22	-296.3256	1.8	308.257	0	0	0	1
0.24	-298.1328	1.8	308.5323	0	0	0	1
0.26	-299.9317	1.8	308.8287	0	0	0	1
0.28	-300.8053	1.8	308.746	0	0	0	1
0.3	-302.5818	1.8	309.0929	0	0	0	1
0.32	-304.343	1.8	309.4708	0	0	0	1
0.34	-305.2166	1.8	309.3881	0	0	0	1
0.36	-306.9327	1.8	309.844	0	0	0	1
0.38	-308.6146	1.8	310.35	0	0	0	1
0.4	-310.2468	1.8	310.9188	0	0	0	1
0.42	-311.1204	1.8	310.8361	0	0	0	1
0.4400001	-312.5717	1.8	311.5696	0	0	0	1
0.4600001	-313.4452	1.8	311.4869	0	0	0	1
0.4800001	-314.3188	1.8	311.4043	0	-0.002048039	0	0.9999979
0.5000001	-314.971	1.8	311.3277	0	-0.002048039	0	0.9999979
0.52	-315.6233	1.8	311.2511	0	-0.003375793	0	0.9999943
0.54	-316.0555	1.8	311.1819	0	-0.003375793	0	0.9999943
0.56	-316.4876	1.8	311.1128	0	-0.004343403	0	0.9999906
0.58	-316.7033	1.8	311.0557	0	-0.00513094	0	0.9999869
0.6	-316.7495	1.8	311.03	0	-0.005828439	0	0.9999831
0.6199999	-316.7496	1.8	311.029	0	-0.006480919	0	0.999979
0.6399999	-316.7492	1.8	310.9967	0	-0.006480919	0	0.999979
0.6599999	-316.7487	1.8	310.9645	0	-0.007110888	0	0.9999748
0.6799999	-316.7483	1.8	310.9322	0	-0.007729599	0	0.9999702
0.6999999	-316.7478	1.8	310.8985	0	-0.008342681	0	0.9999653
0.7199998	-316.7472	1.8	310.8662	0	-0.008342681	0	0.9999653
0.7399998	-316.7467	1.8	310.834	0	-0.008952945	0	0.99996
0.7599998	-316.7461	1.8	310.8017	0	-0.009561799	0	0.9999543
0.7799998	-316.7455	1.8	310.7695	0	-0.01016995	0	0.9999483
0.7999998	-316.7448	1.8	310.7372	0	-0.01016995	0	0.9999483
0.8199998	-316.7442	1.8	310.705	0	-0.01077774	0	0.9999419
0.8399997	-316.7435	1.8	310.6727	0	-0.01138535	0	0.9999352
0.8599997	-316.7428	1.8	310.6404	0	-0.01199287	0	0.9999281
0.8799997	-316.742	1.8	310.6082	0	-0.01260035	0	0.9999207
0.8999997	-316.7412	1.8	310.5759	0	-0.01260035	0	0.9999207
0.9199997	-316.7404	1.8	310.5437	0	-0.01320779	0	0.9999129
0.9399996	-316.7395	1.8	310.5114	0	-0.01381522	0	0.9999046
0.9599996	-316.7386	1.8	310.4792	0	-0.01442264	0	0.999896
0.9799996	-316.7377	1.8	310.4469	0	-0.01442264	0	0.999896
0.9999996	-316.7368	1.8	310.4146	0	-0.01503006	0	0.9998871
1.02	-316.7358	1.8	310.3824	0	-0.01563747	0	0.9998778
1.04	-316.7348	1.8	310.3501	0	-0.01563747	0	0.9998778
1.06	-316.7338	1.8	310.3179	0	-0.01624487	0	0.999868
1.08	-316.7328	1.8	310.2856	0	-0.01685226	0	0.999858
1.1	-316.7317	1.8	310.2534	0	-0.01745965	0	0.9998476
1.12	-316.7305	1.8	310.2212	0	-0.01745965	0	0.9998476
1.14	-316.7294	1.8	310.1889	0	-0.01806704	0	0.9998368
1.159999	-316.7282	1.8	310.1567	0	-0.01806704	0	0.9998368
1.179999	-316.7271	1.8	310.1245	0	-0.01867441	0	0.9998257
1.199999	-316.7258	1.8	310.0908	0	-0.01928178	0	0.9998142
1.219999	-316.7246	1.8	310.0586	0	-0.01988915	0	0.9998022
1.239999	-316.7232	1.8	310.0249	0	-0.01988915	0	0.9998022
1.259999	-316.7219	1.8	309.9912	0	-0.0204965	0	0.99979
1.279999	-316.7206	1.8	309.959	0	-0.02110385	0	0.9997773
1.299999	-316.7192	1.8	309.9267	0	-0.02110385	0	0.9997773
1.319999	-316.7178	1.8	309.8945	0	-0.02171119	0	0.9997643
1.339999	-316.7164	1.8	309.8623	0	-0.02231853	0	0.999751
1.359999	-316.715	1.8	309.83	0	-0.02292585	0	0.9997371
1.379999	-316.7135	1.8	309.7978	0	-0.02292585	0	0.9997372
1.399999	-316.7121	1.8	309.7656	0	-0.02353317	0	0.9997231
1.419999	-316.7105	1.8	309.7334	0	-0.02414048	0	0.9997086
1.439999	-316.709	1.8	309.7011	0	-0.02414048	0	0.9997086
1.459999	-316.7074	1.8	309.6689	0	-0.02474778	0	0.9996938
1.479999	-316.7058	1.8	309.6367	0	-0.02535507	0	0.9996786
1.499999	-316.7042	1.8	309.6045	0	-0.02596235	0	0.999663
1.519999	-316.7025	1.8	309.5722	0	-0.02717688	0	0.9996307
1.539999	-316.7007	1.8	309.5385	0	-0.02778413	0	0.999614
1.559999	-316.6989	1.8	309.5063	0	-0.02839136	0	0.999597
1.579999	-316.6971	1.8	309.4742	0	-0.02899859	0	0.9995794
1.599999	-316.6952	1.8	309.442	0	-0.02960581	0	0.9995617
1.619999	-316.6932	1.8	309.4083	0	-0.03021302	0	0.9995435
1.639999	-316.6913	1.8	309.3761	0	-0.0314274	0	0.9995061
1.659999	-316.6892	1.8	309.3439	0	-0.03203458	0	0.9994868
1.679999	-316.6871	1.8	309.3102	0	-0.03264173	0	0.9994672
1.699999	-316.6849	1.8	309.2766	0	-0.03324888	0	0.9994472
1.719999	-316.6827	1.8	309.2444	0	-0.03385602	0	0.9994268
1.739999	-316.6805	1.8	309.2122	0	-0.03507026	0	0.9993849
1.759999	-316.6783	1.8	309.18	0	-0.03567735	0	0.9993634
1.779999	-316.676	1.8	309.1479	0	-0.03628444	0	0.9993415
1.799999	-316.6736	1.8	309.1157	0	-0.03689151	0	0.9993193
1.819999	-316.6713	1.8	309.0835	0	-0.03749857	0	0.9992967
1.839999	-316.6689	1.8	309.0514	0	-0.03871265	0	0.9992505
1.859999	-316.6664	1.8	309.0192	0	-0.03931966	0	0.9992267
1.879999	-316.6638	1.8	308.987	0	-0.03992667	0	0.9992027
1.899999	-316.6613	1.8	308.9549	0	-0.04053365	0	0.9991782
1.919999	-316.6587	1.8	308.9227	0	-0.04114063	0	0.9991534
1.939999	-316.656	1.8	308.8906	0	-0.04235452	0	0.9991027
1.959999	-316.6533	1.8	308.8584	0	-0.04296146	0	0.9990768
1.979999	-316.6505	1.8	308.8263	0	-0.04356837	0	0.9990505
1.999999	-316.6476	1.8	308.7927	0	-0.04417526	0	0.9990239
2.019999	-316.6447	1.8	308.7606	0	-0.04478214	0	0.9989969
2.039999	-316.6418	1.8	308.7284	0	-0.04599585	0	0.9989417
2.059999	-316.6389	1.8	308.6963	0	-0.04660269	0	0.9989135
2.079999	-316.6359	1.8	308.6642	0	-0.0472095	0	0.998885
2.099999	-316.6328	1.8	308.6321	0	-0.04781629	0	0.9988562
2.119999	-316.6298	1.8	308.6	0	-0.04842307	0	0.998827
2.139999	-316.6266	1.8	308.5679	0	-0.04963657	0	0.9987674
2.159999	-316.6233	1.8	308.5343	0	-0.0502433	0	0.998737
2.179999	-316.6199	1.8	308.5007	0	-0.05085	0	0.9987063
2.199999	-316.6165	1.8	308.4672	0	-0.05145669	0	0.9986753
2.219999	-316.613	1.8	308.4337	0	-0.05145669	0	0.9986753
2.239999	-316.61	1.8	308.4025	0	-0.05145669	0	0.9986753
2.259999	-316.6096	1.8	308.3736	0	-0.05145669	0	0.9986753
2.279999	-316.6136	1.8	308.3456	0	-0.05145669	0	0.9986753
2.299999	-316.6218	1.8	308.3169	0	-0.05145669	0	0.9986753
2.319999	-316.6316	1.8	308.2872	0	-0.05145669	0	0.9986753
2.339998	-316.6415	1.8	308.2573	0	-0.05145669	0	0.9986753
2.359998	-316.6514	1.8	308.2274	0	-0.05145669	0	0.9986753
2.379998	-316.6613	1.8	308.1974	0	-0.05145669	0	0.9986753
2.399998	-316.675	1.8	308.2127	0	-0.05145669	0	0.9986753
2.419998	-316.6886	1.8	308.2279	0	-0.05145669	0	0.9986753
2.439998	-316.7143	1.8	308.345	0	-0.05145669	0	0.9986753
2.459998	-316.7483	1.8	308.5399	0	-0.05145669	0	0.9986753
2.479998	-316.7823	1.8	308.735	0	-0.05145669	0	0.9986753
2.499998	-316.8163	1.8	308.9302	0	-0.05145669	0	0.9986753
2.519998	-316.8503	1.8	309.1253	0	-0.05145669	0	0.9986753
2.539998	-316.8843	1.8	309.3205	0	-0.05145669	0	0.9986753
2.559998	-316.9183	1.8	309.5157	0	-0.05145669	0	0.9986753
2.579998	-316.9523	1.8	309.7108	0	-0.05145669	0	0.9986753
2.599998	-316.9863	1.8	309.906	0	-0.05145669	0	0.9986753
2.619998	-317.0203	1.8	310.1011	0	-0.05145669	0	0.9986753
2.639998	-317.0543	1.8	310.2963	0	-0.05145669	0	0.9986753
2.659998	-317.0883	1.8	310.4915	0	-0.05145669	0	0.9986753
2.679998	-317.1223	1.8	310.6866	0	-0.05145669	0	0.9986753
2.699998	-317.1563	1.8	310.8818	0	-0.05145669	0	0.9986753
2.719998	-317.1902	1.8	311.0769	0	-0.05145669	0	0.9986753
2.739998	-317.2242	1.8	311.2721	0	-0.05145669	0	0.9986753
2.759998	-317.2582	1.8	311.4673	0	-0.05145669	0	0.9986753
2.779998	-317.2922	1.8	311.6624	0	-0.05145669	0	0.9986753
2.799998	-317.3262	1.8	311.8576	0	-0.05145669	0	0.9986753
2.819998	-317.3602	1.8	312.0527	0	-0.05145669	0	0.9986753
2.839998	-317.3942	1.8	312.2479	0	-0.05145669	0	0.9986753
2.859998	-317.4282	1.8	312.4431	0	-0.05145669	0	0.9986753
2.879998	-317.4622	1.8	312.6382	0	-0.05145669	0	0.9986753
2.899998	-317.4962	1.8	312.8334	0	-0.05145669	0	0.9986753
2.919998	-317.5302	1.8	313.0285	0	-0.05145669	0	0.9986753
2.939998	-317.5536	1.8	313.2227	0	-0.05145669	0	0.9986753
2.959998	-317.5771	1.8	313.4168	0	-0.05145669	0	0.9986753
2.979998	-317.5744	1.8	313.6125	0	-0.05145669	0	0.9986753
2.999998	-317.542	1.8	313.811	0	-0.05145669	0	0.9986753
3.019998	-317.5096	1.8	314.0095	0	-0.05145669	0	0.9986753
3.039998	-317.4488	1.8	314.2115	0	-0.05145669	0	0.9986753
3.059998	-317.3672	1.8	314.4165	0	-0.05145669	0	0.9986753
3.079998	-317.2857	1.8	314.6216	0	-0.05145669	0	0.9986753
3.099998	-317.1882	1.8	314.829	0	-0.05145669	0	0.9986753
3.119998	-317.0809	1.8	315.0381	0	-0.05145669	0	0.9986753
3.139998	-316.9557	1.8	315.2491	0	-0.05145669	0	0.9986753
3.159998	-316.8109	1.8	315.4624	0	-0.05145669	0	0.9986753
3.179998	-316.666	1.8	315.6757	0	-0.05145669	0	0.9986753
3.199998	-316.5111	1.8	315.8904	0	-0.05145669	0	0.9986753
3.219998	-316.3432	1.8	316.1065	0	-0.05145669	0	0.9986753
3.239998	-316.1681	1.8	316.3235	0	-0.05145669	0	0.9986753
3.259998	-315.993	1.8	316.5406	0	-0.05145669	0	0.9986753
3.279998	-315.8162	1.8	316.7582	0	-0.05145669	0	0.9986753
3.299998	-315.6393	1.8	316.9758	0	-0.05145669	0	0.9986753
3.319998	-315.4625	1.8	317.1934	0	-0.05145669	0	0.9986753
3.339998	-315.2856	1.8	317.411	0	-0.05085436	0	0.9987062
3.359998	-315.1085	1.8	317.6284	0	-0.0486849	0	0.9988142
3.379997	-314.9307	1.8	317.845	0	-0.04370556	0	0.9990445
3.399997	-314.7517	1.8	318.0598	0	-0.04370556	0	0.9990445
3.419997	-314.5728	1.8	318.2746	0	-0.03685548	0	0.9993207
3.439997	-314.3922	1.8	318.4872	0	-0.02906857	0	0.9995774
3.459997	-314.2094	1.8	318.6974	0	-0.02081226	0	0.9997835
3.479997	-314.0239	1.8	318.9048	0	-0.02081226	0	0.9997835
3.499997	-313.8385	1.8	319.1122	0	-0.01232067	0	0.9999242
3.519997	-313.6502	1.8	319.3166	0	-0.003711255	0	0.9999931
3.539997	-313.4589	1.8	319.5179	0	0.004956901	0	0.9999878
3.559997	-313.2643	1.8	319.716	0	0.004956901	0	0.9999878
3.579997	-313.0698	1.8	319.9141	0	0.01365392	0	0.9999068
3.599997	-312.8721	1.8	320.1089	0	0.02236451	0	0.9997499
3.619997	-312.6711	1.8	320.3002	0	0.03108072	0	0.9995169
3.639997	-312.4669	1.8	320.488	0	0.03108072	0	0.9995169
3.659997	-312.2626	1.8	320.6759	0	0.03946048	0	0.9992211
3.679997	-312.0552	1.8	320.8602	0	0.03946048	0	0.9992211
3.699997	-311.8478	1.8	321.0445	0	0.04626737	0	0.9989291
3.719997	-311.6338	1.8	321.2224	0	0.04626737	0	0.9989291
3.739997	-311.4199	1.8	321.4004	0	0.04796877	0	0.9988489
3.759997	-311.2015	1.8	321.5794	0	0.04752329	0	0.9988701
3.779997	-310.9851	1.8	321.7573	0	0.04564299	0	0.9989578
3.799997	-310.771	1.8	321.9341	0	0.04258071	0	0.9990931
3.819997	-310.5594	1.8	322.1111	0	0.03799821	0	0.9992778
3.839997	-310.3505	1.8	322.2901	0	0.02519881	0	0.9996825
3.859997	-310.1472	1.8	322.4744	0	0.01731894	0	0.99985
3.879997	-309.9467	1.8	322.6586	0	0.009015515	0	0.9999594
3.899997	-309.7498	1.8	322.8447	0	0.0005002211	0	0.9999999
3.919997	-309.5567	1.8	323.034	0	-0.00812073	0	0.9999671
3.939997	-309.367	1.8	323.2237	0	-0.02549217	0	0.9996751
3.959997	-309.1859	1.8	323.4177	0	-0.03420171	0	0.9994149
3.979997	-309.0099	1.8	323.6167	0	-0.04291526	0	0.9990788
3.999997	-308.8387	1.8	323.8205	0	-0.05162885	0	0.9986664
4.019997	-308.672	1.8	324.0286	0	-0.06034015	0	0.9981779
4.039997	-308.5079	1.8	324.2444	0	-0.07775036	0	0.9969729
4.059997	-308.3497	1.8	324.4625	0	-0.08644732	0	0.9962565
4.079997	-308.1956	1.8	324.6849	0	-0.0951378	0	0.9954641
4.099997	-308.0444	1.8	324.907	0	-0.1038211	0	0.994596
4.119997	-307.8978	1.8	325.1341	0	-0.1204923	0	0.9927143
4.139997	-307.7592	1.8	325.3637	0	-0.1262593	0	0.9919973
4.159997	-307.625	1.8	325.595	0	-0.1291413	0	0.9916263
4.179997	-307.4948	1.8	325.829	0	-0.1305818	0	0.9914376
4.199997	-307.3673	1.8	326.0622	0	-0.131302	0	0.9913425
4.219997	-307.2418	1.8	326.2939	0	-0.131662	0	0.9912947
4.239997	-307.1196	1.8	326.5256	0	-0.1315472	0	0.9913099
4.259997	-307.004	1.8	326.7613	0	-0.1309543	0	0.9913884
4.279997	-306.8867	1.8	326.998	0	-0.1301436	0	0.9914952
4.299997	-306.769	1.8	327.2346	0	-0.129224	0	0.9916155
4.319997	-306.6508	1.8	327.4709	0	-0.127395	0	0.9918521
4.339997	-306.5314	1.8	327.7065	0	-0.1269466	0	0.9919096
4.359997	-306.4121	1.8	327.9424	0	-0.1267224	0	0.9919382
4.379997	-306.2927	1.8	328.1782	0	-0.1266102	0	0.9919525
4.399997	-306.1732	1.8	328.4139	0	-0.1265542	0	0.9919597
4.419997	-306.0537	1.8	328.6497	0	-0.1265121	0	0.9919651
4.439997	-305.9407	1.8	328.8812	0	-0.1265051	0	0.9919659
4.459997	-305.8374	1.8	329.1102	0	-0.1265016	0	0.9919664
4.479997	-305.7429	1.8	329.3368	0	-0.1264998	0	0.9919667
4.499997	-305.6659	1.8	329.5587	0	-0.126499	0	0.9919668
4.519997	-305.6044	1.8	329.7763	0	-0.1264983	0	0.9919668
4.539997	-305.5709	1.8	329.9852	0	-0.1264982	0	0.9919668
4.559997	-305.5485	1.8	330.1896	0	-0.1264981	0	0.9919668
4.579997	-305.5314	1.8	330.3908	0	-0.1265097	0	0.9919654
4.599997	-305.5159	1.8	330.5894	0	-0.1285384	0	0.9917046
4.619997	-305.5018	1.8	330.7854	0	-0.1405535	0	0.9900731
4.639997	-305.4958	1.8	330.976	0	-0.14831	0	0.988941
4.659997	-305.4995	1.8	331.1637	0	-0.1564959	0	0.9876786
4.679996	-305.5157	1.8	331.3487	0	-0.16489	0	0.986312
4.699996	-305.5463	1.8	331.5312	0	-0.1733815	0	0.9848548
4.719996	-305.5917	1.8	331.7116	0	-0.1904615	0	0.9816947
4.739996	-305.6642	1.8	331.888	0	-0.1990074	0	0.979998
4.759996	-305.7453	1.8	332.0635	0	-0.2075451	0	0.9782255
4.779996	-305.8325	1.8	332.2377	0	-0.2160703	0	0.9763778
4.799996	-305.9242	1.8	332.4106	0	-0.2245808	0	0.9744555
4.819996	-306.0195	1.8	332.5818	0	-0.2415519	0	0.9703879
4.839996	-306.1213	1.8	332.7489	0	-0.2500107	0	0.9682431
4.859996	-306.2265	1.8	332.9147	0	-0.2584505	0	0.9660245
4.879996	-306.3345	1.8	333.0788	0	-0.2668706	0	0.9637324
4.899996	-306.4452	1.8	333.2411	0	-0.2752705	0	0.9613668
4.919996	-306.5585	1.8	333.4014	0	-0.2920068	0	0.9564162
4.939996	-306.6771	1.8	333.557	0	-0.3003418	0	0.9538316
4.959996	-306.7991	1.8	333.7109	0	-0.3045009	0	0.9525121
4.979996	-306.9236	1.8	333.8637	0	-0.3065782	0	0.9518455
4.999996	-307.0497	1.8	334.0159	0	-0.3081352	0	0.9513426
5.019996	-307.1772	1.8	334.1678	0	-0.3083946	0	0.9512585
5.039996	-307.3043	1.8	334.3197	0	-0.3085243	0	0.9512165
5.059996	-307.4314	1.8	334.4716	0	-0.3085892	0	0.9511955
5.079996	-307.5585	1.8	334.6235	0	-0.3086216	0	0.9511849
5.099996	-307.676	1.8	334.7798	0	-0.3086459	0	0.9511771
5.119996	-307.7549	1.8	334.9612	0	-0.30865	0	0.9511757
5.139996	-307.8102	1.8	335.1607	0	-0.308652	0	0.9511751
5.159996	-307.848	1.8	335.3743	0	-0.308653	0	0.9511748
5.179996	-307.8702	1.8	335.6003	0	-0.3086535	0	0.9511746
5.199996	-307.8764	1.8	335.8387	0	-0.3086539	0	0.9511744
5.219996	-307.8478	1.8	336.1037	0	-0.3086539	0	0.9511744
5.239996	-307.8196	1.8	336.3663	0	-0.308654	0	0.9511744
5.259996	-307.7907	1.8	336.6322	0	-0.308654	0	0.9511744
5.279996	-307.7586	1.8	336.9001	0	-0.308654	0	0.9511744
5.299996	-307.7227	1.8	337.1706	0	-0.308654	0	0.9511744
5.319996	-307.6794	1.8	337.4467	0	-0.308654	0	0.9511744
5.339996	-307.636	1.8	337.7229	0	-0.308654	0	0.9511744
5.359996	-307.593	1.8	337.9966	0	-0.308654	0	0.9511744
5.379996	-307.549	1.8	338.2736	0	-0.308654	0	0.9511744
5.399996	-307.5049	1.8	338.5505	0	-0.3086027	0	0.9511911
5.419996	-307.4608	1.8	338.8274	0	-0.307722	0	0.9514764
5.439996	-307.4162	1.8	339.1042	0	-0.3046559	0	0.9524626
5.459996	-307.3702	1.8	339.3804	0	-0.2993639	0	0.9541391
5.479996	-307.3221	1.8	339.6556	0	-0.2925448	0	0.9562519
5.499996	-307.2713	1.8	339.9298	0	-0.2925448	0	0.9562519
5.519996	-307.2205	1.8	340.204	0	-0.2849499	0	0.9585425
5.539996	-307.1664	1.8	340.4772	0	-0.2849499	0	0.9585425
5.559996	-307.1123	1.8	340.7503	0	-0.2769558	0	0.9608827
5.579996	-307.0545	1.8	341.0224	0	-0.2687512	0	0.9632097
5.599996	-306.9927	1.8	341.2933	0	-0.2620626	0	0.9650509
5.619996	-306.9267	1.8	341.5633	0	-0.2582942	0	0.9660664
5.639996	-306.8567	1.8	341.8328	0	-0.2564085	0	0.9665685
5.659996	-306.7838	1.8	342.1026	0	-0.2564085	0	0.9665685
5.679996	-306.711	1.8	342.3724	0	-0.2554653	0	0.9668183
5.699996	-306.6367	1.8	342.6425	0	-0.2564344	0	0.9665616
5.719995	-306.5805	1.8	342.9019	0	-0.2564344	0	0.9665617
5.739995	-306.5244	1.8	343.1612	0	-0.2606438	0	0.9654351
5.759995	-306.4864	1.8	343.4088	0	-0.2669542	0	0.9637093
5.779995	-306.4661	1.8	343.6444	0	-0.2743037	0	0.9616432
5.799995	-306.4633	1.8	343.8681	0	-0.2743037	0	0.9616432
5.819995	-306.4606	1.8	344.0917	0	-0.2821611	0	0.959367
5.839995	-306.4683	1.8	344.307	0	-0.290261	0	0.9569476
5.859995	-306.5331	1.8	344.4857	0	-0.290261	0	0.9569476
5.879995	-306.5978	1.8	344.6643	0	-0.2984705	0	0.9544189
5.899995	-306.7404	1.8	344.7935	0	-0.306723	0	0.9517989
5.919995	-306.9579	1.8	344.8747	0	-0.306723	0	0.9517989
5.939995	-307.1753	1.8	344.9559	0	-0.3149848	0	0.9490967
5.959995	-307.433	1.8	345.009	0	-0.323239	0	0.9463174
5.979995	-307.704	1.8	345.0499	0	-0.323239	0	0.9463174
5.999995	-307.9751	1.8	345.0907	0	-0.3314767	0	0.9434634
6.019995	-308.25	1.8	345.1252	0	-0.3314767	0	0.9434634
6.039995	-308.5249	1.8	345.1596	0	-0.3396933	0	0.9405363
6.059995	-308.7982	1.8	345.1914	0	-0.347886	0	0.9375369
6.079995	-309.0565	1.8	345.2075	0	-0.3553424	0	0.9347363
6.099995	-309.2975	1.8	345.2049	0	-0.3553424	0	0.9347363
6.119995	-309.5384	1.8	345.2023	0	-0.3595857	0	0.9331121
6.139995	-309.7506	1.8	345.1676	0	-0.3595857	0	0.9331121
6.159995	-309.9627	1.8	345.1329	0	-0.3617045	0	0.9322929
6.179995	-310.1302	1.8	345.0464	0	-0.3620042	0	0.9321765
6.199995	-310.2379	1.8	344.8879	0	-0.3606462	0	0.9327027
6.219995	-310.2899	1.8	344.6591	0	-0.3606462	0	0.9327027
6.239995	-310.3419	1.8	344.4303	0	-0.3581817	0	0.9336519
6.259995	-310.3747	1.8	344.197	0	-0.3549635	0	0.9348802
6.279995	-310.4048	1.8	343.9661	0	-0.3512067	0	0.936298
6.299995	-310.4261	1.8	343.739	0	-0.3512067	0	0.936298
6.319995	-310.4474	1.8	343.512	0	-0.3470578	0	0.9378437
6.339995	-310.4571	1.8	343.2901	0	-0.3426688	0	0.9394563
6.359995	-310.461	1.8	343.0718	0	-0.3380361	0	0.9411331
6.379995	-310.4629	1.8	342.8563	0	-0.3380361	0	0.9411331
6.399995	-310.4648	1.8	342.6408	0	-0.333038	0	0.9429134
6.419995	-310.4626	1.8	342.4286	0	-0.3273326	0	0.9449092
6.439995	-310.4497	1.8	342.2234	0	-0.3209053	0	0.9471113
6.459995	-310.4323	1.8	342.0224	0	-0.3140271	0	0.949414
6.479995	-310.4138	1.8	341.8242	0	-0.3140271	0	0.949414
6.499995	-310.3954	1.8	341.6261	0	-0.3065118	0	0.9518669
6.519995	-310.3758	1.8	341.4307	0	-0.2985855	0	0.9543829
6.539995	-310.3525	1.8	341.2389	0	-0.2904421	0	0.9568926
6.559995	-310.3226	1.8	341.0511	0	-0.2904421	0	0.9568926
6.579995	-310.2926	1.8	340.8632	0	-0.2821791	0	0.9593618
6.599995	-310.2531	1.8	340.6796	0	-0.2738458	0	0.9617736
6.619995	-310.2016	1.8	340.4997	0	-0.2654672	0	0.9641199
6.639995	-310.1376	1.8	340.3224	0	-0.257056	0	0.9663965
6.659995	-310.0626	1.8	340.1457	0	-0.257056	0	0.9663965
6.679995	-309.9877	1.8	339.969	0	-0.2401603	0	0.9707333
6.699995	-309.9017	1.8	339.786	0	-0.2316815	0	0.9727917
6.719995	-309.8184	1.8	339.6048	0	-0.2231844	0	0.9747763
6.739995	-309.737	1.8	339.4253	0	-0.2146699	0	0.9766867
6.759995	-309.6592	1.8	339.2459	0	-0.1975919	0	0.9802844
6.779994	-309.5906	1.8	339.0645	0	-0.18903	0	0.9819713
6.799994	-309.5268	1.8	338.8802	0	-0.1804536	0	0.9835835
6.819994	-309.4671	1.8	338.6938	0	-0.1718634	0	0.9851208
6.839994	-309.4109	1.8	338.506	0	-0.1632602	0	0.9865831
6.859994	-309.3583	1.8	338.317	0	-0.1460171	0	0.9892821
6.879994	-309.3129	1.8	338.1268	0	-0.1373785	0	0.9905187
6.899994	-309.2708	1.8	337.9349	0	-0.1287295	0	0.9916798
6.919994	-309.232	1.8	337.7423	0	-0.1200707	0	0.9927654
6.939994	-309.1963	1.8	337.5492	0	-0.1114027	0	0.9937754
6.959994	-309.1639	1.8	337.3555	0	-0.09404195	0	0.9955682
6.979994	-309.1386	1.8	337.1615	0	-0.08535051	0	0.996351
6.999994	-309.1169	1.8	336.9663	0	-0.07665258	0	0.9970579
7.019994	-309.0836	1.8	336.7747	0	-0.0679488	0	0.9976888
7.039994	-309.0356	1.8	336.5859	0	-0.05923984	0	0.9982438
7.059994	-308.9669	1.8	336.3994	0	-0.04180906	0	0.9991256
7.079994	-308.8503	1.8	336.2136	0	-0.03308856	0	0.9994524
7.099994	-308.7248	1.8	336.0244	0	-0.02436555	0	0.9997032
7.119994	-308.593	1.8	335.8332	0	-0.01564068	0	0.9998777
7.139994	-308.4589	1.8	335.6393	0	-0.006914612	0	0.9999761
7.159994	-308.3134	1.8	335.4443	0	0.01053843	0	0.9999445
7.179994	-308.1322	1.8	335.2412	0	0.01926408	0	0.9998145
7.199994	-307.9427	1.8	335.0359	0	0.02798826	0	0.9996083
#Walking Trial Way Points#
#TimeStamp#	#WayPonitX#	#WayPonitY#	#WayPonitZ#	#OrientationX#	#OrientationY#	#OrientationZ#	#OrientationW#	
0	-315	10	315	0	0	0	0
5.239996	-315	1.8	355	0	0	0	0
7.219994	-291.4886	1.8	322.6393	0	0	0	0
