#Segway Trial Path#
#TimeStamp#	#PositionX#	#PositionY#	#PositionZ#	#OrientationX#	#OrientationY#	#OrientationZ#	#OrientationW#	
0	-315	1.8	-315	0	0	0	1
0.02	-315	1.8	-315	0	0.004112324	0	0.9999915
0.04	-315	1.8	-315	0	0.008203046	0	0.9999664
0.06	-315	1.8	-315	0	0.01227221	0	0.9999247
0.08	-315	1.8	-315	0	0.01227221	0	0.9999247
0.09999999	-315	1.8	-315	0	0.01631987	0	0.9998669
0.12	-315	1.8	-315	0	0.01631987	0	0.9998669
0.14	-315	1.8	-315	0	0.01631987	0	0.9998669
0.16	-315	1.8	-315	0	0.01631987	0	0.9998669
0.18	-315	1.8	-315	0	0.01631987	0	0.9998669
0.2	-315	1.8	-315	0	0.02034608	0	0.9997931
0.22	-315	1.8	-315	0	0.02034608	0	0.9997931
0.24	-315	1.8	-315	0	0.02034608	0	0.9997931
0.26	-315	1.8	-315	0	0.02034608	0	0.9997931
0.28	-315	1.8	-315	0	0.02034608	0	0.9997931
0.3	-315	1.8	-315	0	0.02435087	0	0.9997035
0.32	-315	1.8	-315	0	0.02435087	0	0.9997035
0.34	-315	1.8	-315	0	0.02435087	0	0.9997035
0.36	-315	1.8	-315	0	0.02435087	0	0.9997035
0.38	-315	1.8	-315	0	0.02435087	0	0.9997035
0.4	-315	1.8	-315	0	0.02833431	0	0.9995986
0.42	-315	1.8	-315	0	0.02833431	0	0.9995986
0.4400001	-315	1.8	-315	0	0.02833431	0	0.9995986
0.4600001	-315	1.8	-315	0	0.02833431	0	0.9995986
0.4800001	-315	1.8	-315	0	0.02833431	0	0.9995986
0.5000001	-315	1.8	-315	0	0.03229644	0	0.9994784
0.52	-315	1.8	-315	0	0.03229644	0	0.9994784
0.54	-315	1.8	-315	0	0.03229644	0	0.9994784
0.56	-315	1.8	-315	0	0.03229644	0	0.9994784
0.58	-315	1.8	-315	0	0.03229644	0	0.9994784
0.6	-315	1.8	-315	0	0.03623733	0	0.9993433
0.6199999	-315	1.8	-315	0	0.03623733	0	0.9993433
0.6399999	-315	1.8	-315	0	0.03623733	0	0.9993433
0.6599999	-315	1.8	-315	0	0.03623733	0	0.9993433
0.6799999	-315	1.8	-315	0	0.03623733	0	0.9993433
0.6999999	-315	1.8	-315	0	0.04015702	0	0.9991934
0.7199998	-315	1.8	-315	0	0.04015702	0	0.9991934
0.7399998	-315	1.8	-315	0	0.04015702	0	0.9991934
0.7599998	-315	1.8	-315	0	0.04015702	0	0.9991934
0.7799998	-315	1.8	-315	0	0.04405557	0	0.9990291
0.7999998	-315	1.8	-315	0	0.04405557	0	0.9990291
0.8199998	-315	1.8	-315	0	0.04405557	0	0.9990291
0.8399997	-315	1.8	-315	0	0.04405557	0	0.9990291
0.8599997	-315	1.8	-315	0	0.04405557	0	0.9990291
0.8799997	-315	1.8	-315	0	0.04793305	0	0.9988506
0.8999997	-315	1.8	-315	0	0.0517895	0	0.9986581
0.9199997	-315	1.8	-315	0	0.0517895	0	0.9986581
0.9399996	-315	1.8	-315	0	0.0517895	0	0.9986581
0.9599996	-315	1.8	-315	0	0.055625	0	0.9984518
0.9799996	-315	1.8	-315	0	0.055625	0	0.9984518
0.9999996	-315	1.8	-315	0	0.05943961	0	0.9982319
1.02	-315	1.8	-315	0	0.06323338	0	0.9979988
1.04	-315	1.8	-315	0	0.06700637	0	0.9977526
1.06	-315	1.8	-315	0	0.07075866	0	0.9974935
1.08	-315	1.8	-315	0	0.07449032	0	0.9972218
1.1	-315	1.8	-315	0	0.07449032	0	0.9972218
1.12	-315	1.8	-315	0	0.07820139	0	0.9969376
1.14	-315	1.8	-315	0	0.08189197	0	0.9966413
1.159999	-315	1.8	-315	0	0.0855621	0	0.9963329
1.179999	-315	1.8	-315	0	0.08921187	0	0.9960127
1.199999	-315	1.8	-315	0	0.09284133	0	0.9956809
1.219999	-315	1.8	-315	0	0.09645057	0	0.9953378
1.239999	-315	1.8	-315	0	0.1000397	0	0.9949835
1.259999	-315	1.8	-315	0	0.1000397	0	0.9949835
1.279999	-315	1.8	-315	0	0.1036087	0	0.9946182
1.299999	-315	1.8	-315	0	0.1071577	0	0.9942421
1.319999	-315	1.8	-315	0	0.1106867	0	0.9938554
1.339999	-315	1.8	-315	0	0.1141959	0	0.9934583
1.359999	-315	1.8	-315	0	0.1176853	0	0.9930509
1.379999	-315	1.8	-315	0	0.121155	0	0.9926336
1.399999	-315	1.8	-315	0	0.1246051	0	0.9922065
1.419999	-315	1.8	-315	0	0.1280356	0	0.9917696
1.439999	-315	1.8	-315	0	0.1314466	0	0.9913233
1.459999	-315	1.8	-315	0	0.1314466	0	0.9913233
1.479999	-315	1.8	-315	0	0.1348382	0	0.9908677
1.499999	-315	1.8	-315	0	0.1382105	0	0.9904029
1.519999	-315	1.8	-315	0	0.1382105	0	0.9904029
1.539999	-315	1.8	-315	0	0.1415636	0	0.9899291
1.559999	-315	1.8	-315	0	0.1448975	0	0.9894467
1.579999	-315	1.8	-315	0	0.1482123	0	0.9889556
1.599999	-315	1.8	-315	0	0.1547849	0	0.9879482
1.619999	-315	1.8	-315	0	0.1580429	0	0.9874323
1.639999	-315	1.8	-315	0	0.1612821	0	0.9869084
1.659999	-315	1.8	-315	0	0.1645027	0	0.9863766
1.679999	#Segway Trial Path#
#TimeStamp#	#PositionX#	#PositionY#	#PositionZ#	#OrientationX#	#OrientationY#	#OrientationZ#	#OrientationW#	
0	-315	1.8	-315	0	0	0	1
0.02	-315	1.8	-315	0	0.004112324	0	0.9999915
0.04	-315	1.8	-315	0	0.008203046	0	0.9999664
0.06	-315	1.8	-315	0	0.01227221	0	0.9999247
0.08	-315	1.8	-315	0	0.01227221	0	0.9999247
0.09999999	-315	1.8	-315	0	0.01227221	0	0.9999247
0.12	-315	1.8	-315	0	0.01227221	0	0.9999247
0.14	-315	1.8	-315	0	0.01631987	0	0.9998669
0.16	-315	1.8	-315	0	0.01631987	0	0.9998669
0.18	-315	1.8	-315	0	0.01631987	0	0.9998669
0.2	-315	1.8	-315	0	0.01631987	0	0.9998669
0.22	-315	1.8	-315	0	0.01631987	0	0.9998669
0.24	-315	1.8	-315	0	0.02034608	0	0.9997931
0.26	-315	1.8	-315	0	0.02034608	0	0.9997931
0.28	-315	1.8	-315	0	0.02034608	0	0.9997931
0.3	-315	1.8	-315	0	0.02034608	0	0.9997931
0.32	-315	1.8	-315	0	0.02034608	0	0.9997931
0.34	-315	1.8	-315	0	0.02435087	0	0.9997035
0.36	-315	1.8	-315	0	0.02435087	0	0.9997035
0.38	-315	1.8	-315	0	0.02435087	0	0.9997035
0.4	-315	1.8	-315	0	0.02435087	0	0.9997035
0.42	-315	1.8	-315	0	0.02435087	0	0.9997035
0.4400001	-315	1.8	-315	0	0.02833431	0	0.9995986
0.4600001	-315	1.8	-315	0	0.02833431	0	0.9995986
0.4800001	-315	1.8	-315	0	0.02833431	0	0.9995986
0.5000001	-315	1.8	-315	0	0.02833431	0	0.9995986
0.52	-315	1.8	-315	0	0.02833431	0	0.9995986
0.54	-315	1.8	-315	0	0.03229644	0	0.9994784
0.56	-315	1.8	-315	0	0.03229644	0	0.9994784
0.58	-315	1.8	-315	0	0.03229644	0	0.9994784
0.6	-315	1.8	-315	0	0.03229644	0	0.9994784
0.6199999	-315	1.8	-315	0	0.03229644	0	0.9994784
0.6399999	-315	1.8	-315	0	0.03623733	0	0.9993433
0.6599999	-315	1.8	-315	0	0.03623733	0	0.9993433
0.6799999	-315	1.8	-315	0	0.03623733	0	0.9993433
0.6999999	-315	1.8	-315	0	0.03623733	0	0.9993433
0.7199998	-315	1.8	-315	0	0.04015702	0	0.9991934
0.7399998	-315	1.8	-315	0	0.04015702	0	0.9991934
0.7599998	-315	1.8	-315	0	0.04015702	0	0.9991934
0.7799998	-315	1.8	-315	0	0.04015702	0	0.9991934
0.7999998	-315	1.8	-315	0	0.04015702	0	0.9991934
0.8199998	-315	1.8	-315	0	0.04405557	0	0.9990291
0.8399997	-315	1.8	-315	0	0.04405557	0	0.9990291
0.8599997	-315	1.8	-315	0	0.04405557	0	0.9990291
0.8799997	-315	1.8	-315	0	0.04405557	0	0.9990291
0.8999997	-315	1.8	-315	0	0.04405557	0	0.9990291
0.9199997	-315	1.8	-315	0	0.04793305	0	0.9988506
0.9399996	-315	1.8	-315	0	0.04793305	0	0.9988506
0.9599996	-315	1.8	-315	0	0.04793305	0	0.9988506
0.9799996	-315	1.8	-315	0	0.04793305	0	0.9988506
0.9999996	-315	1.8	-315	0	0.04793305	0	0.9988506
1.02	-315	1.8	-315	0	0.0517895	0	0.9986581
1.04	-315	1.8	-315	0	0.0517895	0	0.9986581
1.06	-315	1.8	-315	0	0.0517895	0	0.9986581
1.08	-315	1.8	-315	0	0.0517895	0	0.9986581
1.1	-315	1.8	-315	0	0.0517895	0	0.9986581
1.12	-315	1.8	-315	0	0.055625	0	0.9984518
1.14	-315	1.8	-315	0	0.055625	0	0.9984518
1.159999	-315	1.8	-315	0	0.055625	0	0.9984518
1.179999	-315	1.8	-315	0	0.055625	0	0.9984518
1.199999	-315	1.8	-315	0	0.055625	0	0.9984518
1.219999	-315	1.8	-315	0	0.05943961	0	0.9982319
1.239999	-315	1.8	-315	0	0.05943961	0	0.9982319
1.259999	-315	1.8	-315	0	0.05943961	0	0.9982319
1.279999	-315	1.8	-315	0	0.05943961	0	0.9982319
1.299999	-315	1.8	-315	0	0.05943961	0	0.9982319
1.319999	-315	1.8	-315	0	0.06323338	0	0.9979988
1.339999	-315	1.8	-315	0	0.06323338	0	0.9979988
1.359999	-315	1.8	-315	0	0.06323338	0	0.9979988
1.379999	-315	1.8	-315	0	0.06323338	0	0.9979988
1.399999	-315	1.8	-315	0	0.06323338	0	0.9979988
1.419999	-315	1.8	-315	0	0.06700637	0	0.9977526
1.439999	-315	1.8	-315	0	0.06700637	0	0.9977526
1.459999	-315	1.8	-315	0	0.06700637	0	0.9977526
1.479999	-315	1.8	-315	0	0.06700637	0	0.9977526
1.499999	-315	1.8	-315	0	0.06700637	0	0.9977526
1.519999	-315	1.8	-315	0	0.07075866	0	0.9974935
1.539999	-315	1.8	-315	0	0.07075866	0	0.9974935
1.559999	-315	1.8	-315	0	0.07075866	0	0.9974935
1.579999	-315	1.8	-315	0	0.07075866	0	0.9974935
1.599999	-315	1.8	-315	0	0.07075866	0	0.9974935
1.619999	-315	1.8	-315	0	0.07449032	0	0.9972218
1.639999	-315	1.8	-315	0	0.07449032	0	0.9972218
1.659999	-315	1.8	-315	0	0.07449032	0	0.9972218
1.679999	-315	1.8	-315	0	0.07449032	0	0.9972218
1.699999	-315	1.8	-315	0	0.07449032	0	0.9972218
1.719999	-315	1.8	-315	0	0.07820139	0	0.9969376
1.739999	-315	1.8	-315	0	0.0782014	0	0.9969376
1.759999	-315	1.8	-315	0	0.0782014	0	0.9969376
1.779999	-315	1.8	-315	0	0.0782014	0	0.9969376
1.799999	-315	1.8	-315	0	0.0782014	0	0.9969376
1.819999	-315	1.8	-315	0	0.08189197	0	0.9966413
1.839999	-315	1.8	-315	0	0.08189197	0	0.9966413
1.859999	-315	1.8	-315	0	0.08189197	0	0.9966413
1.879999	-315	1.8	-315	0	0.08189197	0	0.9966413
1.899999	-315	1.8	-315	0	0.08189197	0	0.9966413
1.919999	-315	1.8	-315	0	0.0855621	0	0.9963329
1.939999	-315	1.8	-315	0	0.0855621	0	0.9963329
1.959999	-315	1.8	-315	0	0.0855621	0	0.9963329
1.979999	-315	1.8	-315	0	0.0855621	0	0.9963329
1.999999	-315	1.8	-315	0	0.0855621	0	0.9963329
2.019999	-315	1.8	-315	0	0.08921187	0	0.9960127
2.039999	-315	1.8	-315	0	0.08921187	0	0.9960127
2.059999	-315	1.8	-315	0	0.08921187	0	0.9960127
2.079999	-315	1.8	-315	0	0.08921187	0	0.9960127
2.099999	-315	1.8	-315	0	0.08921187	0	0.9960127
2.119999	-315	1.8	-315	0	0.09284133	0	0.9956809
2.139999	-315	1.8	-315	0	0.09284133	0	0.9956809
2.159999	-315	1.8	-315	0	0.09284133	0	0.9956809
2.179999	-315	1.8	-315	0	0.09284133	0	0.9956809
2.199999	-315	1.8	-315	0	0.09284133	0	0.9956809
2.219999	-315	1.8	-315	0	0.09645057	0	0.9953378
2.239999	-315	1.8	-315	0	0.09645057	0	0.9953378
2.259999	-315	1.8	-315	0	0.09645057	0	0.9953378
2.279999	-315	1.8	-315	0	0.09645057	0	0.9953378
2.299999	-315	1.8	-315	0	0.09645057	0	0.9953378
2.319999	-315	1.8	-315	0	0.1000397	0	0.9949835
2.339998	-315	1.8	-315	0	0.1000397	0	0.9949835
2.359998	-315	1.8	-315	0	0.1000397	0	0.9949835
2.379998	-315	1.8	-315	0	0.1000397	0	0.9949835
2.399998	-315	1.8	-315	0	0.1000397	0	0.9949835
2.419998	-315	1.8	-315	0	0.1036087	0	0.9946182
2.439998	-315	1.8	-315	0	0.1036087	0	0.9946182
2.459998	-315	1.8	-315	0	0.1036087	0	0.9946182
2.479998	-315	1.8	-315	0	0.1036087	0	0.9946182
2.499998	-315	1.8	-315	0	0.1036087	0	0.9946182
2.519998	-315	1.8	-315	0	0.1071577	0	0.9942421
2.539998	-315	1.8	-315	0	0.1106867	0	0.9938554
2.559998	-315	1.8	-315	0	0.1106867	0	0.9938554
2.579998	-315	1.8	-315	0	0.1141959	0	0.9934583
2.599998	-315	1.8	-315	0	0.1176853	0	0.9930509
2.619998	-315	1.8	-315	0	0.1176853	0	0.9930509
2.639998	-315	1.8	-315	0	0.121155	0	0.9926336
2.659998	-315	1.8	-315	0	0.1246051	0	0.9922065
2.679998	-315	1.8	-315	0	0.1280356	0	0.9917696
2.699998	-315	1.8	-315	0	0.1314466	0	0.9913233
2.719998	-315	1.8	-315	0	0.1348382	0	0.9908677
2.739998	-315	1.8	-315	0	0.1348382	0	0.9908677
2.759998	-315	1.8	-315	0	0.1382105	0	0.9904029
2.779998	-315	1.8	-315	0	0.1415636	0	0.9899291
2.799998	-315	1.8	-315	0	0.1448975	0	0.9894467
2.819998	-315	1.8	-315	0	0.1448975	0	0.9894467
2.839998	-315	1.8	-315	0	0.1482123	0	0.9889556
2.859998	-315	1.8	-315	0	0.151508	0	0.9884561
2.879998	-315	1.8	-315	0	0.1547849	0	0.9879482
2.899998	-315	1.8	-315	0	0.1580429	0	0.9874323
2.919998	-315	1.8	-315	0	0.1580429	0	0.9874323
2.939998	-315	1.8	-315	0	0.1612821	0	0.9869084
2.959998	-315	1.8	-315	0	0.1645027	0	0.9863766
2.979998	-315	1.8	-315	0	0.1677046	0	0.9858373
2.999998	-315	1.8	-315	0	0.1708881	0	0.9852905
3.019998	-315	1.8	-315	0	0.1708881	0	0.9852905
3.039998	-315	1.8	-315	0	0.1771997	0	0.9841749
3.059998	-315	1.8	-315	0	0.1803281	0	0.9836065
3.079998	-315	1.8	-315	0	0.1834383	0	0.9830312
3.099998	-315	1.8	-315	0	0.1865304	0	0.9824492
3.119998	-315	1.8	-315	0	0.1896044	0	0.9818606
3.139998	-315	1.8	-315	0	0.1956988	0	0.980664
3.159998	-315	1.8	-315	0	0.1987193	0	0.9800565
3.179998	-315	1.8	-315	0	0.2017221	0	0.9794428
3.199998	-315	1.8	-315	0	0.2047074	0	0.9788232
3.219998	-315	1.8	-315	0	0.207675	0	0.9781979
3.239998	-315	1.8	-315	0	0.2135582	0	0.9769304
3.259998	-315	1.8	-315	0	0.2164738	0	0.9762884
3.279998	-315	1.8	-315	0	0.2193723	0	0.9756413
3.299998	-315	1.8	-315	0	0.2222536	0	0.9749889
3.319998	-315	1.8	-315	0	0.225118	0	0.9743315
3.339998	-315	1.8	-315	0	0.230796	0	0.9730022
3.359998	-315	1.8	-315	0	0.2336098	0	0.9723305
3.379997	-315	1.8	-315	0	0.236407	0	0.9716542
3.399997	-315	1.8	-315	0	0.2391875	0	0.9709734
3.419997	-315	1.8	-315	0	0.2419516	0	0.9702883
3.439997	-315	1.8	-315	0	0.2474305	0	0.9689056
3.459997	-315	1.8	-315	0	0.2501456	0	0.9682083
3.479997	-315	1.8	-315	0	0.2528445	0	0.9675069
3.499997	-315	1.8	-315	0	0.2555273	0	0.9668019
3.519997	-315	1.8	-315	0	0.260845	0	0.9653807
3.539997	-315	1.8	-315	0	0.2634801	0	0.9646649
3.559997	-315	1.8	-315	0	0.2660994	0	0.9639456
3.579997	-315	1.8	-315	0	0.2687031	0	0.9632231
3.599997	-315	1.8	-315	0	0.2712911	0	0.9624974
3.619997	-315	1.8	-315	0	0.2712911	0	0.9624974
3.639997	-315	1.8	-315	0	0.2764209	0	0.9610367
3.659997	-315	1.8	-315	0	0.2789627	0	0.9603019
3.679997	-315	1.8	-315	0	0.2814893	0	0.9595644
3.699997	-315	1.8	-315	0	0.2840008	0	0.9588241
3.719997	-315	1.8	-315	0	0.2864971	0	0.9580811
3.739997	-315	1.8	-315	0	0.2914449	0	0.9565877
3.759997	-315	1.8	-315	0	0.2938965	0	0.9558373
3.779997	-315	1.8	-315	0	0.2963333	0	0.9550846
3.799997	-315	1.8	-315	0	0.2987555	0	0.9543297
3.819997	-315	1.8	-315	0	0.3011631	0	0.9535727
3.839997	-315	1.8	-315	0	0.3059348	0	0.9520525
3.859997	-315	1.8	-315	0	0.3082991	0	0.9512895
3.879997	-315	1.8	-315	0	0.3106491	0	0.9505247
3.899997	-315	1.8	-315	0	0.3129849	0	0.9497581
3.919997	-315	1.8	-315	0	0.3153067	0	0.9489899
3.939997	-315	1.8	-315	0	0.3176144	0	0.94822
3.959997	-315	1.8	-315	0	0.3221881	0	0.9466757
3.979997	-315	1.8	-315	0	0.3244542	0	0.9459015
3.999997	-315	1.8	-315	0	0.3267066	0	0.9451258
4.019997	-315	1.8	-315	0	0.3289453	0	0.944349
4.039997	-315	1.8	-315	0	0.3311705	0	0.9435709
4.059997	-315	1.8	-315	0	0.3355806	0	0.9420115
4.079997	-315	1.8	-315	0	0.3377656	0	0.9412303
4.099997	-315	1.8	-315	0	0.3399373	0	0.9404481
4.119997	-315	1.8	-315	0	0.3420959	0	0.9396651
4.139997	-315	1.8	-315	0	0.3442414	0	0.9388812
4.159997	-315	1.8	-315	0	0.3484934	0	0.9373112
4.179997	-315	1.8	-315	0	0.3506001	0	0.9365253
4.199997	-315	1.8	-315	0	0.352694	0	0.9357387
4.219997	-315	1.8	-315	0	0.3547752	0	0.9349517
4.239997	-315	1.8	-315	0	0.3568437	0	0.9341641
4.259997	-315	1.8	-315	0	0.3588997	0	0.9333761
4.279997	-315	1.8	-315	0	0.3609432	0	0.9325879
4.299997	-315	1.8	-315	0	0.3629743	0	0.9317992
4.319997	-315	1.8	-315	0	0.3669994	0	0.9302213
4.339997	-315	1.8	-315	0	0.3689936	0	0.929432
4.359997	-315	1.8	-315	0	0.3709758	0	0.9286426
4.379997	-315	1.8	-315	0	0.3729458	0	0.9278532
4.399997	-315	1.8	-315	0	0.3749039	0	0.9270636
4.419997	-315	1.8	-315	0	0.3768501	0	0.9262743
4.439997	-315	1.8	-315	0	0.380707	0	0.9246958
4.459997	-315	1.8	-315	0	0.3826179	0	0.9239067
4.479997	-315	1.8	-315	0	0.3845171	0	0.9231179
4.499997	-315	1.8	-315	0	0.3864048	0	0.9223294
4.519997	-315	1.8	-315	0	0.388281	0	0.9215411
4.539997	-315	1.8	-315	0	0.3901457	0	0.9207532
4.559997	-315	1.8	-315	0	0.3938413	0	0.9191785
4.579997	-315	1.8	-315	0	0.3956723	0	0.9183918
4.599997	-315	1.8	-315	0	0.3974921	0	0.9176056
4.619997	-315	1.8	-315	0	0.3993008	0	0.91682
4.639997	-315	1.8	-315	0	0.4010985	0	0.9160349
4.659997	-315	1.8	-315	0	0.4028852	0	0.9152505
4.679996	-315	1.8	-315	0	0.4064262	0	0.9136837
4.699996	-315	1.8	-315	0	0.4081805	0	0.9129013
4.719996	-315	1.8	-315	0	0.4099241	0	0.9121196
4.739996	-315	1.8	-315	0	0.4116571	0	0.9113388
4.759996	-315	1.8	-315	0	0.4133796	0	0.9105588
4.779996	-315	1.8	-315	0	0.4167931	0	0.9090014
4.799996	-315	1.8	-315	0	0.4184844	0	0.908224
4.819996	-315	1.8	-315	0	0.4201653	0	0.9074476
4.839996	-315	1.8	-315	0	0.421836	0	0.9066722
4.859996	-315	1.8	-315	0	0.4234964	0	0.9058977
4.879996	-315	1.8	-315	0	0.4267872	0	0.9043521
4.899996	-315	1.8	-315	0	0.4284176	0	0.9035808
4.919996	-315	1.8	-315	0	0.4300381	0	0.9028108
4.939996	-315	1.8	-315	0	0.4316487	0	0.9020418
4.959996	-315	1.8	-315	0	0.4332495	0	0.901274
4.979996	-315	1.8	-315	0	0.436422	0	0.8997421
4.999996	-315	1.8	-315	0	0.4379938	0	0.898978
5.019996	-315	1.8	-315	0	0.439556	0	0.8982152
5.039996	-315	1.8	-315	0	0.4411088	0	0.8974537
5.059996	-315	1.8	-315	0	0.442652	0	0.8966935
5.079996	-315	1.8	-315	0	0.444186	0	0.8959346
5.099996	-315	1.8	-315	0	0.4472259	0	0.8944211
5.119996	-315	1.8	-315	0	0.448732	0	0.8936664
5.139996	-315	1.8	-315	0	0.450229	0	0.8929132
5.159996	-315	1.8	-315	0	0.4517168	0	0.8921614
5.179996	-315	1.8	-315	0	0.4531957	0	0.8914111
5.199996	-315	1.8	-315	0	0.4546655	0	0.8906623
5.219996	-315	1.8	-315	0	0.4561265	0	0.889915
5.239996	-315	1.8	-315	0	0.4575785	0	0.8891693
5.259996	-315	1.8	-315	0	0.4590218	0	0.8884251
5.279996	-315	1.8	-315	0	0.4604563	0	0.8876824
5.299996	-315	1.8	-315	0	0.4618821	0	0.8869414
5.319996	-315	1.8	-315	0	0.4632992	0	0.886202
5.339996	-315	1.8	-315	0	0.4647078	0	0.8854642
5.359996	-315	1.8	-315	0	0.4674993	0	0.8839935
5.379996	-315	1.8	-315	0	0.4674993	0	0.8839935
5.399996	-315	1.8	-315	0	0.4688824	0	0.8832607
5.419996	-315	1.8	-315	0	0.4702571	0	0.8825296
5.439996	-315	1.8	-315	0	0.4716235	0	0.8818001
5.459996	-315	1.8	-315	0	0.4729815	0	0.8810724
5.479996	-315	1.8	-315	0	0.4743314	0	0.8803464
5.499996	-315	1.8	-315	0	0.4756731	0	0.8796222
5.519996	-315	1.8	-315	0	0.4770067	0	0.8788997
5.539996	-315	1.8	-315	0	0.4783322	0	0.878179
5.559996	-315	1.8	-315	0	0.4796497	0	0.8774601
5.579996	-315	1.8	-315	0	0.4822608	0	0.8760277
5.599996	-315	1.8	-315	0	0.4835545	0	0.8753143
5.619996	-315	1.8	-315	0	0.4848405	0	0.8746027
5.639996	-315	1.8	-315	0	0.4861186	0	0.8738929
5.659996	-315	1.8	-315	0	0.487389	0	0.873185
5.679996	-315	1.8	-315	0	0.4886517	0	0.872479
5.699996	-315	1.8	-315	0	0.4899068	0	0.8717749
5.719995	-315	1.8	-315	0	0.4911544	0	0.8710726
5.739995	-315	1.8	-315	0	0.4923944	0	0.8703722
5.759995	-315	1.8	-315	0	0.4936269	0	0.8696738
5.779995	-315	1.8	-315	0	0.4948519	0	0.8689773
5.799995	-315	1.8	-315	0	0.49728	0	0.8675902
5.819995	-315	1.8	-315	0	0.498483	0	0.8668994
5.839995	-315	1.8	-315	0	0.4996788	0	0.8662108
5.859995	-315	1.8	-315	0	0.5008674	0	0.865524
5.879995	-315	1.8	-315	0	0.5020489	0	0.8648393
5.899995	-315	1.8	-315	0	0.5032232	0	0.8641565
5.919995	-315	1.8	-315	0	0.5043905	0	0.8634757
5.939995	-315	1.8	-315	0	0.5067039	0	0.8621202
5.959995	-315	1.8	-315	0	0.5078502	0	0.8614454
5.979995	-315	1.8	-315	0	0.5089896	0	0.8607727
5.999995	-315	1.8	-315	0	0.5101222	0	0.8601019
6.019995	-315	1.8	-315	0	0.5112479	0	0.8594333
6.039995	-315	1.8	-315	0	0.512367	0	0.8587667
6.059995	-315	1.8	-315	0	0.5145848	0	0.8574395
6.079995	-315	1.8	-315	0	0.5156838	0	0.856779
6.099995	-315	1.8	-315	0	0.5167761	0	0.8561206
6.119995	-315	1.8	-315	0	0.517862	0	0.8554642
6.139995	-315	1.8	-315	0	0.5189413	0	0.8548099
6.159995	-315	1.8	-315	0	0.5210805	0	0.8535076
6.179995	-315	1.8	-315	0	0.5221405	0	0.8528596
6.199995	-315	1.8	-315	0	0.5231941	0	0.8522136
6.219995	-315	1.8	-315	0	0.5242415	0	0.8515697
6.239995	-315	1.8	-315	0	0.5252826	0	0.8509279
6.259995	-315	1.8	-315	0	0.5273461	0	0.8496506
6.279995	-315	1.8	-315	0	0.5283686	0	0.8490152
6.299995	-315	1.8	-315	0	0.529385	0	0.8483818
6.319995	-315	1.8	-315	0	0.5303953	0	0.8477505
6.339995	-315	1.8	-315	0	0.5323978	0	0.8464943
6.359995	-315	1.8	-315	0	0.5333901	0	0.8458694
6.379995	-315	1.8	-315	0	0.5343765	0	0.8452466
6.399995	-315	1.8	-315	0	0.535357	0	0.8446259
6.419995	-315	1.8	-315	0	0.5363317	0	0.8440073
6.439995	-315	1.8	-315	0	0.5382636	0	0.8427766
6.459995	-315	1.8	-315	0	0.5392209	0	0.8421644
6.479995	-315	1.8	-315	0	0.5401725	0	0.8415543
6.499995	-315	1.8	-315	0	0.5411184	0	0.8409464
6.519995	-315	1.8	-315	0	0.5420587	0	0.8403406
6.539995	-315	1.8	-315	0	0.5439227	0	0.8391354
6.559995	-315	1.8	-315	0	0.5448463	0	0.838536
6.579995	-315	1.8	-315	0	0.5457644	0	0.8379387
6.599995	-315	1.8	-315	0	0.5466771	0	0.8373436
6.619995	-315	1.8	-315	0	0.5475844	0	0.8367506
6.639995	-315	1.8	-315	0	0.5493827	0	0.8355709
6.659995	-315	1.8	-315	0	0.550274	0	0.8349842
6.679995	-315	1.8	-315	0	0.5511599	0	0.8343997
6.699995	-315	1.8	-315	0	0.5520405	0	0.8338174
6.719995	-315	1.8	-315	0	0.5529159	0	0.833237
6.739995	-315	1.8	-315	0	0.552916	0	0.8332371
6.759995	-315	1.8	-315	0	0.552916	0	0.8332371
6.779994	-315	1.8	-315	0	0.552916	0	0.8332371
6.799994	-315	1.8	-315	0	0.552916	0	0.8332371
6.819994	-315	1.8	-315	0	0.552916	0	0.8332371
6.839994	-315	1.8	-315	0	0.552916	0	0.8332371
6.859994	-315	1.8	-315	0	0.552916	0	0.8332371
6.879994	-315	1.8	-315	0	0.552916	0	0.8332371
6.899994	-315	1.8	-315	0	0.552916	0	0.8332371
6.919994	-315	1.8	-315	0	0.552916	0	0.8332371
6.939994	-315	1.8	-315	0	0.552916	0	0.8332371
6.959994	-315	1.8	-315	0	0.552916	0	0.8332371
6.979994	-315	1.8	-315	0	0.552916	0	0.8332371
6.999994	-315	1.8	-315	0	0.552916	0	0.8332371
7.019994	-315	1.8	-315	0	0.552916	0	0.8332371
7.039994	-315	1.8	-315	0	0.552916	0	0.8332371
7.059994	-315	1.8	-315	0	0.552916	0	0.8332371
7.079994	-315	1.8	-315	0	0.552916	0	0.8332371
7.099994	-315	1.8	-315	0	0.552916	0	0.8332371
7.119994	-315	1.8	-315	0	0.552916	0	0.8332371
7.139994	-315	1.8	-315	0	0.552916	0	0.8332371
7.159994	-315	1.8	-315	0	0.552916	0	0.8332371
7.179994	-315	1.8	-315	0	0.552916	0	0.8332371
7.199994	-315	1.8	-315	0	0.552916	0	0.8332371
7.219994	-315	1.8	-315	0	0.552916	0	0.8332371
7.239994	-315	1.8	-315	0	0.552916	0	0.8332371
7.259994	-315	1.8	-315	0	0.552916	0	0.8332371
7.279994	-315	1.8	-315	0	0.552916	0	0.8332371
7.299994	-315	1.8	-315	0	0.552916	0	0.8332371
7.319994	-315	1.8	-315	0	0.552916	0	0.8332371
7.339994	-315	1.8	-315	0	0.552916	0	0.8332371
7.359994	-315	1.8	-315	0	0.552916	0	0.8332371
7.379994	-315	1.8	-315	0	0.552916	0	0.8332371
7.399994	-315	1.8	-315	0	0.552916	0	0.8332371
7.419994	-315	1.8	-315	0	0.552916	0	0.8332371
7.439994	-315	1.8	-315	0	0.552916	0	0.8332371
7.459994	-315	1.8	-315	0	0.552916	0	0.8332371
7.479994	-315	1.8	-315	0	0.552916	0	0.8332371
7.499994	-315	1.8	-315	0	0.552916	0	0.8332371
7.519994	-315	1.8	-315	0	0.552916	0	0.8332371
7.539994	-315	1.8	-315	0	0.552916	0	0.8332371
7.559994	-315	1.8	-315	0	0.552916	0	0.8332371
7.579994	-315	1.8	-315	0	0.552916	0	0.8332371
7.599994	-315	1.8	-315	0	0.552916	0	0.8332371
7.619994	-315	1.8	-315	0	0.552916	0	0.8332371
7.639994	-315	1.8	-315	0	0.552916	0	0.8332371
7.659994	-315	1.8	-315	0	0.552916	0	0.8332371
7.679994	-315	1.8	-315	0	0.552916	0	0.8332371
7.699994	-315	1.8	-315	0	0.552916	0	0.8332371
7.719994	-315	1.8	-315	0	0.552916	0	0.8332371
7.739994	-315	1.8	-315	0	0.552916	0	0.8332371
7.759994	-315	1.8	-315	0	0.552916	0	0.8332371
7.779994	-315	1.8	-315	0	0.552916	0	0.8332371
7.799994	-315	1.8	-315	0	0.552916	0	0.8332371
7.819993	-315	1.8	-315	0	0.552916	0	0.8332371
7.839993	-315	1.8	-315	0	0.552916	0	0.8332371
7.859993	-315	1.8	-315	0	0.552916	0	0.8332371
7.879993	-315	1.8	-315	0	0.552916	0	0.8332371
7.899993	-315	1.8	-315	0	0.552916	0	0.8332371
7.919993	-315	1.8	-315	0	0.552916	0	0.8332371
7.939993	-315	1.8	-315	0	0.552916	0	0.8332371
7.959993	-315	1.8	-315	0	0.552916	0	0.8332371
7.979993	-315	1.8	-315	0	0.552916	0	0.8332371
7.999993	-315	1.8	-315	0	0.552916	0	0.8332371
8.019994	-315	1.8	-315	0	0.552916	0	0.8332371
8.039994	-315	1.8	-315	0	0.552916	0	0.8332371
8.059995	-315	1.8	-315	0	0.552916	0	0.8332371
8.079995	-315	1.8	-315	0	0.552916	0	0.8332371
8.099996	-315	1.8	-315	0	0.552916	0	0.8332371
8.119996	-315	1.8	-315	0	0.552916	0	0.8332371
8.139997	-315	1.8	-315	0	0.552916	0	0.8332371
8.159997	-315	1.8	-315	0	0.552916	0	0.8332371
8.179997	-315	1.8	-315	0	0.552916	0	0.8332371
8.199998	-315	1.8	-315	0	0.552916	0	0.8332371
8.219998	-315	1.8	-315	0	0.552916	0	0.8332371
8.239999	-315	1.8	-315	0	0.552916	0	0.8332371
8.259999	-315	1.8	-315	0	0.552916	0	0.8332371
8.28	-315	1.8	-315	0	0.552916	0	0.8332371
8.3	-315	1.8	-315	0	0.552916	0	0.8332371
8.320001	-315	1.8	-315	0	0.552916	0	0.8332371
8.340001	-315	1.8	-315	0	0.552916	0	0.8332371
8.360002	-315	1.8	-315	0	0.552916	0	0.8332371
8.380002	-315	1.8	-315	0	0.552916	0	0.8332371
8.400002	-315	1.8	-315	0	0.552916	0	0.8332371
8.420003	-315	1.8	-315	0	0.552916	0	0.8332371
8.440003	-315	1.8	-315	0	0.552916	0	0.8332371
8.460004	-315	1.8	-315	0	0.552916	0	0.8332371
8.480004	-315	1.8	-315	0	0.552916	0	0.8332371
8.500005	-315	1.8	-315	0	0.552916	0	0.8332371
8.520005	-315	1.8	-315	0	0.552916	0	0.8332371
8.540006	-315	1.8	-315	0	0.552916	0	0.8332371
8.560006	-315	1.8	-315	0	0.552916	0	0.8332371
8.580007	-315	1.8	-315	0	0.552916	0	0.8332371
8.600007	-315	1.8	-315	0	0.552916	0	0.8332371
8.620008	-315	1.8	-315	0	0.552916	0	0.8332371
8.640008	-315	1.8	-315	0	0.552916	0	0.8332371
8.660008	-315	1.8	-315	0	0.552916	0	0.8332371
8.680009	-315	1.8	-315	0	0.552916	0	0.8332371
8.700009	-315	1.8	-315	0	0.552916	0	0.8332371
8.72001	-315	1.8	-315	0	0.552916	0	0.8332371
8.74001	-315	1.8	-315	0	0.552916	0	0.8332371
8.760011	-315	1.8	-315	0	0.552916	0	0.8332371
8.780011	-315	1.8	-315	0	0.552916	0	0.8332371
8.800012	-315	1.8	-315	0	0.552916	0	0.8332371
8.820012	-315	1.8	-315	0	0.552916	0	0.8332371
8.840013	-315	1.8	-315	0	0.552916	0	0.8332371
8.860013	-315	1.8	-315	0	0.552916	0	0.8332371
8.880013	-315	1.8	-315	0	0.552916	0	0.8332371
8.900014	-315	1.8	-315	0	0.552916	0	0.8332371
8.920014	-315	1.8	-315	0	0.552916	0	0.8332371
8.940015	-315	1.8	-315	0	0.552916	0	0.8332371
8.960015	-315	1.8	-315	0	0.552916	0	0.8332371
8.980016	-315	1.8	-315	0	0.552916	0	0.8332371
9.000016	-315	1.8	-315	0	0.552916	0	0.8332371
9.020017	-315	1.8	-315	0	0.552916	0	0.8332371
9.040017	-315	1.8	-315	0	0.552916	0	0.8332371
9.060018	-315	1.8	-315	0	0.552916	0	0.8332371
9.080018	-315	1.8	-315	0	0.552916	0	0.8332371
9.100019	-315	1.8	-315	0	0.552916	0	0.8332371
9.120019	-315	1.8	-315	0	0.552916	0	0.8332371
9.140019	-315	1.8	-315	0	0.552916	0	0.8332371
9.16002	-315	1.8	-315	0	0.552916	0	0.8332371
9.18002	-315	1.8	-315	0	0.552916	0	0.8332371
9.200021	-315	1.8	-315	0	0.552916	0	0.8332371
9.220021	-315	1.8	-315	0	0.552916	0	0.8332371
9.240022	-315	1.8	-315	0	0.552916	0	0.8332371
9.260022	-315	1.8	-315	0	0.552916	0	0.8332371
9.280023	-315	1.8	-315	0	0.552916	0	0.8332371
9.300023	-315	1.8	-315	0	0.552916	0	0.8332371
9.320024	-315	1.8	-315	0	0.552916	0	0.8332371
9.340024	-315	1.8	-315	0	0.552916	0	0.8332371
9.360024	-315	1.8	-315	0	0.552916	0	0.8332371
9.380025	-315	1.8	-315	0	0.552916	0	0.8332371
9.400025	-315	1.8	-315	0	0.552916	0	0.8332371
9.420026	-315	1.8	-315	0	0.552916	0	0.8332371
9.440026	-315	1.8	-315	0	0.552916	0	0.8332371
9.460027	-315	1.8	-315	0	0.552916	0	0.8332371
9.480027	-315	1.8	-315	0	0.552916	0	0.8332371
9.500028	-315	1.8	-315	0	0.552916	0	0.8332371
9.520028	-315	1.8	-315	0	0.552916	0	0.8332371
9.540029	-315	1.8	-315	0	0.552916	0	0.8332371
9.560029	-315	1.8	-315	0	0.552916	0	0.8332371
9.580029	-315	1.8	-315	0	0.552916	0	0.8332371
9.60003	-315	1.8	-315	0	0.552916	0	0.8332371
9.62003	-315	1.8	-315	0	0.552916	0	0.8332371
9.640031	-315	1.8	-315	0	0.552916	0	0.8332371
9.660031	-315	1.8	-315	0	0.552916	0	0.8332371
9.680032	-315	1.8	-315	0	0.552916	0	0.8332371
9.700032	-315	1.8	-315	0	0.552916	0	0.8332371
9.720033	-315	1.8	-315	0	0.552916	0	0.8332371
9.740033	-315	1.8	-315	0	0.552916	0	0.8332371
9.760034	-315	1.8	-315	0	0.552916	0	0.8332371
9.780034	-315	1.8	-315	0	0.552916	0	0.8332371
9.800035	-315	1.8	-315	0	0.552916	0	0.8332371
9.820035	-315	1.8	-315	0	0.552916	0	0.8332371
9.840035	-315	1.8	-315	0	0.552916	0	0.8332371
9.860036	-315	1.8	-315	0	0.552916	0	0.8332371
9.880036	-315	1.8	-315	0	0.552916	0	0.8332371
9.900037	-315	1.8	-315	0	0.552916	0	0.8332371
9.920037	-315	1.8	-315	0	0.552916	0	0.8332371
9.940038	-315	1.8	-315	0	0.552916	0	0.8332371
9.960038	-315	1.8	-315	0	0.552916	0	0.8332371
9.980039	-315	1.8	-315	0	0.552916	0	0.8332371
10.00004	-315	1.8	-315	0	0.552916	0	0.8332371
10.02004	-315	1.8	-315	0	0.552916	0	0.8332371
10.04004	-315	1.8	-315	0	0.552916	0	0.8332371
10.06004	-315	1.8	-315	0	0.552916	0	0.8332371
10.08004	-315	1.8	-315	0	0.552916	0	0.8332371
10.10004	-315	1.8	-315	0	0.552916	0	0.8332371
10.12004	-315	1.8	-315	0	0.552916	0	0.8332371
10.14004	-315	1.8	-315	0	0.552916	0	0.8332371
10.16004	-315	1.8	-315	0	0.552916	0	0.8332371
10.18004	-315	1.8	-315	0	0.552916	0	0.8332371
10.20004	-315	1.8	-315	0	0.552916	0	0.8332371
10.22004	-315	1.8	-315	0	0.552916	0	0.8332371
10.24004	-315	1.8	-315	0	0.552916	0	0.8332371
10.26005	-315	1.8	-315	0	0.552916	0	0.8332371
10.28005	-315	1.8	-315	0	0.552916	0	0.8332371
10.30005	-315	1.8	-315	0	0.552916	0	0.8332371
10.32005	-315	1.8	-315	0	0.552916	0	0.8332371
10.34005	-315	1.8	-315	0	0.552916	0	0.8332371
10.36005	-315	1.8	-315	0	0.552916	0	0.8332371
10.38005	-315	1.8	-315	0	0.552916	0	0.8332371
10.40005	-315	1.8	-315	0	0.552916	0	0.8332371
10.42005	-315	1.8	-315	0	0.552916	0	0.8332371
10.44005	-315	1.8	-315	0	0.552916	0	0.8332371
10.46005	-315	1.8	-315	0	0.552916	0	0.8332371
10.48005	-315	1.8	-315	0	0.552916	0	0.8332371
10.50005	-315	1.8	-315	0	0.552916	0	0.8332371
10.52005	-315	1.8	-315	0	0.552916	0	0.8332371
10.54005	-315	1.8	-315	0	0.552916	0	0.8332371
10.56005	-315	1.8	-315	0	0.552916	0	0.8332371
10.58005	-315	1.8	-315	0	0.552916	0	0.8332371
10.60005	-315	1.8	-315	0	0.552916	0	0.8332371
10.62005	-315	1.8	-315	0	0.552916	0	0.8332371
10.64005	-315	1.8	-315	0	0.552916	0	0.8332371
10.66005	-315	1.8	-315	0	0.552916	0	0.8332371
10.68005	-315	1.8	-315	0	0.552916	0	0.8332371
10.70006	-315	1.8	-315	0	0.552916	0	0.8332371
10.72006	-315	1.8	-315	0	0.552916	0	0.8332371
10.74006	-315	1.8	-315	0	0.552916	0	0.8332371
10.76006	-315	1.8	-315	0	0.552916	0	0.8332371
10.78006	-315	1.8	-315	0	0.552916	0	0.8332371
10.80006	-315	1.8	-315	0	0.552916	0	0.8332371
10.82006	-315	1.8	-315	0	0.552916	0	0.8332371
10.84006	-315	1.8	-315	0	0.552916	0	0.8332371
10.86006	-315	1.8	-315	0	0.552916	0	0.8332371
10.88006	-315	1.8	-315	0	0.552916	0	0.8332371
10.90006	-315	1.8	-315	0	0.552916	0	0.8332371
10.92006	-315	1.8	-315	0	0.552916	0	0.8332371
10.94006	-315	1.8	-315	0	0.552916	0	0.8332371
10.96006	-315	1.8	-315	0	0.552916	0	0.8332371
10.98006	-315	1.8	-315	0	0.552916	0	0.8332371
11.00006	-315	1.8	-315	0	0.552916	0	0.8332371
11.02006	-315	1.8	-315	0	0.552916	0	0.8332371
11.04006	-315	1.8	-315	0	0.552916	0	0.8332371
11.06006	-315	1.8	-315	0	0.552916	0	0.8332371
11.08006	-315	1.8	-315	0	0.552916	0	0.8332371
11.10006	-315	1.8	-315	0	0.552916	0	0.8332371
11.12006	-315	1.8	-315	0	0.552916	0	0.8332371
11.14007	-315	1.8	-315	0	0.552916	0	0.8332371
11.16007	-315	1.8	-315	0	0.552916	0	0.8332371
11.18007	-315	1.8	-315	0	0.552916	0	0.8332371
11.20007	-315	1.8	-315	0	0.552916	0	0.8332371
11.22007	-315	1.8	-315	0	0.552916	0	0.8332371
11.24007	-315	1.8	-315	0	0.552916	0	0.8332371
11.26007	-315	1.8	-315	0	0.552916	0	0.8332371
11.28007	-315	1.8	-315	0	0.552916	0	0.8332371
11.30007	-315	1.8	-315	0	0.552916	0	0.8332371
11.32007	-315	1.8	-315	0	0.552916	0	0.8332371
11.34007	-315	1.8	-315	0	0.552916	0	0.8332371
11.36007	-315	1.8	-315	0	0.552916	0	0.8332371
11.38007	-315	1.8	-315	0	0.552916	0	0.8332371
11.40007	-315	1.8	-315	0	0.552916	0	0.8332371
11.42007	-315	1.8	-315	0	0.552916	0	0.8332371
11.44007	-315	1.8	-315	0	0.552916	0	0.8332371
11.46007	-315	1.8	-315	0	0.552916	0	0.8332371
11.48007	-315	1.8	-315	0	0.552916	0	0.8332371
11.50007	-315	1.8	-315	0	0.552916	0	0.8332371
11.52007	-315	1.8	-315	0	0.552916	0	0.8332371
11.54007	-315	1.8	-315	0	0.552916	0	0.8332371
11.56007	-315	1.8	-315	0	0.552916	0	0.8332371
11.58008	-315	1.8	-315	0	0.552916	0	0.8332371
11.60008	-315	1.8	-315	0	0.552916	0	0.8332371
11.62008	-315	1.8	-315	0	0.552916	0	0.8332371
11.64008	-315	1.8	-315	0	0.552916	0	0.8332371
11.66008	-315	1.8	-315	0	0.552916	0	0.8332371
11.68008	-315	1.8	-315	0	0.552916	0	0.8332371
11.70008	-315	1.8	-315	0	0.552916	0	0.8332371
11.72008	-315	1.8	-315	0	0.552916	0	0.8332371
11.74008	-315	1.8	-315	0	0.552916	0	0.8332371
11.76008	-315	1.8	-315	0	0.552916	0	0.8332371
11.78008	-315	1.8	-315	0	0.552916	0	0.8332371
11.80008	-315	1.8	-315	0	0.552916	0	0.8332371
11.82008	-315	1.8	-315	0	0.552916	0	0.8332371
11.84008	-315	1.8	-315	0	0.552916	0	0.8332371
11.86008	-315	1.8	-315	0	0.552916	0	0.8332371
11.88008	-315	1.8	-315	0	0.552916	0	0.8332371
11.90008	-315	1.8	-315	0	0.552916	0	0.8332371
11.92008	-315	1.8	-315	0	0.552916	0	0.8332371
11.94008	-315	1.8	-315	0	0.552916	0	0.8332371
11.96008	-315	1.8	-315	0	0.552916	0	0.8332371
11.98008	-315	1.8	-315	0	0.552916	0	0.8332371
12.00008	-315	1.8	-315	0	0.552916	0	0.8332371
12.02009	-315	1.8	-315	0	0.552916	0	0.8332371
12.04009	-315	1.8	-315	0	0.552916	0	0.8332371
12.06009	-315	1.8	-315	0	0.552916	0	0.8332371
12.08009	-315	1.8	-315	0	0.552916	0	0.8332371
12.10009	-315	1.8	-315	0	0.552916	0	0.8332371
12.12009	-315	1.8	-315	0	0.552916	0	0.8332371
12.14009	-315	1.8	-315	0	0.552916	0	0.8332371
12.16009	-315	1.8	-315	0	0.552916	0	0.8332371
12.18009	-315	1.8	-315	0	0.552916	0	0.8332371
12.20009	-315	1.8	-315	0	0.552916	0	0.8332371
12.22009	-315	1.8	-315	0	0.552916	0	0.8332371
12.24009	-315	1.8	-315	0	0.552916	0	0.8332371
12.26009	-315	1.8	-315	0	0.552916	0	0.8332371
12.28009	-315	1.8	-315	0	0.552916	0	0.8332371
12.30009	-315	1.8	-315	0	0.552916	0	0.8332371
12.32009	-315	1.8	-315	0	0.552916	0	0.8332371
12.34009	-315	1.8	-315	0	0.552916	0	0.8332371
12.36009	-315	1.8	-315	0	0.552916	0	0.8332371
12.38009	-315	1.8	-315	0	0.552916	0	0.8332371
12.40009	-315	1.8	-315	0	0.552916	0	0.8332371
12.42009	-315	1.8	-315	0	0.552916	0	0.8332371
12.44009	-315	1.8	-315	0	0.552916	0	0.8332371
12.4601	-315	1.8	-315	0	0.552916	0	0.8332371
12.4801	-315	1.8	-315	0	0.552916	0	0.8332371
12.5001	-315	1.8	-315	0	0.552916	0	0.8332371
12.5201	-315	1.8	-315	0	0.552916	0	0.8332371
12.5401	-315	1.8	-315	0	0.552916	0	0.8332371
12.5601	-315	1.8	-315	0	0.552916	0	0.8332371
12.5801	-315	1.8	-315	0	0.552916	0	0.8332371
12.6001	-315	1.8	-315	0	0.552916	0	0.8332371
12.6201	-315	1.8	-315	0	0.552916	0	0.8332371
12.6401	-315	1.8	-315	0	0.552916	0	0.8332371
12.6601	-315	1.8	-315	0	0.552916	0	0.8332371
12.6801	-315	1.8	-315	0	0.552916	0	0.8332371
12.7001	-315	1.8	-315	0	0.552916	0	0.8332371
12.7201	-315	1.8	-315	0	0.552916	0	0.8332371
12.7401	-315	1.8	-315	0	0.552916	0	0.8332371
12.7601	-315	1.8	-315	0	0.552916	0	0.8332371
12.7801	-315	1.8	-315	0	0.552916	0	0.8332371
12.8001	-315	1.8	-315	0	0.552916	0	0.8332371
12.8201	-315	1.8	-315	0	0.552916	0	0.8332371
12.8401	-315	1.8	-315	0	0.552916	0	0.8332371
12.8601	-315	1.8	-315	0	0.552916	0	0.8332371
12.88011	-315	1.8	-315	0	0.552916	0	0.8332371
12.90011	-315	1.8	-315	0	0.552916	0	0.8332371
12.92011	-315	1.8	-315	0	0.552916	0	0.8332371
12.94011	-315	1.8	-315	0	0.552916	0	0.8332371
12.96011	-315	1.8	-315	0	0.552916	0	0.8332371
12.98011	-315	1.8	-315	0	0.552916	0	0.8332371
13.00011	-315	1.8	-315	0	0.552916	0	0.8332371
13.02011	-315	1.8	-315	0	0.552916	0	0.8332371
13.04011	-315	1.8	-315	0	0.552916	0	0.8332371
13.06011	-315	1.8	-315	0	0.552916	0	0.8332371
13.08011	-315	1.8	-315	0	0.552916	0	0.8332371
13.10011	-315	1.8	-315	0	0.552916	0	0.8332371
13.12011	-315	1.8	-315	0	0.552916	0	0.8332371
13.14011	-315	1.8	-315	0	0.552916	0	0.8332371
13.16011	-315	1.8	-315	0	0.552916	0	0.8332371
13.18011	-315	1.8	-315	0	0.552916	0	0.8332371
13.20011	-315	1.8	-315	0	0.552916	0	0.8332371
13.22011	-315	1.8	-315	0	0.552916	0	0.8332371
13.24011	-315	1.8	-315	0	0.552916	0	0.8332371
13.26011	-315	1.8	-315	0	0.552916	0	0.8332371
13.28011	-315	1.8	-315	0	0.552916	0	0.8332371
13.30011	-315	1.8	-315	0	0.552916	0	0.8332371
13.32012	-315	1.8	-315	0	0.552916	0	0.8332371
13.34012	-315	1.8	-315	0	0.552916	0	0.8332371
13.36012	-315	1.8	-315	0	0.552916	0	0.8332371
13.38012	-315	1.8	-315	0	0.552916	0	0.8332371
13.40012	-315	1.8	-315	0	0.552916	0	0.8332371
13.42012	-315	1.8	-315	0	0.552916	0	0.8332371
13.44012	-315	1.8	-315	0	0.552916	0	0.8332371
13.46012	-315	1.8	-315	0	0.552916	0	0.8332371
13.48012	-315	1.8	-315	0	0.552916	0	0.8332371
13.50012	-315	1.8	-315	0	0.552916	0	0.8332371
13.52012	-315	1.8	-315	0	0.552916	0	0.8332371
13.54012	-315	1.8	-315	0	0.552916	0	0.8332371
13.56012	-315	1.8	-315	0	0.552916	0	0.8332371
13.58012	-315	1.8	-315	0	0.552916	0	0.8332371
13.60012	-315	1.8	-315	0	0.552916	0	0.8332371
13.62012	-315	1.8	-315	0	0.552916	0	0.8332371
13.64012	-315	1.8	-315	0	0.552916	0	0.8332371
13.66012	-315	1.8	-315	0	0.552916	0	0.8332371
13.68012	-315	1.8	-315	0	0.552916	0	0.8332371
13.70012	-315	1.8	-315	0	0.552916	0	0.8332371
13.72012	-315	1.8	-315	0	0.552916	0	0.8332371
13.74012	-315	1.8	-315	0	0.552916	0	0.8332371
13.76013	-315	1.8	-315	0	0.552916	0	0.8332371
13.78013	-315	1.8	-315	0	0.552916	0	0.8332371
13.80013	-315	1.8	-315	0	0.552916	0	0.8332371
13.82013	-315	1.8	-315	0	0.552916	0	0.8332371
13.84013	-315	1.8	-315	0	0.552916	0	0.8332371
13.86013	-315	1.8	-315	0	0.552916	0	0.8332371
13.88013	-315	1.8	-315	0	0.552916	0	0.8332371
13.90013	-315	1.8	-315	0	0.552916	0	0.8332371
13.92013	-315	1.8	-315	0	0.552916	0	0.8332371
13.94013	-315	1.8	-315	0	0.552916	0	0.8332371
13.96013	-315	1.8	-315	0	0.552916	0	0.8332371
13.98013	-315	1.8	-315	0	0.552916	0	0.8332371
14.00013	-315	1.8	-315	0	0.552916	0	0.8332371
14.02013	-315	1.8	-315	0	0.552916	0	0.8332371
14.04013	-315	1.8	-315	0	0.552916	0	0.8332371
14.06013	-315	1.8	-315	0	0.552916	0	0.8332371
14.08013	-315	1.8	-315	0	0.552916	0	0.8332371
14.10013	-315	1.8	-315	0	0.552916	0	0.8332371
14.12013	-315	1.8	-315	0	0.552916	0	0.8332371
14.14013	-315	1.8	-315	0	0.552916	0	0.8332371
14.16013	-315	1.8	-315	0	0.552916	0	0.8332371
14.18013	-315	1.8	-315	0	0.552916	0	0.8332371
14.20014	-315	1.8	-315	0	0.552916	0	0.8332371
14.22014	-315	1.8	-315	0	0.552916	0	0.8332371
14.24014	-315	1.8	-315	0	0.552916	0	0.8332371
14.26014	-315	1.8	-315	0	0.552916	0	0.8332371
14.28014	-315	1.8	-315	0	0.552916	0	0.8332371
14.30014	-315	1.8	-315	0	0.552916	0	0.8332371
14.32014	-315	1.8	-315	0	0.552916	0	0.8332371
14.34014	-315	1.8	-315	0	0.552916	0	0.8332371
14.36014	-315	1.8	-315	0	0.552916	0	0.8332371
14.38014	-315	1.8	-315	0	0.552916	0	0.8332371
14.40014	-315	1.8	-315	0	0.552916	0	0.8332371
14.42014	-315	1.8	-315	0	0.552916	0	0.8332371
14.44014	-315	1.8	-315	0	0.552916	0	0.8332371
14.46014	-315	1.8	-315	0	0.552916	0	0.8332371
14.48014	-315	1.8	-315	0	0.552916	0	0.8332371
14.50014	-315	1.8	-315	0	0.552916	0	0.8332371
14.52014	-315	1.8	-315	0	0.552916	0	0.8332371
14.54014	-315	1.8	-315	0	0.552916	0	0.8332371
14.56014	-315	1.8	-315	0	0.552916	0	0.8332371
14.58014	-315	1.8	-315	0	0.552916	0	0.8332371
14.60014	-315	1.8	-315	0	0.552916	0	0.8332371
14.62014	-315	1.8	-315	0	0.552916	0	0.8332371
14.64015	-315	1.8	-315	0	0.552916	0	0.8332371
14.66015	-315	1.8	-315	0	0.552916	0	0.8332371
14.68015	-315	1.8	-315	0	0.552916	0	0.8332371
14.70015	-315	1.8	-315	0	0.552916	0	0.8332371
14.72015	-315	1.8	-315	0	0.552916	0	0.8332371
14.74015	-315	1.8	-315	0	0.552916	0	0.8332371
14.76015	-315	1.8	-315	0	0.552916	0	0.8332371
14.78015	-315	1.8	-315	0	0.552916	0	0.8332371
14.80015	-315	1.8	-315	0	0.552916	0	0.8332371
14.82015	-315	1.8	-315	0	0.552916	0	0.8332371
14.84015	-315	1.8	-315	0	0.552916	0	0.8332371
14.86015	-315	1.8	-315	0	0.552916	0	0.8332371
14.88015	-315	1.8	-315	0	0.552916	0	0.8332371
14.90015	-315	1.8	-315	0	0.552916	0	0.8332371
14.92015	-315	1.8	-315	0	0.552916	0	0.8332371
14.94015	-315	1.8	-315	0	0.552916	0	0.8332371
14.96015	-315	1.8	-315	0	0.552916	0	0.8332371
14.98015	-315	1.8	-315	0	0.552916	0	0.8332371
15.00015	-315	1.8	-315	0	0.552916	0	0.8332371
15.02015	-315	1.8	-315	0	0.552916	0	0.8332371
15.04015	-315	1.8	-315	0	0.552916	0	0.8332371
15.06015	-315	1.8	-315	0	0.552916	0	0.8332371
15.08016	-315	1.8	-315	0	0.552916	0	0.8332371
15.10016	-315	1.8	-315	0	0.552916	0	0.8332371
15.12016	-315	1.8	-315	0	0.552916	0	0.8332371
15.14016	-315	1.8	-315	0	0.552916	0	0.8332371
15.16016	-315	1.8	-315	0	0.552916	0	0.8332371
15.18016	-315	1.8	-315	0	0.552916	0	0.8332371
15.20016	-315	1.8	-315	0	0.552916	0	0.8332371
15.22016	-315	1.8	-315	0	0.552916	0	0.8332371
15.24016	-315	1.8	-315	0	0.552916	0	0.8332371
15.26016	-315	1.8	-315	0	0.552916	0	0.8332371
15.28016	-315	1.8	-315	0	0.552916	0	0.8332371
15.30016	-315	1.8	-315	0	0.552916	0	0.8332371
15.32016	-315	1.8	-315	0	0.552916	0	0.8332371
15.34016	-315	1.8	-315	0	0.552916	0	0.8332371
15.36016	-315	1.8	-315	0	0.552916	0	0.8332371
15.38016	-315	1.8	-315	0	0.552916	0	0.8332371
15.40016	-315	1.8	-315	0	0.552916	0	0.8332371
15.42016	-315	1.8	-315	0	0.552916	0	0.8332371
15.44016	-315	1.8	-315	0	0.552916	0	0.8332371
15.46016	-315	1.8	-315	0	0.552916	0	0.8332371
15.48016	-315	1.8	-315	0	0.552916	0	0.8332371
15.50016	-315	1.8	-315	0	0.552916	0	0.8332371
15.52017	-315	1.8	-315	0	0.552916	0	0.8332371
15.54017	-315	1.8	-315	0	0.552916	0	0.8332371
15.56017	-315	1.8	-315	0	0.552916	0	0.8332371
15.58017	-315	1.8	-315	0	0.552916	0	0.8332371
15.60017	-315	1.8	-315	0	0.552916	0	0.8332371
15.62017	-315	1.8	-315	0	0.552916	0	0.8332371
15.64017	-315	1.8	-315	0	0.552916	0	0.8332371
15.66017	-315	1.8	-315	0	0.552916	0	0.8332371
15.68017	-315	1.8	-315	0	0.552916	0	0.8332371
15.70017	-315	1.8	-315	0	0.552916	0	0.8332371
15.72017	-315	1.8	-315	0	0.552916	0	0.8332371
15.74017	-315	1.8	-315	0	0.552916	0	0.8332371
15.76017	-315	1.8	-315	0	0.552916	0	0.8332371
15.78017	-315	1.8	-315	0	0.552916	0	0.8332371
15.80017	-315	1.8	-315	0	0.552916	0	0.8332371
15.82017	-315	1.8	-315	0	0.552916	0	0.8332371
15.84017	-315	1.8	-315	0	0.552916	0	0.8332371
15.86017	-315	1.8	-315	0	0.552916	0	0.8332371
15.88017	-315	1.8	-315	0	0.552916	0	0.8332371
15.90017	-315	1.8	-315	0	0.552916	0	0.8332371
15.92017	-315	1.8	-315	0	0.552916	0	0.8332371
15.94018	-315	1.8	-315	0	0.552916	0	0.8332371
15.96018	-315	1.8	-315	0	0.552916	0	0.8332371
15.98018	-315	1.8	-315	0	0.552916	0	0.8332371
16.00018	-315	1.8	-315	0	0.552916	0	0.8332371
16.02018	-315	1.8	-315	0	0.552916	0	0.8332371
16.04018	-315	1.8	-315	0	0.552916	0	0.8332371
16.06018	-315	1.8	-315	0	0.552916	0	0.8332371
16.08018	-315	1.8	-315	0	0.552916	0	0.8332371
16.10018	-315	1.8	-315	0	0.552916	0	0.8332371
16.12018	-315	1.8	-315	0	0.552916	0	0.8332371
16.14018	-315	1.8	-315	0	0.552916	0	0.8332371
16.16018	-315	1.8	-315	0	0.552916	0	0.8332371
16.18018	-315	1.8	-315	0	0.552916	0	0.8332371
16.20018	-315	1.8	-315	0	0.552916	0	0.8332371
16.22018	-315	1.8	-315	0	0.552916	0	0.8332371
16.24018	-315	1.8	-315	0	0.552916	0	0.8332371
16.26018	-315	1.8	-315	0	0.552916	0	0.8332371
16.28018	-315	1.8	-315	0	0.552916	0	0.8332371
16.30018	-315	1.8	-315	0	0.552916	0	0.8332371
16.32018	-315	1.8	-315	0	0.552916	0	0.8332371
16.34018	-315	1.8	-315	0	0.552916	0	0.8332371
16.36018	-315	1.8	-315	0	0.552916	0	0.8332371
16.38018	-315	1.8	-315	0	0.552916	0	0.8332371
16.40018	-315	1.8	-315	0	0.552916	0	0.8332371
16.42019	-315	1.8	-315	0	0.552916	0	0.8332371
16.44019	-315	1.8	-315	0	0.552916	0	0.8332371
16.46019	-315	1.8	-315	0	0.552916	0	0.8332371
16.48019	-315	1.8	-315	0	0.552916	0	0.8332371
16.50019	-315	1.8	-315	0	0.552916	0	0.8332371
16.52019	-315	1.8	-315	0	0.552916	0	0.8332371
16.54019	-315	1.8	-315	0	0.552916	0	0.8332371
16.56019	-315	1.8	-315	0	0.552916	0	0.8332371
16.58019	-315	1.8	-315	0	0.552916	0	0.8332371
16.60019	-315	1.8	-315	0	0.552916	0	0.8332371
16.62019	-315	1.8	-315	0	0.552916	0	0.8332371
16.64019	-315	1.8	-315	0	0.552916	0	0.8332371
16.66019	-315	1.8	-315	0	0.552916	0	0.8332371
16.68019	-315	1.8	-315	0	0.552916	0	0.8332371
16.70019	-315	1.8	-315	0	0.552916	0	0.8332371
16.72019	-315	1.8	-315	0	0.552916	0	0.8332371
16.74019	-315	1.8	-315	0	0.552916	0	0.8332371
16.76019	-315	1.8	-315	0	0.552916	0	0.8332371
16.78019	-315	1.8	-315	0	0.552916	0	0.8332371
16.80019	-315	1.8	-315	0	0.552916	0	0.8332371
16.82019	-315	1.8	-315	0	0.552916	0	0.8332371
16.84019	-315	1.8	-315	0	0.552916	0	0.8332371
16.8602	-315	1.8	-315	0	0.552916	0	0.8332371
16.8802	-315	1.8	-315	0	0.552916	0	0.8332371
16.9002	-315	1.8	-315	0	0.552916	0	0.8332371
16.9202	-315	1.8	-315	0	0.552916	0	0.8332371
16.9402	-315	1.8	-315	0	0.552916	0	0.8332371
16.9602	-315	1.8	-315	0	0.552916	0	0.8332371
16.9802	-315	1.8	-315	0	0.552916	0	0.8332371
17.0002	-315	1.8	-315	0	0.552916	0	0.8332371
17.0202	-315	1.8	-315	0	0.552916	0	0.8332371
17.0402	-315	1.8	-315	0	0.552916	0	0.8332371
17.0602	-315	1.8	-315	0	0.552916	0	0.8332371
17.0802	-315	1.8	-315	0	0.552916	0	0.8332371
17.1002	-315	1.8	-315	0	0.552916	0	0.8332371
17.1202	-315	1.8	-315	0	0.552916	0	0.8332371
17.1402	-315	1.8	-315	0	0.552916	0	0.8332371
17.1602	-315	1.8	-315	0	0.552916	0	0.8332371
17.1802	-315	1.8	-315	0	0.552916	0	0.8332371
17.2002	-315	1.8	-315	0	0.552916	0	0.8332371
17.2202	-315	1.8	-315	0	0.552916	0	0.8332371
17.2402	-315	1.8	-315	0	0.552916	0	0.8332371
17.2602	-315	1.8	-315	0	0.552916	0	0.8332371
17.2802	-315	1.8	-315	0	0.552916	0	0.8332371
17.30021	-315	1.8	-315	0	0.552916	0	0.8332371
17.32021	-315	1.8	-315	0	0.552916	0	0.8332371
17.34021	-315	1.8	-315	0	0.552916	0	0.8332371
17.36021	-315	1.8	-315	0	0.552916	0	0.8332371
17.38021	-315	1.8	-315	0	0.552916	0	0.8332371
17.40021	-315	1.8	-315	0	0.552916	0	0.8332371
17.42021	-315	1.8	-315	0	0.552916	0	0.8332371
17.44021	-315	1.8	-315	0	0.552916	0	0.8332371
17.46021	-315	1.8	-315	0	0.552916	0	0.8332371
17.48021	-315	1.8	-315	0	0.552916	0	0.8332371
17.50021	-315	1.8	-315	0	0.552916	0	0.8332371
17.52021	-315	1.8	-315	0	0.552916	0	0.8332371
17.54021	-315	1.8	-315	0	0.552916	0	0.8332371
17.56021	-315	1.8	-315	0	0.552916	0	0.8332371
17.58021	-315	1.8	-315	0	0.552916	0	0.8332371
17.60021	-315	1.8	-315	0	0.552916	0	0.8332371
17.62021	-315	1.8	-315	0	0.552916	0	0.8332371
17.64021	-315	1.8	-315	0	0.552916	0	0.8332371
17.66021	-315	1.8	-315	0	0.552916	0	0.8332371
17.68021	-315	1.8	-315	0	0.552916	0	0.8332371
17.70021	-315	1.8	-315	0	0.552916	0	0.8332371
17.72021	-315	1.8	-315	0	0.552916	0	0.8332371
17.74022	-315	1.8	-315	0	0.552916	0	0.8332371
17.76022	-315	1.8	-315	0	0.552916	0	0.8332371
17.78022	-315	1.8	-315	0	0.552916	0	0.8332371
17.80022	-315	1.8	-315	0	0.552916	0	0.8332371
17.82022	-315	1.8	-315	0	0.552916	0	0.8332371
17.84022	-315	1.8	-315	0	0.552916	0	0.8332371
17.86022	-315	1.8	-315	0	0.552916	0	0.8332371
17.88022	-315	1.8	-315	0	0.552916	0	0.8332371
17.90022	-315	1.8	-315	0	0.552916	0	0.8332371
17.92022	-315	1.8	-315	0	0.552916	0	0.8332371
17.94022	-315	1.8	-315	0	0.552916	0	0.8332371
17.96022	-315	1.8	-315	0	0.552916	0	0.8332371
17.98022	-315	1.8	-315	0	0.552916	0	0.8332371
18.00022	-315	1.8	-315	0	0.552916	0	0.8332371
18.02022	-315	1.8	-315	0	0.552916	0	0.8332371
18.04022	-315	1.8	-315	0	0.552916	0	0.8332371
18.06022	-315	1.8	-315	0	0.552916	0	0.8332371
18.08022	-315	1.8	-315	0	0.552916	0	0.8332371
18.10022	-315	1.8	-315	0	0.552916	0	0.8332371
18.12022	-315	1.8	-315	0	0.552916	0	0.8332371
18.14022	-315	1.8	-315	0	0.552916	0	0.8332371
18.16022	-315	1.8	-315	0	0.552916	0	0.8332371
18.18023	-315	1.8	-315	0	0.552916	0	0.8332371
18.20023	-315	1.8	-315	0	0.552916	0	0.8332371
18.22023	-315	1.8	-315	0	0.552916	0	0.8332371
18.24023	-315	1.8	-315	0	0.552916	0	0.8332371
18.26023	-315	1.8	-315	0	0.552916	0	0.8332371
18.28023	-315	1.8	-315	0	0.552916	0	0.8332371
18.30023	-315	1.8	-315	0	0.552916	0	0.8332371
18.32023	-315	1.8	-315	0	0.552916	0	0.8332371
18.34023	-315	1.8	-315	0	0.552916	0	0.8332371
18.36023	-315	1.8	-315	0	0.552916	0	0.8332371
18.38023	-315	1.8	-315	0	0.552916	0	0.8332371
18.40023	-315	1.8	-315	0	0.552916	0	0.8332371
18.42023	-315	1.8	-315	0	0.552916	0	0.8332371
18.44023	-315	1.8	-315	0	0.552916	0	0.8332371
18.46023	-315	1.8	-315	0	0.552916	0	0.8332371
18.48023	-315	1.8	-315	0	0.552916	0	0.8332371
18.50023	-315	1.8	-315	0	0.552916	0	0.8332371
18.52023	-315	1.8	-315	0	0.552916	0	0.8332371
18.54023	-315	1.8	-315	0	0.552916	0	0.8332371
18.56023	-315	1.8	-315	0	0.552916	0	0.8332371
18.58023	-315	1.8	-315	0	0.552916	0	0.8332371
18.60023	-315	1.8	-315	0	0.552916	0	0.8332371
18.62024	-315	1.8	-315	0	0.552916	0	0.8332371
18.64024	-315	1.8	-315	0	0.552916	0	0.8332371
18.66024	-315	1.8	-315	0	0.552916	0	0.8332371
18.68024	-315	1.8	-315	0	0.552916	0	0.8332371
18.70024	-315	1.8	-315	0	0.552916	0	0.8332371
18.72024	-315	1.8	-315	0	0.552916	0	0.8332371
18.74024	-315	1.8	-315	0	0.552916	0	0.8332371
18.76024	-315	1.8	-315	0	0.552916	0	0.8332371
18.78024	-315	1.8	-315	0	0.552916	0	0.8332371
18.80024	-315	1.8	-315	0	0.552916	0	0.8332371
18.82024	-315	1.8	-315	0	0.552916	0	0.8332371
18.84024	-315	1.8	-315	0	0.552916	0	0.8332371
18.86024	-315	1.8	-315	0	0.552916	0	0.8332371
18.88024	-315	1.8	-315	0	0.552916	0	0.8332371
18.90024	-315	1.8	-315	0	0.552916	0	0.8332371
18.92024	-315	1.8	-315	0	0.552916	0	0.8332371
18.94024	-315	1.8	-315	0	0.552916	0	0.8332371
18.96024	-315	1.8	-315	0	0.552916	0	0.8332371
18.98024	-315	1.8	-315	0	0.552916	0	0.8332371
19.00024	-315	1.8	-315	0	0.552916	0	0.8332371
19.02024	-315	1.8	-315	0	0.552916	0	0.8332371
19.04025	-315	1.8	-315	0	0.552916	0	0.8332371
19.06025	-315	1.8	-315	0	0.552916	0	0.8332371
19.08025	-315	1.8	-315	0	0.552916	0	0.8332371
19.10025	-315	1.8	-315	0	0.552916	0	0.8332371
19.12025	-315	1.8	-315	0	0.552916	0	0.8332371
19.14025	-315	1.8	-315	0	0.552916	0	0.8332371
19.16025	-315	1.8	-315	0	0.552916	0	0.8332371
19.18025	-315	1.8	-315	0	0.552916	0	0.8332371
19.20025	-315	1.8	-315	0	0.552916	0	0.8332371
19.22025	-315	1.8	-315	0	0.552916	0	0.8332371
19.24025	-315	1.8	-315	0	0.552916	0	0.8332371
19.26025	-315	1.8	-315	0	0.552916	0	0.8332371
19.28025	-315	1.8	-315	0	0.552916	0	0.8332371
19.30025	-315	1.8	-315	0	0.552916	0	0.8332371
19.32025	-315	1.8	-315	0	0.552916	0	0.8332371
19.34025	-315	1.8	-315	0	0.552916	0	0.8332371
19.36025	-315	1.8	-315	0	0.552916	0	0.8332371
19.38025	-315	1.8	-315	0	0.552916	0	0.8332371
19.40025	-315	1.8	-315	0	0.552916	0	0.8332371
19.42025	-315	1.8	-315	0	0.552916	0	0.8332371
19.44025	-315	1.8	-315	0	0.552916	0	0.8332371
19.46025	-315	1.8	-315	0	0.552916	0	0.8332371
19.48026	-315	1.8	-315	0	0.552916	0	0.8332371
19.50026	-315	1.8	-315	0	0.552916	0	0.8332371
19.52026	-315	1.8	-315	0	0.552916	0	0.8332371
19.54026	-315	1.8	-315	0	0.552916	0	0.8332371
19.56026	-315	1.8	-315	0	0.552916	0	0.8332371
19.58026	-315	1.8	-315	0	0.552916	0	0.8332371
19.60026	-315	1.8	-315	0	0.552916	0	0.8332371
19.62026	-315	1.8	-315	0	0.552916	0	0.8332371
19.64026	-315	1.8	-315	0	0.552916	0	0.8332371
19.66026	-315	1.8	-315	0	0.552916	0	0.8332371
19.68026	-315	1.8	-315	0	0.552916	0	0.8332371
19.70026	-315	1.8	-315	0	0.552916	0	0.8332371
19.72026	-315	1.8	-315	0	0.552916	0	0.8332371
19.74026	-315	1.8	-315	0	0.552916	0	0.8332371
19.76026	-315	1.8	-315	0	0.552916	0	0.8332371
19.78026	-315	1.8	-315	0	0.552916	0	0.8332371
19.80026	-315	1.8	-315	0	0.552916	0	0.8332371
19.82026	-315	1.8	-315	0	0.552916	0	0.8332371
19.84026	-315	1.8	-315	0	0.552916	0	0.8332371
19.86026	-315	1.8	-315	0	0.552916	0	0.8332371
19.88026	-315	1.8	-315	0	0.552916	0	0.8332371
19.90026	-315	1.8	-315	0	0.552916	0	0.8332371
19.92027	-315	1.8	-315	0	0.552916	0	0.8332371
19.94027	-315	1.8	-315	0	0.552916	0	0.8332371
19.96027	-315	1.8	-315	0	0.552916	0	0.8332371
19.98027	-315	1.8	-315	0	0.552916	0	0.8332371
20.00027	-315	1.8	-315	0	0.552916	0	0.8332371
20.02027	-315	1.8	-315	0	0.552916	0	0.8332371
20.04027	-315	1.8	-315	0	0.552916	0	0.8332371
20.06027	-315	1.8	-315	0	0.552916	0	0.8332371
20.08027	-315	1.8	-315	0	0.552916	0	0.8332371
20.10027	-315	1.8	-315	0	0.552916	0	0.8332371
20.12027	-315	1.8	-315	0	0.552916	0	0.8332371
20.14027	-315	1.8	-315	0	0.552916	0	0.8332371
20.16027	-315	1.8	-315	0	0.552916	0	0.8332371
20.18027	-315	1.8	-315	0	0.552916	0	0.8332371
20.20027	-315	1.8	-315	0	0.552916	0	0.8332371
20.22027	-315	1.8	-315	0	0.552916	0	0.8332371
20.24027	-315	1.8	-315	0	0.552916	0	0.8332371
20.26027	-315	1.8	-315	0	0.552916	0	0.8332371
20.28027	-315	1.8	-315	0	0.552916	0	0.8332371
20.30027	-315	1.8	-315	0	0.552916	0	0.8332371
20.32027	-315	1.8	-315	0	0.552916	0	0.8332371
20.34027	-315	1.8	-315	0	0.552916	0	0.8332371
20.36028	-315	1.8	-315	0	0.552916	0	0.8332371
20.38028	-315	1.8	-315	0	0.552916	0	0.8332371
20.40028	-315	1.8	-315	0	0.552916	0	0.8332371
20.42028	-315	1.8	-315	0	0.552916	0	0.8332371
20.44028	-315	1.8	-315	0	0.552916	0	0.8332371
20.46028	-315	1.8	-315	0	0.552916	0	0.8332371
20.48028	-315	1.8	-315	0	0.552916	0	0.8332371
20.50028	-315	1.8	-315	0	0.552916	0	0.8332371
20.52028	-315	1.8	-315	0	0.552916	0	0.8332371
20.54028	-315	1.8	-315	0	0.552916	0	0.8332371
20.56028	-315	1.8	-315	0	0.552916	0	0.8332371
20.58028	-315	1.8	-315	0	0.552916	0	0.8332371
20.60028	-315	1.8	-315	0	0.552916	0	0.8332371
20.62028	-315	1.8	-315	0	0.552916	0	0.8332371
20.64028	-315	1.8	-315	0	0.552916	0	0.8332371
20.66028	-315	1.8	-315	0	0.552916	0	0.8332371
20.68028	-315	1.8	-315	0	0.552916	0	0.8332371
20.70028	-315	1.8	-315	0	0.552916	0	0.8332371
20.72028	-315	1.8	-315	0	0.552916	0	0.8332371
20.74028	-315	1.8	-315	0	0.552916	0	0.8332371
20.76028	-315	1.8	-315	0	0.552916	0	0.8332371
20.78028	-315	1.8	-315	0	0.552916	0	0.8332371
20.80029	-315	1.8	-315	0	0.552916	0	0.8332371
20.82029	-315	1.8	-315	0	0.552916	0	0.8332371
20.84029	-315	1.8	-315	0	0.552916	0	0.8332371
20.86029	-315	1.8	-315	0	0.552916	0	0.8332371
20.88029	-315	1.8	-315	0	0.552916	0	0.8332371
20.90029	-315	1.8	-315	0	0.552916	0	0.8332371
20.92029	-315	1.8	-315	0	0.552916	0	0.8332371
20.94029	-315	1.8	-315	0	0.552916	0	0.8332371
20.96029	-315	1.8	-315	0	0.552916	0	0.8332371
20.98029	-315	1.8	-315	0	0.552916	0	0.8332371
21.00029	-315	1.8	-315	0	0.552916	0	0.8332371
21.02029	-315	1.8	-315	0	0.552916	0	0.8332371
21.04029	-315	1.8	-315	0	0.552916	0	0.8332371
21.06029	-315	1.8	-315	0	0.552916	0	0.8332371
21.08029	-315	1.8	-315	0	0.552916	0	0.8332371
21.10029	-315	1.8	-315	0	0.552916	0	0.8332371
21.12029	-315	1.8	-315	0	0.552916	0	0.8332371
21.14029	-315	1.8	-315	0	0.552916	0	0.8332371
21.16029	-315	1.8	-315	0	0.552916	0	0.8332371
21.18029	-315	1.8	-315	0	0.552916	0	0.8332371
21.20029	-315	1.8	-315	0	0.552916	0	0.8332371
21.22029	-315	1.8	-315	0	0.552916	0	0.8332371
21.2403	-315	1.8	-315	0	0.552916	0	0.8332371
21.2603	-315	1.8	-315	0	0.552916	0	0.8332371
21.2803	-315	1.8	-315	0	0.552916	0	0.8332371
21.3003	-315	1.8	-315	0	0.552916	0	0.8332371
21.3203	-315	1.8	-315	0	0.552916	0	0.8332371
21.3403	-315	1.8	-315	0	0.552916	0	0.8332371
21.3603	-315	1.8	-315	0	0.552916	0	0.8332371
21.3803	-315	1.8	-315	0	0.552916	0	0.8332371
21.4003	-315	1.8	-315	0	0.552916	0	0.8332371
21.4203	-315	1.8	-315	0	0.552916	0	0.8332371
21.4403	-315	1.8	-315	0	0.552916	0	0.8332371
21.4603	-315	1.8	-315	0	0.552916	0	0.8332371
21.4803	-315	1.8	-315	0	0.552916	0	0.8332371
21.5003	-315	1.8	-315	0	0.552916	0	0.8332371
21.5203	-315	1.8	-315	0	0.552916	0	0.8332371
21.5403	-315	1.8	-315	0	0.552916	0	0.8332371
21.5603	-315	1.8	-315	0	0.552916	0	0.8332371
21.5803	-315	1.8	-315	0	0.552916	0	0.8332371
21.6003	-315	1.8	-315	0	0.552916	0	0.8332371
21.6203	-315	1.8	-315	0	0.552916	0	0.8332371
21.6403	-315	1.8	-315	0	0.552916	0	0.8332371
21.66031	-315	1.8	-315	0	0.552916	0	0.8332371
21.68031	-315	1.8	-315	0	0.552916	0	0.8332371
21.70031	-315	1.8	-315	0	0.552916	0	0.8332371
21.72031	-315	1.8	-315	0	0.552916	0	0.8332371
21.74031	-315	1.8	-315	0	0.552916	0	0.8332371
21.76031	-315	1.8	-315	0	0.552916	0	0.8332371
21.78031	-315	1.8	-315	0	0.552916	0	0.8332371
21.80031	-315	1.8	-315	0	0.552916	0	0.8332371
21.82031	-315	1.8	-315	0	0.552916	0	0.8332371
21.84031	-315	1.8	-315	0	0.552916	0	0.8332371
21.86031	-315	1.8	-315	0	0.552916	0	0.8332371
21.88031	-315	1.8	-315	0	0.552916	0	0.8332371
21.90031	-315	1.8	-315	0	0.552916	0	0.8332371
21.92031	-315	1.8	-315	0	0.552916	0	0.8332371
21.94031	-315	1.8	-315	0	0.552916	0	0.8332371
21.96031	-315	1.8	-315	0	0.552916	0	0.8332371
21.98031	-315	1.8	-315	0	0.552916	0	0.8332371
22.00031	-315	1.8	-315	0	0.552916	0	0.8332371
22.02031	-315	1.8	-315	0	0.552916	0	0.8332371
22.04031	-315	1.8	-315	0	0.552916	0	0.8332371
22.06031	-315	1.8	-315	0	0.552916	0	0.8332371
22.08031	-315	1.8	-315	0	0.552916	0	0.8332371
22.10032	-315	1.8	-315	0	0.552916	0	0.8332371
22.12032	-315	1.8	-315	0	0.552916	0	0.8332371
22.14032	-315	1.8	-315	0	0.552916	0	0.8332371
22.16032	-315	1.8	-315	0	0.552916	0	0.8332371
22.18032	-315	1.8	-315	0	0.552916	0	0.8332371
22.20032	-315	1.8	-315	0	0.552916	0	0.8332371
22.22032	-315	1.8	-315	0	0.552916	0	0.8332371
22.24032	-315	1.8	-315	0	0.552916	0	0.8332371
22.26032	-315	1.8	-315	0	0.552916	0	0.8332371
22.28032	-315	1.8	-315	0	0.552916	0	0.8332371
22.30032	-315	1.8	-315	0	0.552916	0	0.8332371
22.32032	-315	1.8	-315	0	0.552916	0	0.8332371
22.34032	-315	1.8	-315	0	0.552916	0	0.8332371
22.36032	-315	1.8	-315	0	0.552916	0	0.8332371
22.38032	-315	1.8	-315	0	0.552916	0	0.8332371
22.40032	-315	1.8	-315	0	0.552916	0	0.8332371
22.42032	-315	1.8	-315	0	0.552916	0	0.8332371
22.44032	-315	1.8	-315	0	0.552916	0	0.8332371
22.46032	-315	1.8	-315	0	0.552916	0	0.8332371
22.48032	-315	1.8	-315	0	0.552916	0	0.8332371
22.50032	-315	1.8	-315	0	0.552916	0	0.8332371
22.52032	-315	1.8	-315	0	0.552916	0	0.8332371
22.54033	-315	1.8	-315	0	0.552916	0	0.8332371
22.56033	-315	1.8	-315	0	0.552916	0	0.8332371
22.58033	-315	1.8	-315	0	0.552916	0	0.8332371
22.60033	-315	1.8	-315	0	0.552916	0	0.8332371
22.62033	-315	1.8	-315	0	0.552916	0	0.8332371
22.64033	-315	1.8	-315	0	0.552916	0	0.8332371
22.66033	-315	1.8	-315	0	0.552916	0	0.8332371
22.68033	-315	1.8	-315	0	0.552916	0	0.8332371
22.70033	-315	1.8	-315	0	0.552916	0	0.8332371
22.72033	-315	1.8	-315	0	0.552916	0	0.8332371
22.74033	-315	1.8	-315	0	0.552916	0	0.8332371
22.76033	-315	1.8	-315	0	0.552916	0	0.8332371
22.78033	-315	1.8	-315	0	0.552916	0	0.8332371
22.80033	-315	1.8	-315	0	0.552916	0	0.8332371
22.82033	-315	1.8	-315	0	0.552916	0	0.8332371
22.84033	-315	1.8	-315	0	0.552916	0	0.8332371
22.86033	-315	1.8	-315	0	0.552916	0	0.8332371
22.88033	-315	1.8	-315	0	0.552916	0	0.8332371
22.90033	-315	1.8	-315	0	0.552916	0	0.8332371
22.92033	-315	1.8	-315	0	0.552916	0	0.8332371
22.94033	-315	1.8	-315	0	0.552916	0	0.8332371
22.96033	-315	1.8	-315	0	0.552916	0	0.8332371
22.98034	-315	1.8	-315	0	0.552916	0	0.8332371
23.00034	-315	1.8	-315	0	0.552916	0	0.8332371
23.02034	-315	1.8	-315	0	0.552916	0	0.8332371
23.04034	-315	1.8	-315	0	0.552916	0	0.8332371
23.06034	-315	1.8	-315	0	0.552916	0	0.8332371
23.08034	-315	1.8	-315	0	0.552916	0	0.8332371
23.10034	-315	1.8	-315	0	0.552916	0	0.8332371
23.12034	-315	1.8	-315	0	0.552916	0	0.8332371
23.14034	-315	1.8	-315	0	0.552916	0	0.8332371
23.16034	-315	1.8	-315	0	0.552916	0	0.8332371
23.18034	-315	1.8	-315	0	0.552916	0	0.8332371
23.20034	-315	1.8	-315	0	0.552916	0	0.8332371
23.22034	-315	1.8	-315	0	0.552916	0	0.8332371
23.24034	-315	1.8	-315	0	0.552916	0	0.8332371
23.26034	-315	1.8	-315	0	0.552916	0	0.8332371
23.28034	-315	1.8	-315	0	0.552916	0	0.8332371
23.30034	-315	1.8	-315	0	0.552916	0	0.8332371
23.32034	-315	1.8	-315	0	0.552916	0	0.8332371
23.34034	-315	1.8	-315	0	0.552916	0	0.8332371
23.36034	-315	1.8	-315	0	0.552916	0	0.8332371
23.38034	-315	1.8	-315	0	0.552916	0	0.8332371
23.40034	-315	1.8	-315	0	0.552916	0	0.8332371
23.42035	-315	1.8	-315	0	0.552916	0	0.8332371
23.44035	-315	1.8	-315	0	0.552916	0	0.8332371
23.46035	-315	1.8	-315	0	0.552916	0	0.8332371
23.48035	-315	1.8	-315	0	0.552916	0	0.8332371
23.50035	-315	1.8	-315	0	0.552916	0	0.8332371
23.52035	-315	1.8	-315	0	0.552916	0	0.8332371
23.54035	-315	1.8	-315	0	0.552916	0	0.8332371
23.56035	-315	1.8	-315	0	0.552916	0	0.8332371
23.58035	-315	1.8	-315	0	0.552916	0	0.8332371
23.60035	-315	1.8	-315	0	0.552916	0	0.8332371
23.62035	-315	1.8	-315	0	0.552916	0	0.8332371
23.64035	-315	1.8	-315	0	0.552916	0	0.8332371
23.66035	-315	1.8	-315	0	0.552916	0	0.8332371
23.68035	-315	1.8	-315	0	0.552916	0	0.8332371
23.70035	-315	1.8	-315	0	0.552916	0	0.8332371
23.72035	-315	1.8	-315	0	0.552916	0	0.8332371
23.74035	-315	1.8	-315	0	0.552916	0	0.8332371
23.76035	-315	1.8	-315	0	0.552916	0	0.8332371
23.78035	-315	1.8	-315	0	0.552916	0	0.8332371
23.80035	-315	1.8	-315	0	0.552916	0	0.8332371
23.82035	-315	1.8	-315	0	0.552916	0	0.8332371
23.84035	-315	1.8	-315	0	0.552916	0	0.8332371
23.86036	-315	1.8	-315	0	0.552916	0	0.8332371
23.88036	-315	1.8	-315	0	0.552916	0	0.8332371
23.90036	-315	1.8	-315	0	0.552916	0	0.8332371
23.92036	-315	1.8	-315	0	0.552916	0	0.8332371
23.94036	-315	1.8	-315	0	0.552916	0	0.8332371
23.96036	-315	1.8	-315	0	0.552916	0	0.8332371
23.98036	-315	1.8	-315	0	0.552916	0	0.8332371
24.00036	-315	1.8	-315	0	0.552916	0	0.8332371
24.02036	-315	1.8	-315	0	0.552916	0	0.8332371
24.04036	-315	1.8	-315	0	0.552916	0	0.8332371
24.06036	-315	1.8	-315	0	0.552916	0	0.8332371
24.08036	-315	1.8	-315	0	0.552916	0	0.8332371
24.10036	-315	1.8	-315	0	0.552916	0	0.8332371
24.12036	-315	1.8	-315	0	0.552916	0	0.8332371
24.14036	-315	1.8	-315	0	0.552916	0	0.8332371
24.16036	-315	1.8	-315	0	0.552916	0	0.8332371
24.18036	-315	1.8	-315	0	0.552916	0	0.8332371
24.20036	-315	1.8	-315	0	0.552916	0	0.8332371
24.22036	-315	1.8	-315	0	0.552916	0	0.8332371
24.24036	-315	1.8	-315	0	0.552916	0	0.8332371
24.26036	-315	1.8	-315	0	0.552916	0	0.8332371
24.28036	-315	1.8	-315	0	0.552916	0	0.8332371
24.30037	-315	1.8	-315	0	0.552916	0	0.8332371
24.32037	-315	1.8	-315	0	0.552916	0	0.8332371
24.34037	-315	1.8	-315	0	0.552916	0	0.8332371
24.36037	-315	1.8	-315	0	0.552916	0	0.8332371
24.38037	-315	1.8	-315	0	0.552916	0	0.8332371
24.40037	-315	1.8	-315	0	0.552916	0	0.8332371
24.42037	-315	1.8	-315	0	0.552916	0	0.8332371
24.44037	-315	1.8	-315	0	0.552916	0	0.8332371
24.46037	-315	1.8	-315	0	0.552916	0	0.8332371
24.48037	-315	1.8	-315	0	0.552916	0	0.8332371
24.50037	-315	1.8	-315	0	0.552916	0	0.8332371
24.52037	-315	1.8	-315	0	0.552916	0	0.8332371
24.54037	-315	1.8	-315	0	0.552916	0	0.8332371
24.56037	-315	1.8	-315	0	0.552916	0	0.8332371
24.58037	-315	1.8	-315	0	0.552916	0	0.8332371
24.60037	-315	1.8	-315	0	0.552916	0	0.8332371
24.62037	-315	1.8	-315	0	0.552916	0	0.8332371
24.64037	-315	1.8	-315	0	0.552916	0	0.8332371
24.66037	-315	1.8	-315	0	0.552916	0	0.8332371
24.68037	-315	1.8	-315	0	0.552916	0	0.8332371
24.70037	-315	1.8	-315	0	0.552916	0	0.8332371
24.72038	-315	1.8	-315	0	0.552916	0	0.8332371
24.74038	-315	1.8	-315	0	0.552916	0	0.8332371
24.76038	-315	1.8	-315	0	0.552916	0	0.8332371
24.78038	-315	1.8	-315	0	0.552916	0	0.8332371
24.80038	-315	1.8	-315	0	0.552916	0	0.8332371
24.82038	-315	1.8	-315	0	0.552916	0	0.8332371
24.84038	-315	1.8	-315	0	0.552916	0	0.8332371
24.86038	-315	1.8	-315	0	0.552916	0	0.8332371
24.88038	-315	1.8	-315	0	0.552916	0	0.8332371
24.90038	-315	1.8	-315	0	0.552916	0	0.8332371
24.92038	-315	1.8	-315	0	0.552916	0	0.8332371
24.94038	-315	1.8	-315	0	0.552916	0	0.8332371
24.96038	-315	1.8	-315	0	0.552916	0	0.8332371
24.98038	-315	1.8	-315	0	0.552916	0	0.8332371
25.00038	-315	1.8	-315	0	0.552916	0	0.8332371
25.02038	-315	1.8	-315	0	0.552916	0	0.8332371
25.04038	-315	1.8	-315	0	0.552916	0	0.8332371
25.06038	-315	1.8	-315	0	0.552916	0	0.8332371
25.08038	-315	1.8	-315	0	0.552916	0	0.8332371
25.10038	-315	1.8	-315	0	0.552916	0	0.8332371
25.12038	-315	1.8	-315	0	0.552916	0	0.8332371
25.14038	-315	1.8	-315	0	0.552916	0	0.8332371
25.16039	-315	1.8	-315	0	0.552916	0	0.8332371
25.18039	-315	1.8	-315	0	0.552916	0	0.8332371
25.20039	-315	1.8	-315	0	0.552916	0	0.8332371
25.22039	-315	1.8	-315	0	0.552916	0	0.8332371
25.24039	-315	1.8	-315	0	0.552916	0	0.8332371
25.26039	-315	1.8	-315	0	0.552916	0	0.8332371
25.28039	-315	1.8	-315	0	0.552916	0	0.8332371
25.30039	-315	1.8	-315	0	0.552916	0	0.8332371
25.32039	-315	1.8	-315	0	0.552916	0	0.8332371
25.34039	-315	1.8	-315	0	0.552916	0	0.8332371
25.36039	-315	1.8	-315	0	0.552916	0	0.8332371
25.38039	-315	1.8	-315	0	0.552916	0	0.8332371
25.40039	-315	1.8	-315	0	0.552916	0	0.8332371
25.42039	-315	1.8	-315	0	0.552916	0	0.8332371
25.44039	-315	1.8	-315	0	0.552916	0	0.8332371
25.46039	-315	1.8	-315	0	0.552916	0	0.8332371
25.48039	-315	1.8	-315	0	0.552916	0	0.8332371
25.50039	-315	1.8	-315	0	0.552916	0	0.8332371
25.52039	-315	1.8	-315	0	0.552916	0	0.8332371
25.54039	-315	1.8	-315	0	0.552916	0	0.8332371
25.56039	-315	1.8	-315	0	0.552916	0	0.8332371
25.58039	-315	1.8	-315	0	0.552916	0	0.8332371
25.6004	-315	1.8	-315	0	0.552916	0	0.8332371
25.6204	-315	1.8	-315	0	0.552916	0	0.8332371
25.6404	-315	1.8	-315	0	0.552916	0	0.8332371
25.6604	-315	1.8	-315	0	0.552916	0	0.8332371
25.6804	-315	1.8	-315	0	0.552916	0	0.8332371
25.7004	-315	1.8	-315	0	0.552916	0	0.8332371
25.7204	-315	1.8	-315	0	0.552916	0	0.8332371
25.7404	-315	1.8	-315	0	0.552916	0	0.8332371
25.7604	-315	1.8	-315	0	0.552916	0	0.8332371
25.7804	-315	1.8	-315	0	0.552916	0	0.8332371
25.8004	-315	1.8	-315	0	0.552916	0	0.8332371
25.8204	-315	1.8	-315	0	0.552916	0	0.8332371
25.8404	-315	1.8	-315	0	0.552916	0	0.8332371
25.8604	-315	1.8	-315	0	0.552916	0	0.8332371
25.8804	-315	1.8	-315	0	0.552916	0	0.8332371
25.9004	-315	1.8	-315	0	0.552916	0	0.8332371
25.9204	-315	1.8	-315	0	0.552916	0	0.8332371
25.9404	-315	1.8	-315	0	0.552916	0	0.8332371
25.9604	-315	1.8	-315	0	0.552916	0	0.8332371
25.9804	-315	1.8	-315	0	0.552916	0	0.8332371
26.0004	-315	1.8	-315	0	0.552916	0	0.8332371
26.0204	-315	1.8	-315	0	0.552916	0	0.8332371
26.04041	-315	1.8	-315	0	0.552916	0	0.8332371
26.06041	-315	1.8	-315	0	0.552916	0	0.8332371
26.08041	-315	1.8	-315	0	0.552916	0	0.8332371
26.10041	-315	1.8	-315	0	0.552916	0	0.8332371
26.12041	-315	1.8	-315	0	0.552916	0	0.8332371
26.14041	-315	1.8	-315	0	0.552916	0	0.8332371
26.16041	-315	1.8	-315	0	0.552916	0	0.8332371
26.18041	-315	1.8	-315	0	0.552916	0	0.8332371
26.20041	-315	1.8	-315	0	0.552916	0	0.8332371
26.22041	-315	1.8	-315	0	0.552916	0	0.8332371
26.24041	-315	1.8	-315	0	0.552916	0	0.8332371
26.26041	-315	1.8	-315	0	0.552916	0	0.8332371
26.28041	-315	1.8	-315	0	0.552916	0	0.8332371
26.30041	-315	1.8	-315	0	0.552916	0	0.8332371
26.32041	-315	1.8	-315	0	0.552916	0	0.8332371
26.34041	-315	1.8	-315	0	0.552916	0	0.8332371
26.36041	-315	1.8	-315	0	0.552916	0	0.8332371
26.38041	-315	1.8	-315	0	0.552916	0	0.8332371
26.40041	-315	1.8	-315	0	0.552916	0	0.8332371
26.42041	-315	1.8	-315	0	0.552916	0	0.8332371
26.44041	-315	1.8	-315	0	0.552916	0	0.8332371
26.46041	-315	1.8	-315	0	0.552916	0	0.8332371
26.48042	-315	1.8	-315	0	0.552916	0	0.8332371
26.50042	-315	1.8	-315	0	0.552916	0	0.8332371
26.52042	-315	1.8	-315	0	0.552916	0	0.8332371
26.54042	-315	1.8	-315	0	0.552916	0	0.8332371
26.56042	-315	1.8	-315	0	0.552916	0	0.8332371
26.58042	-315	1.8	-315	0	0.552916	0	0.8332371
26.60042	-315	1.8	-315	0	0.552916	0	0.8332371
26.62042	-315	1.8	-315	0	0.552916	0	0.8332371
26.64042	-315	1.8	-315	0	0.552916	0	0.8332371
26.66042	-315	1.8	-315	0	0.552916	0	0.8332371
26.68042	-315	1.8	-315	0	0.552916	0	0.8332371
26.70042	-315	1.8	-315	0	0.552916	0	0.8332371
26.72042	-315	1.8	-315	0	0.552916	0	0.8332371
26.74042	-315	1.8	-315	0	0.552916	0	0.8332371
26.76042	-315	1.8	-315	0	0.552916	0	0.8332371
26.78042	-315	1.8	-315	0	0.552916	0	0.8332371
26.80042	-315	1.8	-315	0	0.552916	0	0.8332371
26.82042	-315	1.8	-315	0	0.552916	0	0.8332371
26.84042	-315	1.8	-315	0	0.552916	0	0.8332371
26.86042	-315	1.8	-315	0	0.552916	0	0.8332371
26.88042	-315	1.8	-315	0	0.552916	0	0.8332371
26.90042	-315	1.8	-315	0	0.552916	0	0.8332371
26.92043	-315	1.8	-315	0	0.552916	0	0.8332371
26.94043	-315	1.8	-315	0	0.552916	0	0.8332371
26.96043	-315	1.8	-315	0	0.552916	0	0.8332371
26.98043	-315	1.8	-315	0	0.552916	0	0.8332371
27.00043	-315	1.8	-315	0	0.552916	0	0.8332371
27.02043	-315	1.8	-315	0	0.552916	0	0.8332371
27.04043	-315	1.8	-315	0	0.552916	0	0.8332371
27.06043	-315	1.8	-315	0	0.552916	0	0.8332371
27.08043	-315	1.8	-315	0	0.552916	0	0.8332371
27.10043	-315	1.8	-315	0	0.552916	0	0.8332371
27.12043	-315	1.8	-315	0	0.552916	0	0.8332371
27.14043	-315	1.8	-315	0	0.552916	0	0.8332371
27.16043	-315	1.8	-315	0	0.552916	0	0.8332371
27.18043	-315	1.8	-315	0	0.552916	0	0.8332371
27.20043	-315	1.8	-315	0	0.552916	0	0.8332371
27.22043	-315	1.8	-315	0	0.552916	0	0.8332371
27.24043	-315	1.8	-315	0	0.552916	0	0.8332371
27.26043	-315	1.8	-315	0	0.552916	0	0.8332371
27.28043	-315	1.8	-315	0	0.552916	0	0.8332371
27.30043	-315	1.8	-315	0	0.552916	0	0.8332371
27.32043	-315	1.8	-315	0	0.552916	0	0.8332371
27.34044	-315	1.8	-315	0	0.552916	0	0.8332371
27.36044	-315	1.8	-315	0	0.552916	0	0.8332371
27.38044	-315	1.8	-315	0	0.552916	0	0.8332371
27.40044	-315	1.8	-315	0	0.552916	0	0.8332371
27.42044	-315	1.8	-315	0	0.552916	0	0.8332371
27.44044	-315	1.8	-315	0	0.552916	0	0.8332371
27.46044	-315	1.8	-315	0	0.552916	0	0.8332371
27.48044	-315	1.8	-315	0	0.552916	0	0.8332371
27.50044	-315	1.8	-315	0	0.552916	0	0.8332371
27.52044	-315	1.8	-315	0	0.552916	0	0.8332371
27.54044	-315	1.8	-315	0	0.552916	0	0.8332371
27.56044	-315	1.8	-315	0	0.552916	0	0.8332371
27.58044	-315	1.8	-315	0	0.552916	0	0.8332371
27.60044	-315	1.8	-315	0	0.552916	0	0.8332371
27.62044	-315	1.8	-315	0	0.552916	0	0.8332371
27.64044	-315	1.8	-315	0	0.552916	0	0.8332371
27.66044	-315	1.8	-315	0	0.552916	0	0.8332371
27.68044	-315	1.8	-315	0	0.552916	0	0.8332371
27.70044	-315	1.8	-315	0	0.552916	0	0.8332371
27.72044	-315	1.8	-315	0	0.552916	0	0.8332371
27.74044	-315	1.8	-315	0	0.552916	0	0.8332371
27.76044	-315	1.8	-315	0	0.552916	0	0.8332371
27.78045	-315	1.8	-315	0	0.552916	0	0.8332371
27.80045	-315	1.8	-315	0	0.552916	0	0.8332371
27.82045	-315	1.8	-315	0	0.552916	0	0.8332371
27.84045	-315	1.8	-315	0	0.552916	0	0.8332371
27.86045	-315	1.8	-315	0	0.552916	0	0.8332371
27.88045	-315	1.8	-315	0	0.552916	0	0.8332371
27.90045	-315	1.8	-315	0	0.552916	0	0.8332371
27.92045	-315	1.8	-315	0	0.552916	0	0.8332371
27.94045	-315	1.8	-315	0	0.552916	0	0.8332371
27.96045	-315	1.8	-315	0	0.552916	0	0.8332371
27.98045	-315	1.8	-315	0	0.552916	0	0.8332371
28.00045	-315	1.8	-315	0	0.552916	0	0.8332371
28.02045	-315	1.8	-315	0	0.552916	0	0.8332371
28.04045	-315	1.8	-315	0	0.552916	0	0.8332371
28.06045	-315	1.8	-315	0	0.552916	0	0.8332371
28.08045	-315	1.8	-315	0	0.552916	0	0.8332371
28.10045	-315	1.8	-315	0	0.552916	0	0.8332371
28.12045	-315	1.8	-315	0	0.552916	0	0.8332371
28.14045	-315	1.8	-315	0	0.552916	0	0.8332371
28.16045	-315	1.8	-315	0	0.552916	0	0.8332371
28.18045	-315	1.8	-315	0	0.552916	0	0.8332371
28.20045	-315	1.8	-315	0	0.552916	0	0.8332371
28.22046	-315	1.8	-315	0	0.552916	0	0.8332371
28.24046	-315	1.8	-315	0	0.552916	0	0.8332371
28.26046	-315	1.8	-315	0	0.552916	0	0.8332371
28.28046	-315	1.8	-315	0	0.552916	0	0.8332371
28.30046	-315	1.8	-315	0	0.552916	0	0.8332371
28.32046	-315	1.8	-315	0	0.552916	0	0.8332371
28.34046	-315	1.8	-315	0	0.552916	0	0.8332371
28.36046	-315	1.8	-315	0	0.552916	0	0.8332371
28.38046	-315	1.8	-315	0	0.552916	0	0.8332371
28.40046	-315	1.8	-315	0	0.552916	0	0.8332371
28.42046	-315	1.8	-315	0	0.552916	0	0.8332371
28.44046	-315	1.8	-315	0	0.552916	0	0.8332371
28.46046	-315	1.8	-315	0	0.552916	0	0.8332371
28.48046	-315	1.8	-315	0	0.552916	0	0.8332371
28.50046	-315	1.8	-315	0	0.552916	0	0.8332371
28.52046	-315	1.8	-315	0	0.552916	0	0.8332371
28.54046	-315	1.8	-315	0	0.552916	0	0.8332371
28.56046	-315	1.8	-315	0	0.552916	0	0.8332371
28.58046	-315	1.8	-315	0	0.552916	0	0.8332371
28.60046	-315	1.8	-315	0	0.552916	0	0.8332371
28.62046	-315	1.8	-315	0	0.552916	0	0.8332371
28.64046	-315	1.8	-315	0	0.552916	0	0.8332371
28.66047	-315	1.8	-315	0	0.552916	0	0.8332371
28.68047	-315	1.8	-315	0	0.552916	0	0.8332371
28.70047	-315	1.8	-315	0	0.552916	0	0.8332371
28.72047	-315	1.8	-315	0	0.552916	0	0.8332371
28.74047	-315	1.8	-315	0	0.552916	0	0.8332371
28.76047	-315	1.8	-315	0	0.552916	0	0.8332371
28.78047	-315	1.8	-315	0	0.552916	0	0.8332371
28.80047	-315	1.8	-315	0	0.552916	0	0.8332371
28.82047	-315	1.8	-315	0	0.552916	0	0.8332371
28.84047	-315	1.8	-315	0	0.552916	0	0.8332371
28.86047	-315	1.8	-315	0	0.552916	0	0.8332371
28.88047	-315	1.8	-315	0	0.552916	0	0.8332371
28.90047	-315	1.8	-315	0	0.552916	0	0.8332371
28.92047	-315	1.8	-315	0	0.552916	0	0.8332371
28.94047	-315	1.8	-315	0	0.552916	0	0.8332371
28.96047	-315	1.8	-315	0	0.552916	0	0.8332371
28.98047	-315	1.8	-315	0	0.552916	0	0.8332371
29.00047	-315	1.8	-315	0	0.552916	0	0.8332371
29.02047	-315	1.8	-315	0	0.552916	0	0.8332371
29.04047	-315	1.8	-315	0	0.552916	0	0.8332371
29.06047	-315	1.8	-315	0	0.552916	0	0.8332371
29.08047	-315	1.8	-315	0	0.552916	0	0.8332371
29.10048	-315	1.8	-315	0	0.552916	0	0.8332371
29.12048	-315	1.8	-315	0	0.552916	0	0.8332371
29.14048	-315	1.8	-315	0	0.552916	0	0.8332371
29.16048	-315	1.8	-315	0	0.552916	0	0.8332371
29.18048	-315	1.8	-315	0	0.552916	0	0.8332371
29.20048	-315	1.8	-315	0	0.552916	0	0.8332371
29.22048	-315	1.8	-315	0	0.552916	0	0.8332371
29.24048	-315	1.8	-315	0	0.552916	0	0.8332371
29.26048	-315	1.8	-315	0	0.552916	0	0.8332371
29.28048	-315	1.8	-315	0	0.552916	0	0.8332371
29.30048	-315	1.8	-315	0	0.552916	0	0.8332371
29.32048	-315	1.8	-315	0	0.552916	0	0.8332371
29.34048	-315	1.8	-315	0	0.552916	0	0.8332371
29.36048	-315	1.8	-315	0	0.552916	0	0.8332371
29.38048	-315	1.8	-315	0	0.552916	0	0.8332371
29.40048	-315	1.8	-315	0	0.552916	0	0.8332371
29.42048	-315	1.8	-315	0	0.552916	0	0.8332371
29.44048	-315	1.8	-315	0	0.552916	0	0.8332371
29.46048	-315	1.8	-315	0	0.552916	0	0.8332371
29.48048	-315	1.8	-315	0	0.552916	0	0.8332371
29.50048	-315	1.8	-315	0	0.552916	0	0.8332371
29.52048	-315	1.8	-315	0	0.552916	0	0.8332371
29.54049	-315	1.8	-315	0	0.552916	0	0.8332371
29.56049	-315	1.8	-315	0	0.552916	0	0.8332371
29.58049	-315	1.8	-315	0	0.552916	0	0.8332371
29.60049	-315	1.8	-315	0	0.552916	0	0.8332371
29.62049	-315	1.8	-315	0	0.552916	0	0.8332371
29.64049	-315	1.8	-315	0	0.552916	0	0.8332371
29.66049	-315	1.8	-315	0	0.552916	0	0.8332371
29.68049	-315	1.8	-315	0	0.552916	0	0.8332371
29.70049	-315	1.8	-315	0	0.552916	0	0.8332371
29.72049	-315	1.8	-315	0	0.552916	0	0.8332371
29.74049	-315	1.8	-315	0	0.552916	0	0.8332371
29.76049	-315	1.8	-315	0	0.552916	0	0.8332371
29.78049	-315	1.8	-315	0	0.552916	0	0.8332371
29.80049	-315	1.8	-315	0	0.552916	0	0.8332371
29.82049	-315	1.8	-315	0	0.552916	0	0.8332371
29.84049	-315	1.8	-315	0	0.552916	0	0.8332371
29.86049	-315	1.8	-315	0	0.552916	0	0.8332371
29.88049	-315	1.8	-315	0	0.552916	0	0.8332371
29.90049	-315	1.8	-315	0	0.552916	0	0.8332371
29.92049	-315	1.8	-315	0	0.552916	0	0.8332371
29.94049	-315	1.8	-315	0	0.552916	0	0.8332371
29.96049	-315	1.8	-315	0	0.552916	0	0.8332371
29.9805	-315	1.8	-315	0	0.552916	0	0.8332371
30.0005	-315	1.8	-315	0	0.552916	0	0.8332371
30.0205	-315	1.8	-315	0	0.552916	0	0.8332371
30.0405	-315	1.8	-315	0	0.552916	0	0.8332371
30.0605	-315	1.8	-315	0	0.552916	0	0.8332371
30.0805	-315	1.8	-315	0	0.552916	0	0.8332371
30.1005	-315	1.8	-315	0	0.552916	0	0.8332371
30.1205	-315	1.8	-315	0	0.552916	0	0.8332371
30.1405	-315	1.8	-315	0	0.552916	0	0.8332371
30.1605	-315	1.8	-315	0	0.552916	0	0.8332371
30.1805	-315	1.8	-315	0	0.552916	0	0.8332371
30.2005	-315	1.8	-315	0	0.552916	0	0.8332371
30.2205	-315	1.8	-315	0	0.552916	0	0.8332371
30.2405	-315	1.8	-315	0	0.552916	0	0.8332371
30.2605	-315	1.8	-315	0	0.552916	0	0.8332371
30.2805	-315	1.8	-315	0	0.552916	0	0.8332371
30.3005	-315	1.8	-315	0	0.552916	0	0.8332371
30.3205	-315	1.8	-315	0	0.552916	0	0.8332371
30.3405	-315	1.8	-315	0	0.552916	0	0.8332371
30.3605	-315	1.8	-315	0	0.552916	0	0.8332371
30.3805	-315	1.8	-315	0	0.552916	0	0.8332371
30.40051	-315	1.8	-315	0	0.552916	0	0.8332371
30.42051	-315	1.8	-315	0	0.552916	0	0.8332371
30.44051	-315	1.8	-315	0	0.552916	0	0.8332371
30.46051	-315	1.8	-315	0	0.552916	0	0.8332371
30.48051	-315	1.8	-315	0	0.552916	0	0.8332371
30.50051	-315	1.8	-315	0	0.552916	0	0.8332371
30.52051	-315	1.8	-315	0	0.552916	0	0.8332371
30.54051	-315	1.8	-315	0	0.552916	0	0.8332371
30.56051	-315	1.8	-315	0	0.552916	0	0.8332371
30.58051	-315	1.8	-315	0	0.552916	0	0.8332371
30.60051	-315	1.8	-315	0	0.552916	0	0.8332371
30.62051	-315	1.8	-315	0	0.552916	0	0.8332371
30.64051	-315	1.8	-315	0	0.552916	0	0.8332371
30.66051	-315	1.8	-315	0	0.552916	0	0.8332371
30.68051	-315	1.8	-315	0	0.552916	0	0.8332371
30.70051	-315	1.8	-315	0	0.552916	0	0.8332371
30.72051	-315	1.8	-315	0	0.552916	0	0.8332371
30.74051	-315	1.8	-315	0	0.552916	0	0.8332371
30.76051	-315	1.8	-315	0	0.552916	0	0.8332371
30.78051	-315	1.8	-315	0	0.552916	0	0.8332371
30.80051	-315	1.8	-315	0	0.552916	0	0.8332371
30.82051	-315	1.8	-315	0	0.552916	0	0.8332371
30.84052	-315	1.8	-315	0	0.552916	0	0.8332371
30.86052	-315	1.8	-315	0	0.552916	0	0.8332371
30.88052	-315	1.8	-315	0	0.552916	0	0.8332371
30.90052	-315	1.8	-315	0	0.552916	0	0.8332371
30.92052	-315	1.8	-315	0	0.552916	0	0.8332371
30.94052	-315	1.8	-315	0	0.552916	0	0.8332371
30.96052	-315	1.8	-315	0	0.552916	0	0.8332371
30.98052	-315	1.8	-315	0	0.552916	0	0.8332371
31.00052	-315	1.8	-315	0	0.552916	0	0.8332371
31.02052	-315	1.8	-315	0	0.552916	0	0.8332371
31.04052	-315	1.8	-315	0	0.552916	0	0.8332371
31.06052	-315	1.8	-315	0	0.552916	0	0.8332371
31.08052	-315	1.8	-315	0	0.552916	0	0.8332371
31.10052	-315	1.8	-315	0	0.552916	0	0.8332371
31.12052	-315	1.8	-315	0	0.552916	0	0.8332371
31.14052	-315	1.8	-315	0	0.552916	0	0.8332371
31.16052	-315	1.8	-315	0	0.552916	0	0.8332371
31.18052	-315	1.8	-315	0	0.552916	0	0.8332371
31.20052	-315	1.8	-315	0	0.552916	0	0.8332371
31.22052	-315	1.8	-315	0	0.552916	0	0.8332371
31.24052	-315	1.8	-315	0	0.552916	0	0.8332371
31.26052	-315	1.8	-315	0	0.552916	0	0.8332371
31.28053	-315	1.8	-315	0	0.552916	0	0.8332371
31.30053	-315	1.8	-315	0	0.552916	0	0.8332371
31.32053	-315	1.8	-315	0	0.552916	0	0.8332371
31.34053	-315	1.8	-315	0	0.552916	0	0.8332371
31.36053	-315	1.8	-315	0	0.552916	0	0.8332371
31.38053	-315	1.8	-315	0	0.552916	0	0.8332371
31.40053	-315	1.8	-315	0	0.552916	0	0.8332371
31.42053	-315	1.8	-315	0	0.552916	0	0.8332371
31.44053	-315	1.8	-315	0	0.552916	0	0.8332371
31.46053	-315	1.8	-315	0	0.552916	0	0.8332371
31.48053	-315	1.8	-315	0	0.552916	0	0.8332371
31.50053	-315	1.8	-315	0	0.552916	0	0.8332371
31.52053	-315	1.8	-315	0	0.552916	0	0.8332371
31.54053	-315	1.8	-315	0	0.552916	0	0.8332371
31.56053	-315	1.8	-315	0	0.552916	0	0.8332371
31.58053	-315	1.8	-315	0	0.552916	0	0.8332371
31.60053	-315	1.8	-315	0	0.552916	0	0.8332371
31.62053	-315	1.8	-315	0	0.552916	0	0.8332371
31.64053	-315	1.8	-315	0	0.552916	0	0.8332371
31.66053	-315	1.8	-315	0	0.552916	0	0.8332371
31.68053	-315	1.8	-315	0	0.552916	0	0.8332371
31.70053	-315	1.8	-315	0	0.552916	0	0.8332371
31.72054	-315	1.8	-315	0	0.552916	0	0.8332371
31.74054	-315	1.8	-315	0	0.552916	0	0.8332371
31.76054	-315	1.8	-315	0	0.552916	0	0.8332371
31.78054	-315	1.8	-315	0	0.552916	0	0.8332371
31.80054	-315	1.8	-315	0	0.552916	0	0.8332371
31.82054	-315	1.8	-315	0	0.552916	0	0.8332371
31.84054	-315	1.8	-315	0	0.552916	0	0.8332371
31.86054	-315	1.8	-315	0	0.552916	0	0.8332371
31.88054	-315	1.8	-315	0	0.552916	0	0.8332371
31.90054	-315	1.8	-315	0	0.552916	0	0.8332371
31.92054	-315	1.8	-315	0	0.552916	0	0.8332371
31.94054	-315	1.8	-315	0	0.552916	0	0.8332371
31.96054	-315	1.8	-315	0	0.552916	0	0.8332371
31.98054	-315	1.8	-315	0	0.552916	0	0.8332371
32.00054	-315	1.8	-315	0	0.552916	0	0.8332371
32.02054	-315	1.8	-315	0	0.552916	0	0.8332371
32.04054	-315	1.8	-315	0	0.552916	0	0.8332371
32.06054	-315	1.8	-315	0	0.552916	0	0.8332371
32.08054	-315	1.8	-315	0	0.552916	0	0.8332371
32.10054	-315	1.8	-315	0	0.552916	0	0.8332371
32.12054	-315	1.8	-315	0	0.552916	0	0.8332371
32.14054	-315	1.8	-315	0	0.552916	0	0.8332371
32.16055	-315	1.8	-315	0	0.552916	0	0.8332371
32.18055	-315	1.8	-315	0	0.552916	0	0.8332371
32.20055	-315	1.8	-315	0	0.552916	0	0.8332371
32.22055	-315	1.8	-315	0	0.552916	0	0.8332371
32.24055	-315	1.8	-315	0	0.552916	0	0.8332371
32.26055	-315	1.8	-315	0	0.552916	0	0.8332371
32.28055	-315	1.8	-315	0	0.552916	0	0.8332371
32.30055	-315	1.8	-315	0	0.552916	0	0.8332371
32.32055	-315	1.8	-315	0	0.552916	0	0.8332371
32.34055	-315	1.8	-315	0	0.552916	0	0.8332371
32.36055	-315	1.8	-315	0	0.552916	0	0.8332371
32.38055	-315	1.8	-315	0	0.552916	0	0.8332371
32.40055	-315	1.8	-315	0	0.552916	0	0.8332371
32.42055	-315	1.8	-315	0	0.552916	0	0.8332371
32.44055	-315	1.8	-315	0	0.552916	0	0.8332371
32.46055	-315	1.8	-315	0	0.552916	0	0.8332371
32.48055	-315	1.8	-315	0	0.552916	0	0.8332371
32.50055	-315	1.8	-315	0	0.552916	0	0.8332371
32.52055	-315	1.8	-315	0	0.552916	0	0.8332371
32.54055	-315	1.8	-315	0	0.552916	0	0.8332371
32.56055	-315	1.8	-315	0	0.552916	0	0.8332371
32.58055	-315	1.8	-315	0	0.552916	0	0.8332371
32.60056	-315	1.8	-315	0	0.552916	0	0.8332371
32.62056	-315	1.8	-315	0	0.552916	0	0.8332371
32.64056	-315	1.8	-315	0	0.552916	0	0.8332371
32.66056	-315	1.8	-315	0	0.552916	0	0.8332371
32.68056	-315	1.8	-315	0	0.552916	0	0.8332371
32.70056	-315	1.8	-315	0	0.552916	0	0.8332371
32.72056	-315	1.8	-315	0	0.552916	0	0.8332371
32.74056	-315	1.8	-315	0	0.552916	0	0.8332371
32.76056	-315	1.8	-315	0	0.552916	0	0.8332371
32.78056	-315	1.8	-315	0	0.552916	0	0.8332371
32.80056	-315	1.8	-315	0	0.552916	0	0.8332371
32.82056	-315	1.8	-315	0	0.552916	0	0.8332371
32.84056	-315	1.8	-315	0	0.552916	0	0.8332371
32.86056	-315	1.8	-315	0	0.552916	0	0.8332371
32.88056	-315	1.8	-315	0	0.552916	0	0.8332371
32.90056	-315	1.8	-315	0	0.552916	0	0.8332371
32.92056	-315	1.8	-315	0	0.552916	0	0.8332371
32.94056	-315	1.8	-315	0	0.552916	0	0.8332371
32.96056	-315	1.8	-315	0	0.552916	0	0.8332371
32.98056	-315	1.8	-315	0	0.552916	0	0.8332371
33.00056	-315	1.8	-315	0	0.552916	0	0.8332371
33.02057	-315	1.8	-315	0	0.552916	0	0.8332371
33.04057	-315	1.8	-315	0	0.552916	0	0.8332371
33.06057	-315	1.8	-315	0	0.552916	0	0.8332371
33.08057	-315	1.8	-315	0	0.552916	0	0.8332371
33.10057	-315	1.8	-315	0	0.552916	0	0.8332371
33.12057	-315	1.8	-315	0	0.552916	0	0.8332371
33.14057	-315	1.8	-315	0	0.552916	0	0.8332371
33.16057	-315	1.8	-315	0	0.552916	0	0.8332371
33.18057	-315	1.8	-315	0	0.552916	0	0.8332371
33.20057	-315	1.8	-315	0	0.552916	0	0.8332371
33.22057	-315	1.8	-315	0	0.552916	0	0.8332371
33.24057	-315	1.8	-315	0	0.552916	0	0.8332371
33.26057	-315	1.8	-315	0	0.552916	0	0.8332371
33.28057	-315	1.8	-315	0	0.552916	0	0.8332371
33.30057	-315	1.8	-315	0	0.552916	0	0.8332371
33.32057	-315	1.8	-315	0	0.552916	0	0.8332371
33.34057	-315	1.8	-315	0	0.552916	0	0.8332371
33.36057	-315	1.8	-315	0	0.552916	0	0.8332371
33.38057	-315	1.8	-315	0	0.552916	0	0.8332371
33.40057	-315	1.8	-315	0	0.552916	0	0.8332371
33.42057	-315	1.8	-315	0	0.552916	0	0.8332371
33.44057	-315	1.8	-315	0	0.552916	0	0.8332371
33.46058	-315	1.8	-315	0	0.552916	0	0.8332371
33.48058	-315	1.8	-315	0	0.552916	0	0.8332371
33.50058	-315	1.8	-315	0	0.552916	0	0.8332371
33.52058	-315	1.8	-315	0	0.552916	0	0.8332371
33.54058	-315	1.8	-315	0	0.552916	0	0.8332371
33.56058	-315	1.8	-315	0	0.552916	0	0.8332371
33.58058	-315	1.8	-315	0	0.552916	0	0.8332371
33.60058	-315	1.8	-315	0	0.552916	0	0.8332371
33.62058	-315	1.8	-315	0	0.552916	0	0.8332371
33.64058	-315	1.8	-315	0	0.552916	0	0.8332371
33.66058	-315	1.8	-315	0	0.552916	0	0.8332371
33.68058	-315	1.8	-315	0	0.552916	0	0.8332371
33.70058	-315	1.8	-315	0	0.552916	0	0.8332371
33.72058	-315	1.8	-315	0	0.552916	0	0.8332371
33.74058	-315	1.8	-315	0	0.552916	0	0.8332371
33.76058	-315	1.8	-315	0	0.552916	0	0.8332371
33.78058	-315	1.8	-315	0	0.552916	0	0.8332371
33.80058	-315	1.8	-315	0	0.552916	0	0.8332371
33.82058	-315	1.8	-315	0	0.552916	0	0.8332371
33.84058	-315	1.8	-315	0	0.552916	0	0.8332371
33.86058	-315	1.8	-315	0	0.552916	0	0.8332371
33.88058	-315	1.8	-315	0	0.552916	0	0.8332371
33.90059	-315	1.8	-315	0	0.552916	0	0.8332371
33.92059	-315	1.8	-315	0	0.552916	0	0.8332371
33.94059	-315	1.8	-315	0	0.552916	0	0.8332371
33.96059	-315	1.8	-315	0	0.552916	0	0.8332371
33.98059	-315	1.8	-315	0	0.552916	0	0.8332371
34.00059	-315	1.8	-315	0	0.552916	0	0.8332371
34.02059	-315	1.8	-315	0	0.552916	0	0.8332371
34.04059	-315	1.8	-315	0	0.552916	0	0.8332371
34.06059	-315	1.8	-315	0	0.552916	0	0.8332371
34.08059	-315	1.8	-315	0	0.552916	0	0.8332371
34.10059	-315	1.8	-315	0	0.552916	0	0.8332371
34.12059	-315	1.8	-315	0	0.552916	0	0.8332371
34.14059	-315	1.8	-315	0	0.552916	0	0.8332371
34.16059	-315	1.8	-315	0	0.552916	0	0.8332371
34.18059	-315	1.8	-315	0	0.552916	0	0.8332371
34.20059	-315	1.8	-315	0	0.552916	0	0.8332371
34.22059	-315	1.8	-315	0	0.552916	0	0.8332371
34.24059	-315	1.8	-315	0	0.552916	0	0.8332371
34.26059	-315	1.8	-315	0	0.552916	0	0.8332371
34.28059	-315	1.8	-315	0	0.552916	0	0.8332371
34.30059	-315	1.8	-315	0	0.552916	0	0.8332371
34.32059	-315	1.8	-315	0	0.552916	0	0.8332371
34.3406	-315	1.8	-315	0	0.552916	0	0.8332371
34.3606	-315	1.8	-315	0	0.552916	0	0.8332371
34.3806	-315	1.8	-315	0	0.552916	0	0.8332371
34.4006	-315	1.8	-315	0	0.552916	0	0.8332371
34.4206	-315	1.8	-315	0	0.552916	0	0.8332371
34.4406	-315	1.8	-315	0	0.552916	0	0.8332371
34.4606	-315	1.8	-315	0	0.552916	0	0.8332371
34.4806	-315	1.8	-315	0	0.552916	0	0.8332371
34.5006	-315	1.8	-315	0	0.552916	0	0.8332371
34.5206	-315	1.8	-315	0	0.552916	0	0.8332371
34.5406	-315	1.8	-315	0	0.552916	0	0.8332371
34.5606	-315	1.8	-315	0	0.552916	0	0.8332371
34.5806	-315	1.8	-315	0	0.552916	0	0.8332371
34.6006	-315	1.8	-315	0	0.552916	0	0.8332371
34.6206	-315	1.8	-315	0	0.552916	0	0.8332371
34.6406	-315	1.8	-315	0	0.552916	0	0.8332371
34.6606	-315	1.8	-315	0	0.552916	0	0.8332371
34.6806	-315	1.8	-315	0	0.552916	0	0.8332371
34.7006	-315	1.8	-315	0	0.552916	0	0.8332371
34.7206	-315	1.8	-315	0	0.552916	0	0.8332371
34.7406	-315	1.8	-315	0	0.552916	0	0.8332371
34.7606	-315	1.8	-315	0	0.552916	0	0.8332371
34.78061	-315	1.8	-315	0	0.552916	0	0.8332371
34.80061	-315	1.8	-315	0	0.552916	0	0.8332371
34.82061	-315	1.8	-315	0	0.552916	0	0.8332371
34.84061	-315	1.8	-315	0	0.552916	0	0.8332371
34.86061	-315	1.8	-315	0	0.552916	0	0.8332371
34.88061	-315	1.8	-315	0	0.552916	0	0.8332371
34.90061	-315	1.8	-315	0	0.552916	0	0.8332371
34.92061	-315	1.8	-315	0	0.552916	0	0.8332371
34.94061	-315	1.8	-315	0	0.552916	0	0.8332371
34.96061	-315	1.8	-315	0	0.552916	0	0.8332371
34.98061	-315	1.8	-315	0	0.552916	0	0.8332371
35.00061	-315	1.8	-315	0	0.552916	0	0.8332371
35.02061	-315	1.8	-315	0	0.552916	0	0.8332371
35.04061	-315	1.8	-315	0	0.552916	0	0.8332371
35.06061	-315	1.8	-315	0	0.552916	0	0.8332371
35.08061	-315	1.8	-315	0	0.552916	0	0.8332371
35.10061	-315	1.8	-315	0	0.552916	0	0.8332371
35.12061	-315	1.8	-315	0	0.552916	0	0.8332371
35.14061	-315	1.8	-315	0	0.552916	0	0.8332371
35.16061	-315	1.8	-315	0	0.552916	0	0.8332371
35.18061	-315	1.8	-315	0	0.552916	0	0.8332371
35.20061	-315	1.8	-315	0	0.552916	0	0.8332371
35.22062	-315	1.8	-315	0	0.552916	0	0.8332371
35.24062	-315	1.8	-315	0	0.552916	0	0.8332371
35.26062	-315	1.8	-315	0	0.552916	0	0.8332371
35.28062	-315	1.8	-315	0	0.552916	0	0.8332371
35.30062	-315	1.8	-315	0	0.552916	0	0.8332371
35.32062	-315	1.8	-315	0	0.552916	0	0.8332371
35.34062	-315	1.8	-315	0	0.552916	0	0.8332371
35.36062	-315	1.8	-315	0	0.552916	0	0.8332371
35.38062	-315	1.8	-315	0	0.552916	0	0.8332371
35.40062	-315	1.8	-315	0	0.552916	0	0.8332371
35.42062	-315	1.8	-315	0	0.552916	0	0.8332371
35.44062	-315	1.8	-315	0	0.552916	0	0.8332371
35.46062	-315	1.8	-315	0	0.552916	0	0.8332371
35.48062	-315	1.8	-315	0	0.552916	0	0.8332371
35.50062	-315	1.8	-315	0	0.552916	0	0.8332371
35.52062	-315	1.8	-315	0	0.552916	0	0.8332371
35.54062	-315	1.8	-315	0	0.552916	0	0.8332371
35.56062	-315	1.8	-315	0	0.552916	0	0.8332371
35.58062	-315	1.8	-315	0	0.552916	0	0.8332371
35.60062	-315	1.8	-315	0	0.552916	0	0.8332371
35.62062	-315	1.8	-315	0	0.552916	0	0.8332371
35.64063	-315	1.8	-315	0	0.552916	0	0.8332371
35.66063	-315	1.8	-315	0	0.552916	0	0.8332371
35.68063	-315	1.8	-315	0	0.552916	0	0.8332371
35.70063	-315	1.8	-315	0	0.552916	0	0.8332371
35.72063	-315	1.8	-315	0	0.552916	0	0.8332371
35.74063	-315	1.8	-315	0	0.552916	0	0.8332371
35.76063	-315	1.8	-315	0	0.552916	0	0.8332371
35.78063	-315	1.8	-315	0	0.552916	0	0.8332371
35.80063	-315	1.8	-315	0	0.552916	0	0.8332371
35.82063	-315	1.8	-315	0	0.552916	0	0.8332371
35.84063	-315	1.8	-315	0	0.552916	0	0.8332371
35.86063	-315	1.8	-315	0	0.552916	0	0.8332371
35.88063	-315	1.8	-315	0	0.552916	0	0.8332371
35.90063	-315	1.8	-315	0	0.552916	0	0.8332371
35.92063	-315	1.8	-315	0	0.552916	0	0.8332371
35.94063	-315	1.8	-315	0	0.552916	0	0.8332371
35.96063	-315	1.8	-315	0	0.552916	0	0.8332371
35.98063	-315	1.8	-315	0	0.552916	0	0.8332371
36.00063	-315	1.8	-315	0	0.552916	0	0.8332371
36.02063	-315	1.8	-315	0	0.552916	0	0.8332371
36.04063	-315	1.8	-315	0	0.552916	0	0.8332371
36.06063	-315	1.8	-315	0	0.552916	0	0.8332371
36.08064	-315	1.8	-315	0	0.552916	0	0.8332371
36.10064	-315	1.8	-315	0	0.552916	0	0.8332371
36.12064	-315	1.8	-315	0	0.552916	0	0.8332371
36.14064	-315	1.8	-315	0	0.552916	0	0.8332371
36.16064	-315	1.8	-315	0	0.552916	0	0.8332371
36.18064	-315	1.8	-315	0	0.552916	0	0.8332371
36.20064	-315	1.8	-315	0	0.552916	0	0.8332371
36.22064	-315	1.8	-315	0	0.552916	0	0.8332371
36.24064	-315	1.8	-315	0	0.552916	0	0.8332371
36.26064	-315	1.8	-315	0	0.552916	0	0.8332371
36.28064	-315	1.8	-315	0	0.552916	0	0.8332371
36.30064	-315	1.8	-315	0	0.552916	0	0.8332371
36.32064	-315	1.8	-315	0	0.552916	0	0.8332371
36.34064	-315	1.8	-315	0	0.552916	0	0.8332371
36.36064	-315	1.8	-315	0	0.552916	0	0.8332371
36.38064	-315	1.8	-315	0	0.552916	0	0.8332371
36.40064	-315	1.8	-315	0	0.552916	0	0.8332371
36.42064	-315	1.8	-315	0	0.552916	0	0.8332371
36.44064	-315	1.8	-315	0	0.552916	0	0.8332371
36.46064	-315	1.8	-315	0	0.552916	0	0.8332371
36.48064	-315	1.8	-315	0	0.552916	0	0.8332371
36.50064	-315	1.8	-315	0	0.552916	0	0.8332371
36.52065	-315	1.8	-315	0	0.552916	0	0.8332371
36.54065	-315	1.8	-315	0	0.552916	0	0.8332371
36.56065	-315	1.8	-315	0	0.552916	0	0.8332371
36.58065	-315	1.8	-315	0	0.552916	0	0.8332371
36.60065	-315	1.8	-315	0	0.552916	0	0.8332371
36.62065	-315	1.8	-315	0	0.552916	0	0.8332371
36.64065	-315	1.8	-315	0	0.552916	0	0.8332371
36.66065	-315	1.8	-315	0	0.552916	0	0.8332371
36.68065	-315	1.8	-315	0	0.552916	0	0.8332371
36.70065	-315	1.8	-315	0	0.552916	0	0.8332371
36.72065	-315	1.8	-315	0	0.552916	0	0.8332371
36.74065	-315	1.8	-315	0	0.552916	0	0.8332371
36.76065	-315	1.8	-315	0	0.552916	0	0.8332371
36.78065	-315	1.8	-315	0	0.552916	0	0.8332371
36.80065	-315	1.8	-315	0	0.552916	0	0.8332371
36.82065	-315	1.8	-315	0	0.552916	0	0.8332371
36.84065	-315	1.8	-315	0	0.552916	0	0.8332371
36.86065	-315	1.8	-315	0	0.552916	0	0.8332371
36.88065	-315	1.8	-315	0	0.552916	0	0.8332371
36.90065	-315	1.8	-315	0	0.552916	0	0.8332371
36.92065	-315	1.8	-315	0	0.552916	0	0.8332371
36.94065	-315	1.8	-315	0	0.552916	0	0.8332371
36.96066	-315	1.8	-315	0	0.552916	0	0.8332371
36.98066	-315	1.8	-315	0	0.552916	0	0.8332371
37.00066	-315	1.8	-315	0	0.552916	0	0.8332371
37.02066	-315	1.8	-315	0	0.552916	0	0.8332371
37.04066	-315	1.8	-315	0	0.552916	0	0.8332371
37.06066	-315	1.8	-315	0	0.552916	0	0.8332371
37.08066	-315	1.8	-315	0	0.552916	0	0.8332371
37.10066	-315	1.8	-315	0	0.552916	0	0.8332371
37.12066	-315	1.8	-315	0	0.552916	0	0.8332371
37.14066	-315	1.8	-315	0	0.552916	0	0.8332371
37.16066	-315	1.8	-315	0	0.552916	0	0.8332371
37.18066	-315	1.8	-315	0	0.552916	0	0.8332371
37.20066	-315	1.8	-315	0	0.552916	0	0.8332371
37.22066	-315	1.8	-315	0	0.552916	0	0.8332371
37.24066	-315	1.8	-315	0	0.552916	0	0.8332371
37.26066	-315	1.8	-315	0	0.552916	0	0.8332371
37.28066	-315	1.8	-315	0	0.552916	0	0.8332371
37.30066	-315	1.8	-315	0	0.552916	0	0.8332371
37.32066	-315	1.8	-315	0	0.552916	0	0.8332371
37.34066	-315	1.8	-315	0	0.552916	0	0.8332371
37.36066	-315	1.8	-315	0	0.552916	0	0.8332371
37.38066	-315	1.8	-315	0	0.552916	0	0.8332371
37.40067	-315	1.8	-315	0	0.552916	0	0.8332371
37.42067	-315	1.8	-315	0	0.552916	0	0.8332371
37.44067	-315	1.8	-315	0	0.552916	0	0.8332371
37.46067	-315	1.8	-315	0	0.552916	0	0.8332371
37.48067	-315	1.8	-315	0	0.552916	0	0.8332371
37.50067	-315	1.8	-315	0	0.552916	0	0.8332371
37.52067	-315	1.8	-315	0	0.552916	0	0.8332371
37.54067	-315	1.8	-315	0	0.552916	0	0.8332371
37.56067	-315	1.8	-315	0	0.552916	0	0.8332371
37.58067	-315	1.8	-315	0	0.552916	0	0.8332371
37.60067	-315	1.8	-315	0	0.552916	0	0.8332371
37.62067	-315	1.8	-315	0	0.552916	0	0.8332371
37.64067	-315	1.8	-315	0	0.552916	0	0.8332371
37.66067	-315	1.8	-315	0	0.552916	0	0.8332371
37.68067	-315	1.8	-315	0	0.552916	0	0.8332371
37.70067	-315	1.8	-315	0	0.552916	0	0.8332371
37.72067	-315	1.8	-315	0	0.552916	0	0.8332371
37.74067	-315	1.8	-315	0	0.552916	0	0.8332371
37.76067	-315	1.8	-315	0	0.552916	0	0.8332371
37.78067	-315	1.8	-315	0	0.552916	0	0.8332371
37.80067	-315	1.8	-315	0	0.552916	0	0.8332371
37.82067	-315	1.8	-315	0	0.552916	0	0.8332371
37.84068	-315	1.8	-315	0	0.552916	0	0.8332371
37.86068	-315	1.8	-315	0	0.552916	0	0.8332371
37.88068	-315	1.8	-315	0	0.552916	0	0.8332371
37.90068	-315	1.8	-315	0	0.552916	0	0.8332371
37.92068	-315	1.8	-315	0	0.552916	0	0.8332371
37.94068	-315	1.8	-315	0	0.552916	0	0.8332371
37.96068	-315	1.8	-315	0	0.552916	0	0.8332371
37.98068	-315	1.8	-315	0	0.552916	0	0.8332371
38.00068	-315	1.8	-315	0	0.552916	0	0.8332371
38.02068	-315	1.8	-315	0	0.552916	0	0.8332371
38.04068	-315	1.8	-315	0	0.552916	0	0.8332371
38.06068	-315	1.8	-315	0	0.552916	0	0.8332371
38.08068	-315	1.8	-315	0	0.552916	0	0.8332371
38.10068	-315	1.8	-315	0	0.552916	0	0.8332371
38.12068	-315	1.8	-315	0	0.552916	0	0.8332371
38.14068	-315	1.8	-315	0	0.552916	0	0.8332371
38.16068	-315	1.8	-315	0	0.552916	0	0.8332371
38.18068	-315	1.8	-315	0	0.552916	0	0.8332371
38.20068	-315	1.8	-315	0	0.552916	0	0.8332371
38.22068	-315	1.8	-315	0	0.552916	0	0.8332371
38.240