#Surfing Trial Path#
#TimeStamp#	#Collision Event#	#Mode Switch Event#	#Reset Event#	#Waypoint Event#	#PositionX#	#PositionY#	#PositionZ#	#OrientationX#	#OrientationY#	#OrientationZ#	#OrientationW#	#HeadOrientationX#	#HeadOrientationY#	#HeadOrientationZ#	#WayPointX#	#WayPointY#	#WayPointZ#	
591.0142	COLLISION_NONE	CORRECT_SWITCH	 	TRIGGER_WAYPOINT	-276.2189	1.8	-310.8815	0	0	0	1	-0.06267548	0.1389465	0.01663077	-315	2.366813	-310.8815	
591.0342	COLLISION_NONE	NOT_SWITCH	 	 	-277	1.8	-310.9731	0	0	0	1	-0.06267548	0.1389465	0.01663077	-315	2.365475	-310.9731	
591.0543	COLLISION_NONE	NOT_SWITCH	 	 	-277.7811	1.8	-311.0646	0	0	0	1	-0.05886173	0.150116	0.0186255	-315	2.364137	-311.0646	
591.0743	COLLISION_NONE	NOT_SWITCH	 	 	-278.4655	1.8	-311.123	0	0	0	1	-0.04400063	0.1343384	0.03008521	-315	2.363286	-311.123	
591.0943	COLLISION_NONE	NOT_SWITCH	 	 	-279.2398	1.8	-311.2193	0	0	0	1	-0.04420662	0.1375122	0.02621245	-315	2.36188	-311.2193	
591.1143	COLLISION_NONE	NOT_SWITCH	 	 	-279.9173	1.8	-311.2823	0	0	0	1	-0.05162907	0.1298523	0.02750492	-315	2.360961	-311.2823	
591.1343	COLLISION_NONE	NOT_SWITCH	 	 	-280.683	1.8	-311.3876	0	0	0	1	-0.05888271	0.1221008	0.02534902	-315	2.359429	-311.3876	
591.1544	COLLISION_NONE	NOT_SWITCH	 	 	-281.354	1.8	-311.4542	0	0	0	1	-0.05620575	0.1384583	0.0091995	-315	2.358459	-311.4542	
591.1744	COLLISION_NONE	NOT_SWITCH	 	 	-282.064	1.8	-311.6113	0	0	0	1	-0.05620575	0.1384583	0.0091995	-315	2.356175	-311.6113	
591.1944	COLLISION_NONE	NOT_SWITCH	 	 	-282.774	1.8	-311.7685	0	0	0	1	-0.05732441	0.1262512	-0.003433466	-315	2.353893	-311.7685	
591.2144	COLLISION_NONE	NOT_SWITCH	 	 	-283.4238	1.8	-311.8437	0	0	0	1	-0.06087399	0.1190186	-0.002367973	-315	2.352802	-311.8437	
591.2344	COLLISION_NONE	NOT_SWITCH	 	 	-283.9878	1.8	-311.8637	0	0	0	1	-0.06443977	0.1082153	-0.000893116	-315	2.352512	-311.8637	
591.2545	COLLISION_NONE	NOT_SWITCH	 	 	-284.6291	1.8	-311.9439	0	0	0	1	-0.06899929	0.110199	-0.01147556	-315	2.35135	-311.9439	
591.2745	COLLISION_NONE	NOT_SWITCH	 	 	-285.1808	1.8	-311.9748	0	0	0	1	-0.06355476	0.1235657	0.007871509	-315	2.350902	-311.9748	
591.2945	COLLISION_NONE	NOT_SWITCH	 	 	-285.8136	1.8	-312.0607	0	0	0	1	-0.06013107	0.1166077	0.008431435	-315	2.349659	-312.0607	
591.3145	COLLISION_NONE	NOT_SWITCH	 	 	-286.3564	1.8	-312.098	0	0	0	1	-0.06013107	0.1166077	0.008431435	-315	2.349119	-312.098	
591.3345	COLLISION_NONE	NOT_SWITCH	 	 	-286.8992	1.8	-312.1354	0	0	0	1	-0.07078743	0.1092224	0.01343715	-315	2.348579	-312.1354	
591.3546	COLLISION_NONE	NOT_SWITCH	 	 	-287.5091	1.8	-312.2443	0	0	0	1	-0.06275654	0.1038208	0.02416873	-315	2.347004	-312.2443	
591.3746	COLLISION_NONE	NOT_SWITCH	 	 	-288.0421	1.8	-312.2863	0	0	0	1	-0.07275391	0.1114197	0.03446841	-315	2.346398	-312.2863	
591.3946	COLLISION_NONE	NOT_SWITCH	 	 	-288.6175	1.8	-312.4172	0	0	0	1	-0.06808949	0.1200867	0.04382217	-315	2.34451	-312.4172	
591.4146	COLLISION_NONE	NOT_SWITCH	 	 	-289.1389	1.8	-312.4622	0	0	0	1	-0.07911587	0.1225586	0.04067862	-315	2.34386	-312.4622	
591.4346	COLLISION_NONE	NOT_SWITCH	 	 	-289.5992	1.8	-312.5875	0	0	0	1	-0.07911587	0.1225586	0.04067862	-315	2.342055	-312.5875	
591.4547	COLLISION_NONE	NOT_SWITCH	 	 	-290.0594	1.8	-312.7127	0	0	0	1	-0.1097593	0.1327515	0.04862285	-315	2.340253	-312.7127	
591.4747	COLLISION_NONE	NOT_SWITCH	 	 	-290.5609	1.8	-312.7478	0	0	0	1	-0.1191835	0.1184692	0.02260566	-315	2.339748	-312.7478	
591.4947	COLLISION_NONE	NOT_SWITCH	 	 	-290.9812	1.8	-312.8439	0	0	0	1	-0.1089935	0.1220398	0.01798737	-315	2.338367	-312.8439	
591.5147	COLLISION_NONE	NOT_SWITCH	 	 	-291.4741	1.8	-312.8737	0	0	0	1	-0.1016169	0.1260986	0.01711023	-315	2.337938	-312.8737	
591.5347	COLLISION_NONE	NOT_SWITCH	 	 	-291.8777	1.8	-312.9525	0	0	0	1	-0.09475803	0.1437683	0.01110053	-315	2.336808	-312.9525	
591.5547	COLLISION_NONE	NOT_SWITCH	 	 	-292.3631	1.8	-312.9771	0	0	0	1	-0.09475803	0.1437683	0.01110053	-315	2.336455	-312.9771	
591.5748	COLLISION_NONE	NOT_SWITCH	 	 	-292.8484	1.8	-313.0016	0	0	0	1	-0.1010056	0.1375732	0.02279997	-315	2.336103	-313.0016	
591.5948	COLLISION_NONE	NOT_SWITCH	 	 	-293.2374	1.8	-313.06	0	0	0	1	-0.1119137	0.1297607	0.02435088	-315	2.335265	-313.06	
591.6148	COLLISION_NONE	NOT_SWITCH	 	 	-293.7161	1.8	-313.0793	0	0	0	1	-0.09437656	0.1303406	0.01966143	-315	2.334989	-313.0793	
591.6348	COLLISION_NONE	NOT_SWITCH	 	 	-294.0983	1.8	-313.1322	0	0	0	1	-0.09035683	0.1383667	0.02552176	-315	2.33423	-313.1322	
591.6548	COLLISION_NONE	NOT_SWITCH	 	 	-294.5699	1.8	-313.1452	0	0	0	1	-0.08656597	0.1561279	0.01979589	-315	2.334044	-313.1452	
591.6749	COLLISION_NONE	NOT_SWITCH	 	 	-294.9457	1.8	-313.1937	0	0	0	1	-0.08656597	0.1561279	0.01979589	-315	2.33335	-313.1937	
591.6949	COLLISION_NONE	NOT_SWITCH	 	 	-295.3215	1.8	-313.2421	0	0	0	1	-0.07587337	0.1604919	0.02210629	-315	2.332656	-313.2421	
591.7149	COLLISION_NONE	NOT_SWITCH	 	 	-295.775	1.8	-313.2308	0	0	0	1	-0.07351303	0.1448669	0.009628892	-315	2.332819	-313.2308	
591.7349	COLLISION_NONE	NOT_SWITCH	 	 	-296.1433	1.8	-313.2752	0	0	0	1	-0.06748295	0.1506958	-0.005540013	-315	2.332183	-313.2752	
591.7549	COLLISION_NONE	NOT_SWITCH	 	 	-296.5756	1.8	-313.245	0	0	0	1	-0.07732964	0.133667	0.007641673	-315	2.332615	-313.245	
591.775	COLLISION_NONE	NOT_SWITCH	 	 	-296.9356	1.8	-313.286	0	0	0	1	-0.07732964	0.133667	0.007641673	-315	2.332028	-313.286	
591.795	COLLISION_NONE	NOT_SWITCH	 	 	-297.2956	1.8	-313.3271	0	0	0	1	-0.06049442	0.133606	-0.0005325079	-315	2.33144	-313.3271	
591.815	COLLISION_NONE	NOT_SWITCH	 	 	-297.5917	1.8	-313.2896	0	0	0	1	-0.05631351	0.1278076	0.01042056	-315	2.331977	-313.2896	
591.835	COLLISION_NONE	NOT_SWITCH	 	 	-297.9442	1.8	-313.3328	0	0	0	1	-0.07757473	0.1231689	0.01229703	-315	2.331359	-313.3328	
591.855	COLLISION_NONE	NOT_SWITCH	 	 	-298.2186	1.8	-313.3108	0	0	0	1	-0.09104347	0.116272	0.0210464	-315	2.331673	-313.3108	
591.8751	COLLISION_NONE	NOT_SWITCH	 	 	-298.5645	1.8	-313.3558	0	0	0	1	-0.08215427	0.1161194	0.04866588	-315	2.331029	-313.3558	
591.8951	COLLISION_NONE	NOT_SWITCH	 	 	-298.8263	1.8	-313.3434	0	0	0	1	-0.08215427	0.1161194	0.04866588	-315	2.331208	-313.3434	
591.9151	COLLISION_NONE	NOT_SWITCH	 	 	-299.0881	1.8	-313.3309	0	0	0	1	-0.07810879	0.09609985	0.06125569	-315	2.331385	-313.3309	
591.9351	COLLISION_NONE	NOT_SWITCH	 	 	-299.4252	1.8	-313.3812	0	0	0	1	-0.07397747	0.09030151	0.07221758	-315	2.330667	-313.3812	
591.9551	COLLISION_NONE	NOT_SWITCH	 	 	-299.6779	1.8	-313.3742	0	0	0	1	-0.07094288	0.09677124	0.06422281	-315	2.330767	-313.3742	
591.9752	COLLISION_NONE	NOT_SWITCH	 	 	-300.0088	1.8	-313.426	0	0	0	1	-0.06248951	0.09405518	0.03575921	-315	2.330026	-313.426	
591.9952	COLLISION_NONE	NOT_SWITCH	 	 	-300.2537	1.8	-313.4231	0	0	0	1	-0.07434177	0.07040405	0.02163291	-315	2.330068	-313.4231	
592.0152	COLLISION_NONE	NOT_SWITCH	 	 	-300.5785	1.8	-313.4765	0	0	0	1	-0.08003426	0.06549072	0.04717541	-315	2.329305	-313.4765	
592.0352	COLLISION_NONE	NOT_SWITCH	 	 	-300.8163	1.8	-313.4766	0	0	0	1	-0.08003426	0.06549072	0.04717541	-315	2.329303	-313.4766	
592.0552	COLLISION_NONE	NOT_SWITCH	 	 	-301.0542	1.8	-313.4767	0	0	0	1	-0.09836674	0.06323242	0.03457391	-315	2.329301	-313.4767	
592.0753	COLLISION_NONE	NOT_SWITCH	 	 	-301.3701	1.8	-313.5358	0	0	0	1	-0.1028013	0.06509399	0.02056038	-315	2.328458	-313.5358	
592.0953	COLLISION_NONE	NOT_SWITCH	 	 	-301.6012	1.8	-313.5382	0	0	0	1	-0.09960175	0.06481934	0.01685381	-315	2.328424	-313.5382	
592.1153	COLLISION_NONE	NOT_SWITCH	 	 	-301.9108	1.8	-313.599	0	0	0	1	-0.08232498	0.05844116	0.01640892	-315	2.327556	-313.599	
592.1353	COLLISION_NONE	NOT_SWITCH	 	 	-302.1356	1.8	-313.6032	0	0	0	1	-0.08756161	0.05377197	0.04197669	-315	2.327496	-313.6032	
592.1553	COLLISION_NONE	NOT_SWITCH	 	 	-302.4388	1.8	-313.6659	0	0	0	1	-0.08756161	0.05377197	0.04197669	-315	2.326602	-313.6659	
592.1754	COLLISION_NONE	NOT_SWITCH	 	 	-302.7419	1.8	-313.7285	0	0	0	1	-0.08397198	0.06454468	0.04050064	-315	2.32571	-313.7285	
592.1954	COLLISION_NONE	NOT_SWITCH	 	 	-302.9586	1.8	-313.7371	0	0	0	1	-0.07796574	0.04592896	0.03164244	-315	2.325587	-313.7371	
592.2154	COLLISION_NONE	NOT_SWITCH	 	 	-303.2552	1.8	-313.8018	0	0	0	1	-0.08446884	0.06735229	0.03316247	-315	2.324664	-313.8018	
592.2354	COLLISION_NONE	NOT_SWITCH	 	 	-303.466	1.8	-313.8113	0	0	0	1	-0.08892345	0.04116821	0.02588534	-315	2.324529	-313.8113	
592.2554	COLLISION_NONE	NOT_SWITCH	 	 	-303.7557	1.8	-313.8786	0	0	0	1	-0.09528828	0.04876709	0.03249788	-315	2.323571	-313.8786	
592.2755	COLLISION_NONE	NOT_SWITCH	 	 	-303.9608	1.8	-313.8889	0	0	0	1	-0.09133339	0.04614258	0.03958118	-315	2.323425	-313.8889	
592.2955	COLLISION_NONE	NOT_SWITCH	 	 	-304.243	1.8	-313.9592	0	0	0	1	-0.08328247	0.03414917	0.05803025	-315	2.322426	-313.9592	
592.3155	COLLISION_NONE	NOT_SWITCH	 	 	-304.3598	1.8	-313.9126	0	0	0	1	-0.08328247	0.03414917	0.05803025	-315	2.323088	-313.9126	
592.3355	COLLISION_NONE	NOT_SWITCH	 	 	-304.5557	1.8	-313.9239	0	0	0	1	-0.09775829	0.01202393	0.06146681	-315	2.322927	-313.9239	
592.3555	COLLISION_NONE	NOT_SWITCH	 	 	-304.8279	1.8	-313.9964	0	0	0	1	-0.1076794	0.008850098	0.06955755	-315	2.321895	-313.9964	
592.3755	COLLISION_NONE	NOT_SWITCH	 	 	-305.0181	1.8	-314.0081	0	0	0	1	-0.09394073	0.02322388	0.06344783	-315	2.321729	-314.0081	
592.3956	COLLISION_NONE	NOT_SWITCH	 	 	-305.3548	1.8	-314.1492	0	0	0	1	-0.09170532	0.02496338	0.04547036	-315	2.319725	-314.1492	
592.4156	COLLISION_NONE	NOT_SWITCH	 	 	-305.6135	1.8	-314.2243	0	0	0	1	-0.07717323	0.02618408	0.04794896	-315	2.318659	-314.2243	
592.4356	COLLISION_NONE	NOT_SWITCH	 	 	-305.7932	1.8	-314.235	0	0	0	1	-0.0737524	0.04367065	0.0421896	-315	2.318508	-314.235	
592.4556	COLLISION_NONE	NOT_SWITCH	 	 	-306.0396	1.8	-314.3173	0	0	0	1	-0.07525158	0.04489136	0.02100289	-315	2.31734	-314.3173	
592.4756	COLLISION_NONE	NOT_SWITCH	 	 	-306.2137	1.8	-314.328	0	0	0	1	-0.0821476	0.04815674	0.02109885	-315	2.317188	-314.328	
592.4957	COLLISION_NONE	NOT_SWITCH	 	 	-306.4872	1.8	-314.5072	0	0	0	1	-0.06728363	0.06039429	0.025828	-315	2.31465	-314.5072	
592.5157	COLLISION_NONE	NOT_SWITCH	 	 	-306.7065	1.8	-314.6001	0	0	0	1	-0.0633297	0.05776978	0.03290677	-315	2.313336	-314.6001	
592.5357	COLLISION_NONE	NOT_SWITCH	 	 	-306.8701	1.8	-314.6082	0	0	0	1	-0.07219124	0.06680298	0.05362856	-315	2.313221	-314.6082	
592.5557	COLLISION_NONE	NOT_SWITCH	 	 	-306.9353	1.8	-314.5895	0	0	0	1	-0.05898666	0.07327271	0.04141939	-315	2.313486	-314.5895	
592.5757	COLLISION_NONE	NOT_SWITCH	 	 	-307.0944	1.8	-314.5977	0	0	0	1	-0.0785675	0.0625	0.01921773	-315	2.31337	-314.5977	
592.5958	COLLISION_NONE	NOT_SWITCH	 	 	-307.059	1.8	-314.5883	0	0	0	1	-0.07548523	0.07254028	0.01080692	-315	2.313504	-314.5883	
592.6158	COLLISION_NONE	NOT_SWITCH	 	 	-307.1208	1.8	-314.5879	0	0	0	1	-0.076087	0.07125854	-0.003022194	-315	2.313509	-314.5879	
592.6358	COLLISION_NONE	NOT_SWITCH	 	 	-307.2798	1.8	-314.5963	0	0	0	1	-0.06943703	0.06402588	-0.006173849	-315	2.31339	-314.5963	
592.6558	COLLISION_NONE	NOT_SWITCH	 	 	-307.3368	1.8	-314.5965	0	0	0	1	-0.06889057	0.07189941	-5.602837E-05	-315	2.313388	-314.5965	
592.6758	COLLISION_NONE	NOT_SWITCH	 	 	-307.491	1.8	-314.6047	0	0	0	1	-0.06441116	0.0736084	0.01354444	-315	2.313272	-314.6047	
592.6959	COLLISION_NONE	NOT_SWITCH	 	 	-307.4505	1.8	-314.5982	0	0	0	1	-0.06373692	0.06765747	0.02475715	-315	2.313363	-314.5982	
592.7159	COLLISION_NONE	NOT_SWITCH	 	 	-307.5074	1.8	-314.5992	0	0	0	1	-0.0642643	0.06332397	0.01823604	-315	2.313349	-314.5992	
592.7359	COLLISION_NONE	NOT_SWITCH	 	 	-307.6615	1.8	-314.6076	0	0	0	1	-0.05827045	0.06561279	0.003464341	-315	2.31323	-314.6076	
592.7559	COLLISION_NONE	NOT_SWITCH	 	 	-307.7136	1.8	-314.6087	0	0	0	1	-0.05434799	0.06298828	0.01054657	-315	2.313215	-314.6087	
592.7759	COLLISION_NONE	NOT_SWITCH	 	 	-307.863	1.8	-314.6169	0	0	0	1	-0.0628643	0.07946777	0.03392303	-315	2.3131	-314.6169	
592.796	COLLISION_NONE	NOT_SWITCH	 	 	-307.8176	1.8	-314.6115	0	0	0	1	-0.06747818	0.06713867	0.02154553	-315	2.313176	-314.6115	
592.816	COLLISION_NONE	NOT_SWITCH	 	 	-307.8696	1.8	-314.6129	0	0	0	1	-0.05401516	0.07400513	0.01279831	-315	2.313155	-314.6129	
592.836	COLLISION_NONE	NOT_SWITCH	 	 	-308.019	1.8	-314.6212	0	0	0	1	-0.06386948	0.08148193	0.01966298	-315	2.313039	-314.6212	
592.856	COLLISION_NONE	NOT_SWITCH	 	 	-308.0662	1.8	-314.6225	0	0	0	1	-0.05003071	0.08505249	0.01135087	-315	2.313019	-314.6225	
592.876	COLLISION_NONE	NOT_SWITCH	 	 	-308.2108	1.8	-314.6305	0	0	0	1	-0.05657673	0.1029053	0.01328504	-315	2.312907	-314.6305	
592.8961	COLLISION_NONE	NOT_SWITCH	 	 	-308.1606	1.8	-314.6256	0	0	0	1	-0.05017757	0.0953064	0.006669879	-315	2.312976	-314.6256	
592.9161	COLLISION_NONE	NOT_SWITCH	 	 	-308.2078	1.8	-314.6272	0	0	0	1	-0.05036736	0.1020508	0.002385378	-315	2.312953	-314.6272	
592.9361	COLLISION_NONE	NOT_SWITCH	 	 	-308.3524	1.8	-314.6353	0	0	0	1	-0.0720253	0.1072998	-0.003888488	-315	2.31284	-314.6353	
592.9561	COLLISION_NONE	NOT_SWITCH	 	 	-308.3948	1.8	-314.6367	0	0	0	1	-0.08593941	0.10672	-0.002880931	-315	2.312819	-314.6367	
592.9761	COLLISION_NONE	NOT_SWITCH	 	 	-308.632	1.8	-314.6508	0	0	0	1	-0.09654236	0.1094666	-0.006006122	-315	2.31262	-314.6508	
592.9962	COLLISION_NONE	NOT_SWITCH	 	 	-308.767	1.8	-314.6583	0	0	0	1	-0.1155405	0.1065674	-0.02210581	-315	2.312514	-314.6583	
593.0162	COLLISION_NONE	NOT_SWITCH	 	 	-308.7998	1.8	-314.6593	0	0	0	1	-0.1114368	0.097229	-0.01073611	-315	2.3125	-314.6593	
593.0362	COLLISION_NONE	NOT_SWITCH	 	 	-308.93	1.8	-314.6665	0	0	0	1	-0.1037788	0.09512329	-0.0004365444	-315	2.312398	-314.6665	
593.0562	COLLISION_NONE	NOT_SWITCH	 	 	-308.958	1.8	-314.6673	0	0	0	1	-0.1318388	0.07992554	0.006643057	-315	2.312386	-314.6673	
593.0762	COLLISION_NONE	NOT_SWITCH	 	 	-309.1808	1.8	-314.6804	0	0	0	1	-0.1318388	0.07992554	0.006643057	-315	2.312201	-314.6804	
593.0963	COLLISION_NONE	NOT_SWITCH	 	 	-309.3015	1.8	-314.6871	0	0	0	1	-0.1351948	0.065979	0.01199555	-315	2.312107	-314.6871	
593.1163	COLLISION_NONE	NOT_SWITCH	 	 	-309.3199	1.8	-314.6874	0	0	0	1	-0.153532	0.05712891	0.007122278	-315	2.312102	-314.6874	
593.1363	COLLISION_NONE	NOT_SWITCH	 	 	-309.4358	1.8	-314.6938	0	0	0	1	-0.1590252	0.05206299	0.02923405	-315	2.312011	-314.6938	
593.1563	COLLISION_NONE	NOT_SWITCH	 	 	-309.4494	1.8	-314.694	0	0	0	1	-0.1461868	0.04754639	0.01477599	-315	2.312009	-314.694	
593.1763	COLLISION_NONE	NOT_SWITCH	 	 	-309.6579	1.8	-314.7061	0	0	0	1	-0.1394091	0.05453491	0.009985089	-315	2.311838	-314.7061	
593.1964	COLLISION_NONE	NOT_SWITCH	 	 	-309.7641	1.8	-314.712	0	0	0	1	-0.1315002	0.06295776	0.01561844	-315	2.311755	-314.712	
593.2164	COLLISION_NONE	NOT_SWITCH	 	 	-309.7682	1.8	-314.7118	0	0	0	1	-0.1392784	0.04071045	0.01508904	-315	2.311759	-314.7118	
593.2364	COLLISION_NONE	NOT_SWITCH	 	 	-309.8697	1.8	-314.7173	0	0	0	1	-0.1280451	0.04940796	0.02390218	-315	2.31168	-314.7173	
593.2564	COLLISION_NONE	NOT_SWITCH	 	 	-315	1.8	-315	0	0	0	1	-0.1126089	0.06951904	0.03473938	-315	2.307692	-315	
593.2764	COLLISION_NONE	NOT_SWITCH	 	 	-315.0967	1.8	-315.0055	0	0	0	1	-0.1200171	0.07202148	0.02790248	-315	2.307615	-315.0055	
593.2964	COLLISION_NONE	NOT_SWITCH	 	 	-315.0967	1.8	-315.0055	0	0	0	1	-0.130024	0.0652771	0.03640866	-315	2.307615	-315.0055	
593.3165	COLLISION_NONE	NOT_SWITCH	 	 	-315.0967	1.8	-315.0055	0	0	0	1	-0.1210575	0.06689453	0.01446056	-315	2.307615	-315.0055	
593.3365	COLLISION_NONE	NOT_SWITCH	 	 	-315.0967	1.8	-315.0055	0	0	0	1	-0.1178722	0.06311035	0.01115191	-315	2.307615	-315.0055	
593.3565	COLLISION_NONE	NOT_SWITCH	 	 	-315.0967	1.8	-315.0055	0	0	0	1	-0.1168776	0.06466675	0.0250082	-315	2.307615	-315.0055	
593.3765	COLLISION_NONE	NOT_SWITCH	 	 	-315.0967	1.8	-315.0055	0	0	0	1	-0.12607	0.06265259	0.04349041	-315	2.307615	-315.0055	
593.3965	COLLISION_NONE	NOT_SWITCH	 	 	-315.0967	1.8	-315.0055	0	0	0	1	-0.1344738	0.06356812	0.02280402	-315	2.307615	-315.0055	
593.4166	COLLISION_NONE	NOT_SWITCH	 	 	-315.0967	1.8	-315.0055	0	0	0	1	-0.1408701	0.07119751	0.02941084	-315	2.307615	-315.0055	
593.4366	COLLISION_NONE	NOT_SWITCH	 	 	-315.0967	1.8	-315.0055	0	0	0	1	-0.1276093	0.05319214	0.0235256	-315	2.307615	-315.0055	
593.4566	COLLISION_NONE	NOT_SWITCH	 	 	-315.0967	1.8	-315.0055	0	0	0	1	-0.121954	0.05151367	0.005710483	-315	2.307615	-315.0055	
593.4766	COLLISION_NONE	NOT_SWITCH	 	 	-315.0967	1.8	-315.0055	0	0	0	1	-0.121954	0.05151367	0.005710483	-315	2.307615	-315.0055	
593.4966	COLLISION_NONE	NOT_SWITCH	 	 	-315.0967	1.8	-315.0055	0	0	0	1	-0.1482811	0.05822754	-0.0180403	-315	2.307615	-315.0055	
593.5167	COLLISION_NONE	NOT_SWITCH	 	 	-315.0967	1.8	-315.0055	0	0	0	1	-0.1272249	0.06604004	-0.02380586	-315	2.307615	-315.0055	
593.5367	COLLISION_NONE	NOT_SWITCH	 	 	-315.0967	1.8	-315.0055	0	0	0	1	-0.1172371	0.04833984	-0.02598119	-315	2.307615	-315.0055	
593.5567	COLLISION_NONE	NOT_SWITCH	 	 	-315.0967	1.8	-315.0055	0	0	0	1	-0.1129246	0.06027222	-0.01706219	-315	2.307615	-315.0055	
593.5767	COLLISION_NONE	NOT_SWITCH	 	 	-315.0967	1.8	-315.0055	0	0	0	1	-0.1048813	0.08291626	-0.01306427	-315	2.307615	-315.0055	
593.5967	COLLISION_NONE	NOT_SWITCH	 	 	-315.0967	1.8	-315.0055	0	0	0	1	-0.1256809	0.07550049	-0.003844619	-315	2.307615	-315.0055	
593.6168	COLLISION_NONE	NOT_SWITCH	 	 	-315.0967	1.8	-315.0055	0	0	0	1	-0.1320944	0.07952881	0.003184676	-315	2.307615	-315.0055	
593.6368	COLLISION_NONE	NOT_SWITCH	 	 	-315.0967	1.8	-315.0055	0	0	0	1	-0.1309786	0.0953064	0.01540041	-315	2.307615	-315.0055	
593.6568	COLLISION_NONE	NOT_SWITCH	 	 	-315.0967	1.8	-315.0055	0	0	0	1	-0.1233349	0.08963013	0.02611113	-315	2.307615	-315.0055	
593.6768	COLLISION_NONE	NOT_SWITCH	 	 	-315.0967	1.8	-315.0055	0	0	0	1	-0.1189909	0.1117554	0.02688515	-315	2.307615	-315.0055	
593.6968	COLLISION_NONE	NOT_SWITCH	 	 	-315.0967	1.8	-315.0055	0	0	0	1	-0.1218519	0.1021118	0.03876472	-315	2.307615	-315.0055	
593.7169	COLLISION_NONE	NOT_SWITCH	 	 	-315.0967	1.8	-315.0055	0	0	0	1	-0.1145639	0.0854187	0.04723513	-315	2.307615	-315.0055	
593.7369	COLLISION_NONE	CORRECT_SWITCH	 	 	-315.0967	1.8	-315.0055	0.003168571	-1.690299E-05	5.355859E-08	0.999995	-0.1290197	0.09484863	0.04352641	-315	2.307615	-315.0055	
593.7569	COLLISION_NONE	NOT_SWITCH	 	 	-315.0967	1.8	-315.0055	0.004272763	-3.136814E-05	1.340299E-07	0.9999909	-0.1210899	0.1032715	0.04915607	-315	2.307615	-315.0055	
593.7769	COLLISION_NONE	NOT_SWITCH	 	 	-315.0967	1.8	-315.0055	0.005279724	-4.916531E-05	2.595829E-07	0.9999861	-0.1076717	0.1065979	0.04082036	-315	2.307615	-315.0055	
593.7969	COLLISION_NONE	NOT_SWITCH	 	 	-315.0967	1.8	-315.0055	-0.006197877	7.00063E-05	-4.338988E-07	-0.9999808	-0.09654236	0.1147766	0.04273915	-315	2.307615	-315.0055	
593.817	COLLISION_NONE	NOT_SWITCH	 	 	-315.0967	1.8	-315.0055	-0.007089021	9.384715E-05	-6.653011E-07	-0.9999749	-0.1064062	0.1222229	0.04960573	-315	2.307615	-315.0055	
593.837	COLLISION_NONE	NOT_SWITCH	 	 	-315.0967	1.8	-315.0055	-0.008854327	0.0001508256	-1.335512E-06	-0.9999608	-0.108531	0.1347046	0.06594312	-315	2.307615	-315.0055	
593.857	COLLISION_NONE	NOT_SWITCH	 	 	-315.0967	1.8	-315.0055	-0.009718823	0.000183963	-1.787989E-06	-0.9999528	-0.08801365	0.1280518	0.0617981	-315	2.307615	-315.0055	
593.877	COLLISION_NONE	NOT_SWITCH	 	 	-315.0967	1.8	-315.0055	-0.01060592	0.0002199605	-2.333014E-06	-0.9999437	-0.08206367	0.1369019	0.03931963	-315	2.307615	-315.0055	
593.897	COLLISION_NONE	NOT_SWITCH	 	 	-315.0967	1.8	-315.0055	-0.01146412	0.0002588182	-2.967317E-06	-0.9999343	-0.07813358	0.1307068	0.04681075	-315	2.307615	-315.0055	
593.9171	COLLISION_NONE	NOT_SWITCH	 	 	-315.0967	1.8	-315.0055	-0.002512105	0.0003003191	-7.544355E-07	-0.9999968	-0.07614517	0.1320801	0.02537107	-315	2.307615	-315.0055	
593.9371	COLLISION_NONE	NOT_SWITCH	 	 	-315.0967	1.8	-315.0055	0.02356464	0.0002258706	5.324039E-06	-0.9997223	-0.07418823	0.1263428	0.004742146	-315	2.307615	-315.0055	
593.9571	COLLISION_NONE	NOT_SWITCH	 	 	-315.0967	1.8	-315.0055	-0.03324252	2.323321E-05	7.727573E-07	0.9994473	-0.0853529	0.1390991	-0.003100395	-315	2.307615	-315.0055	
593.9771	COLLISION_NONE	NOT_SWITCH	 	 	-315.0967	1.8	-315.0055	-0.04200418	0.0003778582	1.588564E-05	0.9991174	-0.09533882	0.1323547	0.005390286	-315	2.307615	-315.0055	
593.9971	COLLISION_NONE	NOT_SWITCH	 	 	-315.0967	1.8	-315.0055	-0.05030622	0.0008258862	4.15999E-05	0.9987335	-0.09254646	0.1383972	-0.006059527	-315	2.307615	-315.0055	
594.0172	COLLISION_NONE	NOT_SWITCH	 	 	-315.0967	1.8	-315.0055	-0.05837668	0.001371143	8.017961E-05	0.9982937	-0.08667755	0.1300354	-0.0195998	-315	2.307615	-315.0055	
594.0372	COLLISION_NONE	NOT_SWITCH	 	 	-315.0967	1.8	-315.0055	-0.07422069	0.002714785	0.0002020512	0.9972382	-0.08887005	0.1109314	0.003884196	-315	2.307615	-315.0055	
594.0572	COLLISION_NONE	NOT_SWITCH	 	 	-315.0967	1.8	-315.0055	-0.08294007	0.003487771	0.0002902779	0.9965484	-0.1140318	0.1124573	-0.001729012	-315	2.307615	-315.0055	
594.0772	COLLISION_NONE	NOT_SWITCH	 	 	-315.0967	1.8	-315.0055	-0.09163877	0.004332169	0.0003986759	0.9957829	-0.09339905	0.09197998	-0.0007772446	-315	2.307615	-315.0055	
594.0972	COLLISION_NONE	NOT_SWITCH	 	 	-315.0967	1.8	-315.0055	-0.1003232	0.005250548	0.0005294302	0.9949409	-0.1006603	0.084198	-0.002918363	-315	2.307615	-315.0055	
594.1172	COLLISION_NONE	NOT_SWITCH	 	 	-315.0967	1.8	-315.0055	-0.1090069	0.006244389	0.0006847759	0.9940211	-0.09361172	0.1052856	-0.01277661	-315	2.307615	-315.0055	
594.1373	COLLISION_NONE	NOT_SWITCH	 	 	-315.0967	1.8	-315.0055	-0.1263221	0.008462176	0.001077632	0.9919527	-0.1297054	0.0954895	-0.01643836	-315	2.307615	-315.0055	
594.1573	COLLISION_NONE	NOT_SWITCH	 	 	-315.0967	1.8	-315.0055	-0.1349747	0.009687478	0.001319705	0.9908008	-0.1239758	0.06933594	-0.0279268	-315	2.307615	-315.0055	
594.1773	COLLISION_NONE	NOT_SWITCH	 	 	-315.0967	1.8	-315.0055	-0.1436057	0.01099152	0.001595077	0.9895727	-0.1311359	0.07577515	-0.03170657	-315	2.307615	-315.0055	
594.1973	COLLISION_NONE	NOT_SWITCH	 	 	-315.0967	1.8	-315.0055	-0.1522249	0.01237464	0.001906094	0.9882666	-0.127737	0.0652771	-0.03073454	-315	2.307615	-315.0055	
594.2173	COLLISION_NONE	NOT_SWITCH	 	 	-315.0967	1.8	-315.0055	-0.1608424	0.01383747	0.002255239	0.9868805	-0.1219988	0.06713867	-0.04896116	-315	2.307615	-315.0055	
594.2374	COLLISION_NONE	NOT_SWITCH	 	 	-315.0967	1.8	-315.0055	-0.1734401	0.01701935	0.002997723	0.9846928	-0.1084461	0.0357666	-0.04629052	-315	2.307615	-315.0055	
594.2574	COLLISION_NONE	NOT_SWITCH	 	 	-315.0967	1.8	-315.0055	-0.1736167	0.01875095	0.003306298	0.9846292	-0.108633	0.04248047	-0.05056989	-315	2.307615	-315.0055	
594.2774	COLLISION_NONE	NOT_SWITCH	 	 	-315.0967	1.8	-315.0055	-0.1736106	0.02047844	0.003610901	0.9845948	-0.1018782	0.04946899	-0.05535471	-315	2.307615	-315.0055	
594.2974	COLLISION_NONE	NOT_SWITCH	 	 	-315.0967	1.8	-315.0055	-0.1736041	0.02219618	0.003913784	0.9845576	-0.09746075	0.04406738	-0.04093778	-315	2.307615	-315.0055	
594.3174	COLLISION_NONE	NOT_SWITCH	 	 	-315.0967	1.8	-315.0055	-0.1735895	0.02560236	0.004514386	0.9844749	-0.08434391	0.05004883	-0.0600512	-315	2.307615	-315.0055	
594.3375	COLLISION_NONE	NOT_SWITCH	 	 	-315.0967	1.8	-315.0055	-0.1735815	0.02727573	0.004809446	0.98443	-0.104682	0.03982544	-0.04348302	-315	2.307615	-315.0055	
594.3575	COLLISION_NONE	NOT_SWITCH	 	 	-315.0967	1.8	-315.0055	-0.1735732	0.02892696	0.005100602	0.9843829	-0.09174919	0.04238892	-0.05875993	-315	2.307615	-315.0055	
594.3775	COLLISION_NONE	NOT_SWITCH	 	 	-315.0967	1.8	-315.0055	-0.1735653	0.03041274	0.005362586	0.984338	-0.09174919	0.04238892	-0.05875993	-315	2.307615	-315.0055	
594.3975	COLLISION_NONE	NOT_SWITCH	 	 	-315.0967	1.8	-315.0055	-0.1735577	0.03177923	0.005603535	0.9842949	-0.08121777	0.04269409	-0.06294775	-315	2.307615	-315.0055	
594.4175	COLLISION_NONE	NOT_SWITCH	 	 	-315.0967	1.8	-315.0055	-0.1735442	0.03406481	0.006006544	0.9842184	-0.0930624	0.03689575	-0.07566833	-315	2.307615	-315.0055	
594.4376	COLLISION_NONE	NOT_SWITCH	 	 	-315.0967	1.8	-315.0055	-0.1735402	0.03472678	0.006123267	0.9841953	-0.09055614	0.0390625	-0.09018898	-315	2.307615	-315.0055	
594.4576	COLLISION_NONE	NOT_SWITCH	 	 	-315.0967	1.8	-315.0055	-0.1735383	0.03502569	0.006175973	0.9841847	-0.0734129	0.01846313	-0.08900154	-315	2.307615	-315.0055	
594.4776	COLLISION_NONE	NOT_SWITCH	 	 	-315.0967	1.8	-315.0055	-0.1735386	0.03497161	0.006166437	0.9841866	-0.08285618	0.01602173	-0.07397461	-315	2.307615	-315.0055	
594.4976	COLLISION_NONE	NOT_SWITCH	 	 	-315.0967	1.8	-315.0055	-0.1735409	0.03460077	0.006101048	0.9841998	-0.09259605	0.03414917	-0.06833816	-315	2.307615	-315.0055	
594.5176	COLLISION_NONE	NOT_SWITCH	 	 	-315.0967	1.8	-315.0055	-0.1735508	0.03297218	0.005813884	0.9842557	-0.08552074	0.0241394	-0.06414533	-315	2.307615	-315.0055	
594.5377	COLLISION_NONE	NOT_SWITCH	 	 	-315.0967	1.8	-315.0055	-0.1727892	0.03173232	0.005569712	0.9844318	-0.08470154	0.03244019	-0.05457616	-315	2.307615	-315.0055	
594.5577	COLLISION_NONE	NOT_SWITCH	 	 	-315.0967	1.8	-315.0055	-0.154853	0.03029737	0.004751212	0.9874614	-0.09194469	0.02462769	-0.05671108	-315	2.307615	-315.0055	
594.5777	COLLISION_NONE	NOT_SWITCH	 	 	-315.0967	1.8	-315.0055	-0.1308116	0.02860647	0.003776092	0.9909872	-0.09796143	0.005096436	-0.03300154	-315	2.307615	-315.0055	
594.5977	COLLISION_NONE	NOT_SWITCH	 	 	-315.0967	1.8	-315.0055	-0.1080033	0.0266327	0.002894394	0.9937896	-0.09224224	-0.01745605	-0.04491675	-315	2.307615	-315.0055	
594.6177	COLLISION_NONE	NOT_SWITCH	 	 	-315.0967	1.8	-315.0055	-0.07129882	0.0218461	0.001561951	0.9972146	-0.0841341	-0.01217651	-0.03541243	-315	2.307615	-315.0055	
594.6378	COLLISION_NONE	NOT_SWITCH	 	 	-315.0967	1.8	-315.0055	-0.05472106	0.01904598	0.001043971	0.9983195	-0.09606171	-0.02508545	-0.04730523	-315	2.307615	-315.0055	
594.6578	COLLISION_NONE	NOT_SWITCH	 	 	-315.0967	1.8	-315.0055	-0.03858083	0.01597767	0.0006169698	0.9991276	-0.116293	-0.01806641	-0.03967094	-315	2.307615	-315.0055	
594.6778	COLLISION_NONE	NOT_SWITCH	 	 	-315.0967	1.8	-315.0055	-0.02265609	0.01264651	0.0002866169	0.9996633	-0.1099329	-0.03579712	-0.03816116	-315	2.307615	-315.0055	
594.6978	COLLISION_NONE	NOT_SWITCH	 	 	-315.0967	1.8	-315.0055	-0.006837775	0.009052631	6.190383E-05	0.9999357	-0.1052284	-0.02713013	-0.02881563	-315	2.307615	-315.0055	
594.7178	COLLISION_NONE	NOT_SWITCH	 	 	-315.0967	1.8	-315.0055	0.02466063	0.001284437	-3.168468E-05	0.9996951	-0.1208057	-0.03344727	-0.04473686	-315	2.307615	-315.0055	
594.7379	COLLISION_NONE	NOT_SWITCH	 	 	-315.0967	1.8	-315.0055	-0.04037419	0.002862172	-0.0001156527	-0.9991806	-0.1315689	-0.04135132	-0.04661834	-315	2.307615	-315.0055	
594.7579	COLLISION_NONE	NOT_SWITCH	 	 	-315.0967	1.8	-315.0055	-0.05606957	0.007080696	-0.0003976471	-0.9984017	-0.1237755	-0.00479126	-0.04429197	-315	2.307615	-315.0055	
594.7779	COLLISION_NONE	NOT_SWITCH	 	 	-315.0967	1.8	-315.0055	-0.07057713	0.01126635	-0.0007971852	-0.9974424	-0.1202402	-0.02557373	-0.03862786	-315	2.307615	-315.0055	
594.7979	COLLISION_NONE	NOT_SWITCH	 	 	-315.0967	1.8	-315.0055	-0.08148147	0.01535063	-0.001255115	-0.9965559	-0.1136322	-0.03277588	-0.0417788	-315	2.307615	-315.0055	
594.8179	COLLISION_NONE	NOT_SWITCH	 	 	-315.0967	1.8	-315.0055	-0.09856311	0.02302152	-0.002280792	-0.9948619	-0.1168756	-0.03610229	-0.03764808	-315	2.307615	-315.0055	
594.838	COLLISION_NONE	NOT_SWITCH	 	 	-315.0967	1.8	-315.0055	-0.103676	0.02648974	-0.002762219	-0.9942545	-0.1144819	-0.04458618	-0.05094659	-315	2.307615	-315.0055	
594.858	COLLISION_NONE	NOT_SWITCH	 	 	-315.0967	1.8	-315.0055	-0.11054	0.02970789	-0.003305655	-0.9934221	-0.1214972	-0.05200195	-0.04961073	-315	2.307615	-315.0055	
594.878	COLLISION_NONE	NOT_SWITCH	 	 	-315.0967	1.8	-315.0055	-0.117924	0.03270501	-0.00388594	-0.9924763	-0.1147461	-0.04498291	-0.05440784	-315	2.307615	-315.0055	
594.898	COLLISION_NONE	NOT_SWITCH	 	 	-315.0967	1.8	-315.0055	-0.1121449	0.03817156	-0.004311142	-0.9929491	-0.1069021	-0.05380249	-0.0398314	-315	2.307615	-315.0055	
594.918	COLLISION_NONE	NOT_SWITCH	 	 	-315.0967	1.8	-315.0055	-0.1050766	0.04061605	-0.00429518	-0.9936251	-0.1001225	-0.04681396	-0.04462588	-315	2.307615	-315.0055	
594.938	COLLISION_NONE	NOT_SWITCH	 	 	-315.0967	1.8	-315.0055	-0.09806225	0.04285588	-0.004226856	-0.9942482	-0.09352875	-0.04388428	-0.05590141	-315	2.307615	-315.0055	
594.9581	COLLISION_NONE	NOT_SWITCH	 	 	-315.0967	1.8	-315.0055	-0.09109609	0.04489273	-0.004110841	-0.9948213	-0.08921051	-0.03546143	-0.04658914	-315	2.307615	-315.0055	
594.9781	COLLISION_NONE	NOT_SWITCH	 	 	-315.0967	1.8	-315.0055	-0.0841356	0.04672826	-0.003949876	-0.9953502	-0.08561325	-0.01452637	-0.05619502	-315	2.307615	-315.0055	
594.9981	COLLISION_NONE	NOT_SWITCH	 	 	-315.0967	1.8	-315.0055	-0.07019534	0.04979891	-0.003508692	-0.9962834	-0.1133089	-0.01513672	-0.04726446	-315	2.307615	-315.0055	
595.0181	COLLISION_NONE	NOT_SWITCH	 	 	-315.0967	1.8	-315.0055	-0.06324163	0.05103554	-0.003238298	-0.9966872	-0.1228828	-0.007293701	-0.03693199	-315	2.307615	-315.0055	
595.0381	COLLISION_NONE	NOT_SWITCH	 	 	-315.0967	1.8	-315.0055	-0.05626101	0.05207417	-0.002938405	-0.9970528	-0.1151495	0.001251221	-0.0278585	-315	2.307615	-315.0055	
595.0582	COLLISION_NONE	NOT_SWITCH	 	 	-315.0967	1.8	-315.0055	-0.04930631	0.05291498	-0.002615903	-0.9973776	-0.1004972	0.01312256	-0.02660954	-315	2.307615	-315.0055	
595.0782	COLLISION_NONE	NOT_SWITCH	 	 	-315.0967	1.8	-315.0055	-0.04232386	0.05357256	-0.002272707	-0.997664	-0.08319569	0.006713867	-0.02705789	-315	2.307615	-315.0055	
595.0982	COLLISION_NONE	NOT_SWITCH	 	 	-315.0967	1.8	-315.0055	-0.02891958	0.05440331	-0.001576317	-0.9980989	-0.04747868	0.01626587	-0.02345347	-315	2.307615	-315.0055	
595.1182	COLLISION_NONE	NOT_SWITCH	 	 	-315.0967	1.8	-315.0055	-0.0243644	0.0546258	-0.001333313	-0.9982087	-0.04523849	0.01803589	-0.04143691	-315	2.307615	-315.0055	
595.1382	COLLISION_NONE	NOT_SWITCH	 	 	-315.0967	1.8	-315.0055	-0.02144271	0.05476299	-0.001176303	-0.9982684	-0.0558567	0.02432251	-0.04495215	-315	2.307615	-315.0055	
595.1583	COLLISION_NONE	NOT_SWITCH	 	 	-315.0967	1.8	-315.0055	-0.01926288	0.05483041	-0.00105798	-0.9983093	-0.06632328	0.01681519	-0.04338586	-315	2.307615	-315.0055	
595.1783	COLLISION_NONE	NOT_SWITCH	 	 	-315.0967	1.8	-315.0055	-0.01925041	0.05489539	-0.001058552	-0.998306	-0.06214046	0.01452637	-0.0328275	-315	2.307615	-315.0055	
595.1983	COLLISION_NONE	NOT_SWITCH	 	 	-315.0967	1.8	-315.0055	-0.01924905	0.05502511	-0.001060986	-0.9982989	-0.06023312	0.008789063	-0.05345333	-315	2.307615	-315.0055	
595.2183	COLLISION_NONE	NOT_SWITCH	 	 	-315.0967	1.8	-315.0055	-0.019238	0.0550901	-0.001061633	-0.9982955	-0.05292988	0.01657104	-0.05131888	-315	2.307615	-315.0055	
595.2383	COLLISION_NONE	NOT_SWITCH	 	 	-315.0967	1.8	-315.0055	-0.01926059	0.05515505	-0.001064137	-0.9982915	-0.0531683	0.01974487	-0.05518818	-315	2.307615	-315.0055	
595.2584	COLLISION_NONE	NOT_SWITCH	 	 	-315.0967	1.8	-315.0055	-0.01925448	0.05522004	-0.001065056	-0.998288	-0.0626297	0.01376343	-0.03976011	-315	2.307615	-315.0055	
595.2784	COLLISION_NONE	NOT_SWITCH	 	 	-315.0967	1.8	-315.0055	-0.01927414	0.05528499	-0.001067402	-0.998284	-0.06207085	0.02163696	-0.03364658	-315	2.307615	-315.0055	
595.2984	COLLISION_NONE	NOT_SWITCH	 	 	-315.0967	1.8	-315.0055	-0.0192412	0.05541498	-0.001068091	-0.9982774	-0.06709671	0.0401001	-0.06008828	-315	2.307615	-315.0055	
595.3184	COLLISION_NONE	NOT_SWITCH	 	 	-315.0967	1.8	-315.0055	-0.01922848	0.05547997	-0.00106864	-0.9982741	-0.07759666	0.03256226	-0.05850935	-315	2.307615	-315.0055	
595.3384	COLLISION_NONE	NOT_SWITCH	 	 	-315.1036	1.799229	-314.9435	-0.01925023	0.05554492	-0.001071105	-0.9982701	-0.07600689	0.04199219	-0.03854656	-315	2.308489	-314.9435	
595.3585	COLLISION_NONE	NOT_SWITCH	 	 	-315.1147	1.799073	-314.8443	-0.01923292	0.05560992	-0.001071398	-0.9982668	-0.05817604	0.05007935	-0.04059863	-315	2.309887	-314.8443	
595.3785	COLLISION_NONE	NOT_SWITCH	 	 	-315.1341	1.799043	-314.6702	-0.01922962	0.0556749	-0.00107247	-0.9982632	-0.05745411	0.04766846	-0.02979434	-315	2.312346	-314.6702	
595.3985	COLLISION_NONE	NOT_SWITCH	 	 	-315.1641	1.799037	-314.4023	-0.01921629	0.05580486	-0.001074235	-0.9982562	-0.07424831	0.07931519	-0.0287441	-315	2.316135	-314.4023	
595.4185	COLLISION_NONE	NOT_SWITCH	 	 	-315.2066	1.799037	-314.0232	-0.01921581	0.05586984	-0.001075464	-0.9982526	-0.08887577	0.0710144	-0.03041375	-315	2.321514	-314.0232	
595.4385	COLLISION_NONE	NOT_SWITCH	 	 	-315.2556	1.799037	-313.5875	-0.0192383	0.05593479	-0.001077978	-0.9982485	-0.1022472	0.07122803	-0.02248275	-315	2.327721	-313.5875	
595.4586	COLLISION_NONE	NOT_SWITCH	 	 	-315.3087	1.799035	-313.1149	-0.01922136	0.05599978	-0.001078284	-0.9982452	-0.09732151	0.05828857	-0.04257643	-315	2.334479	-313.1149	
595.4786	COLLISION_NONE	NOT_SWITCH	 	 	-315.3704	1.799036	-312.5667	-0.01923342	0.05612971	-0.001081472	-0.9982377	-0.08327675	0.03424072	-0.04069209	-315	2.342354	-312.5667	
595.4986	COLLISION_NONE	NOT_SWITCH	 	 	-315.4513	1.799036	-311.8503	-0.01922959	0.05619469	-0.001082513	-0.9982341	-0.06595421	0.05584717	-0.04786217	-315	2.352705	-311.8503	
595.5186	COLLISION_NONE	NOT_SWITCH	 	 	-315.5449	1.799036	-311.0214	-0.01922764	0.05625967	-0.001083658	-0.9982305	-0.06251812	0.05245972	-0.04771137	-315	2.364769	-311.0214	
595.5386	COLLISION_NONE	NOT_SWITCH	 	 	-315.6577	1.799036	-310.0234	-0.01922663	0.05632464	-0.001084857	-0.9982268	-0.05843449	0.04968262	-0.04406059	-315	2.379413	-310.0234	
595.5587	COLLISION_NONE	NOT_SWITCH	 	 	-315.7811	1.799036	-308.9337	-0.0192261	0.05638961	-0.001086082	-0.9982231	-0.05408955	0.06164551	-0.03514433	-315	2.395557	-308.9337	
595.5787	COLLISION_NONE	NOT_SWITCH	 	 	-315.9217	1.799036	-307.6932	-0.01923758	0.05651955	-0.001089243	-0.9982156	-0.05458164	0.06442261	-0.04247773	-315	2.414133	-307.6932	
595.5987	COLLISION_NONE	NOT_SWITCH	 	 	-316.0923	1.799035	-306.1927	-0.01922068	0.05658454	-0.001089541	-0.9982122	-0.0470295	0.0725708	-0.03686965	-315	2.436889	-306.1927	
595.6187	COLLISION_NONE	NOT_SWITCH	 	 	-316.2634	1.799036	-304.6878	-0.01921773	0.05652171	-0.00108816	-0.9982159	-0.04695892	0.05517578	-0.03136373	-315	2.460031	-304.6878	
595.6387	COLLISION_NONE	NOT_SWITCH	 	 	-316.4445	1.799037	-303.0944	-0.01923914	0.05636485	-0.00108634	-0.9982243	-0.05934238	0.08145142	-0.01589847	-315	2.48489	-303.0944	
595.6588	COLLISION_NONE	NOT_SWITCH	 	 	-316.6293	1.799035	-301.464	-0.01923265	0.05613067	-0.001081447	-0.9982376	-0.06900024	0.08929443	-0.005560398	-315	2.510714	-301.464	
595.6788	COLLISION_NONE	NOT_SWITCH	 	 	-316.8196	1.799035	-299.7777	-0.01921755	0.05544999	-0.001067453	-0.9982759	-0.08037949	0.07717896	-0.01054215	-315	2.537841	-299.7777	
595.6988	COLLISION_NONE	NOT_SWITCH	 	 	-317.0138	1.799036	-298.0328	-0.01921718	0.05500278	-0.001058797	-0.9983007	-0.07947922	0.07818604	-0.003581285	-315	2.56637	-298.0328	
595.7188	COLLISION_NONE	NOT_SWITCH	 	 	-317.2077	1.799037	-296.2833	-0.01924007	0.0544784	-0.001049922	-0.998329	-0.08601093	0.0859375	0.006462574	-315	2.595453	-296.2833	
595.7388	COLLISION_NONE	NOT_SWITCH	 	 	-317.4004	1.799035	-294.532	-0.01925727	0.05386095	-0.001038916	-0.9983622	-0.08979988	0.08184814	0.00366652	-315	2.625056	-294.532	
595.7589	COLLISION_NONE	NOT_SWITCH	 	 	-317.5915	1.799034	-292.7797	-0.01927174	0.05308899	-0.001024753	-0.9984033	-0.07194614	0.08990479	0.00162077	-315	2.655176	-292.7797	
595.7789	COLLISION_NONE	NOT_SWITCH	 	 	-317.7804	1.799032	-291.0269	-0.01924735	0.05090728	-0.0009812848	-0.9985175	-0.09234238	0.1072388	0.004538178	-315	2.685819	-291.0269	
595.7989	COLLISION_NONE	NOT_SWITCH	 	 	-317.9626	1.799034	-289.2795	-0.01925812	0.04942669	-0.0009532077	-0.9985917	-0.09253311	0.1139221	0.0002660751	-315	2.716892	-289.2795	
595.8189	COLLISION_NONE	NOT_SWITCH	 	 	-318.1409	1.799034	-287.5367	-0.01927518	0.0477205	-0.0009210423	-0.9986743	-0.08850765	0.1219482	0.006125927	-315	2.748414	-287.5367	
595.8389	COLLISION_NONE	NOT_SWITCH	 	 	-318.316	1.799032	-285.7995	-0.01929004	0.04580177	-0.0008846112	-0.9987639	-0.09666634	0.123291	-0.01110482	-315	2.780374	-285.7995	
595.8589	COLLISION_NONE	NOT_SWITCH	 	 	-318.4905	1.799031	-284.0635	-0.01928106	0.0436769	-0.0008430986	-0.9988593	-0.09077263	0.1148987	-0.02464378	-315	2.812862	-284.0635	
595.879	COLLISION_NONE	NOT_SWITCH	 	 	-318.659	1.799031	-282.3396	-0.02231448	0.03881814	-0.0008670763	-0.9989967	-0.1111965	0.1567078	-0.0280565	-315	2.845684	-282.3396	
595.899	COLLISION_NONE	NOT_SWITCH	 	 	-318.8075	1.798769	-280.6559	-0.02572422	0.03608574	-0.0009291907	-0.9990172	-0.1069412	0.1615601	-0.01832414	-315	2.878286	-280.6559	
595.919	COLLISION_NONE	NOT_SWITCH	 	 	-318.9426	1.798376	-279.0077	-0.02880667	0.03315265	-0.0009559405	-0.9990346	-0.09886837	0.1877136	-0.01471817	-315	2.910739	-279.0077	
595.939	COLLISION_NONE	NOT_SWITCH	 	 	-319.0771	1.797947	-277.3608	-0.03144399	0.0300196	-0.0009448298	-0.9990542	-0.1070356	0.1890564	-0.03195119	-315	2.943706	-277.3608	
595.959	COLLISION_NONE	NOT_SWITCH	 	 	-319.2112	1.797531	-275.7145	-0.0338533	0.02674671	-0.0009063088	-0.9990684	-0.0997963	0.1932983	-0.02939951	-315	2.977215	-275.7145	
595.9791	COLLISION_NONE	NOT_SWITCH	 	 	-319.3451	1.797121	-274.0684	-0.0357476	0.02333429	-0.0008349062	-0.999088	-0.08890247	0.194458	-0.02320361	-315	3.011286	-274.0684	
595.9991	COLLISION_NONE	NOT_SWITCH	 	 	-319.4701	1.796765	-272.43	-0.0357476	0.02333429	-0.0008349062	-0.999088	-0.08890247	0.194458	-0.02320361	-315	3.045772	-272.43	
596.0191	COLLISION_NONE	NOT_SWITCH	 	 	-319.5951	1.796693	-270.7917	-0.03691784	0.01978268	-0.0007309756	-0.9991222	-0.09689426	0.1819763	-0.03534639	-315	3.080839	-270.7917	
596.0391	COLLISION_NONE	NOT_SWITCH	 	 	-319.6997	1.796503	-269.1626	-0.03753564	0.01609185	-0.0006045222	-0.9991656	-0.09502411	0.178009	-0.006817222	-315	3.116302	-269.1626	
596.0591	COLLISION_NONE	NOT_SWITCH	 	 	-319.7709	1.796369	-267.5111	-0.03582444	0.01226718	-0.0004397803	-0.9992827	-0.1054058	0.17099	0.001648188	-315	3.152869	-267.5111	
596.0792	COLLISION_NONE	NOT_SWITCH	 	 	-319.8196	1.796604	-265.8044	-0.03499199	0.008308143	-0.0002909066	-0.9993531	-0.09334087	0.1736145	0.01824951	-315	3.191328	-265.8044	
596.0992	COLLISION_NONE	NOT_SWITCH	 	 	-319.8528	1.796774	-264.0043	-0.03457052	0.004219293	-0.0001459517	-0.9993933	-0.1001158	0.1910706	0.0167073	-315	3.232642	-264.0043	
596.1192	COLLISION_NONE	NOT_SWITCH	 	 	-319.8724	1.796869	-262.1461	0.03433685	-1.029621E-05	3.537482E-07	0.9994103	-0.09351349	0.1838684	0.01356494	-315	3.276124	-262.1461	
596.1392	COLLISION_NONE	NOT_SWITCH	 	 	-319.8776	1.796921	-260.2481	0.03421416	0.00428664	-0.0001467511	0.9994053	-0.1031189	0.1881714	0.0242883	-315	3.321427	-260.2481	
596.1592	COLLISION_NONE	NOT_SWITCH	 	 	-319.8696	1.796949	-258.341	0.03421416	0.00428664	-0.0001467511	0.9994053	-0.1031189	0.1881714	0.0242883	-315	3.367885	-258.341	
596.1793	COLLISION_NONE	NOT_SWITCH	 	 	-319.8615	1.796955	-256.4339	0.0255197	0.008650529	-0.0002208391	0.9996369	-0.1285486	0.1893616	0.01518798	-315	3.415304	-256.4339	
596.1993	COLLISION_NONE	NOT_SWITCH	 	 	-319.8363	1.798036	-254.5081	0.01600158	0.01302043	-0.0002083919	0.9997872	-0.1250935	0.1894836	0.0149461	-315	3.464188	-254.5081	
596.2193	COLLISION_NONE	NOT_SWITCH	 	 	-319.792	1.799075	-252.5577	0.004930751	0.01738694	-8.574469E-05	0.9998367	-0.1150713	0.196228	0.006453276	-315	3.514753	-252.5577	
596.2393	COLLISION_NONE	NOT_SWITCH	 	 	-319.7267	1.799765	-250.5769	-0.007351449	0.02174926	0.0001599308	0.9997364	-0.1115189	0.2135925	-0.002740026	-315	3.567225	-250.5769	
596.2593	COLLISION_NONE	NOT_SWITCH	 	 	-319.6519	1.812693	-248.5883	-0.01785306	0.02610823	0.0004663451	0.9994996	-0.09193134	0.2124939	-0.02154303	-315	3.621068	-248.5883	
596.2794	COLLISION_NONE	NOT_SWITCH	 	 	-319.5726	1.834465	-246.5986	-0.02745098	0.03046525	0.0008370056	0.9991585	-0.1023598	0.2120667	-0.02079833	-315	3.676142	-246.5986	
596.2994	COLLISION_NONE	NOT_SWITCH	 	 	-319.4896	1.863981	-244.6086	-0.03659938	0.03482096	0.001276056	0.9987224	-0.1161776	0.2186279	-0.02063167	-315	3.732464	-244.6086	
596.3194	COLLISION_NONE	NOT_SWITCH	 	 	-319.4031	1.900745	-242.6186	-0.04695702	0.03917306	0.001842902	0.9981268	-0.1271944	0.2210999	-0.02379084	-315	3.790061	-242.6186	
596.3394	COLLISION_NONE	NOT_SWITCH	 	 	-319.3134	1.944572	-240.6288	-0.04695702	0.03917306	0.001842902	0.9981268	-0.1271944	0.2210999	-0.02379084	-315	3.848963	-240.6288	
596.3594	COLLISION_NONE	NOT_SWITCH	 	 	-319.2237	1.988399	-238.639	-0.05774779	0.04352242	0.002519929	0.9973789	-0.1196804	0.2149353	-0.01997626	-315	3.909217	-238.639	
596.3795	COLLISION_NONE	NOT_SWITCH	 	 	-319.1308	2.039274	-236.6496	-0.06865551	0.0478699	0.003298122	0.9964858	-0.09828854	0.2337952	-0.02347171	-315	3.97085	-236.6496	
596.3995	COLLISION_NONE	NOT_SWITCH	 	 	-319.0349	2.097299	-234.6608	-0.07952134	0.05221642	0.004171275	0.9954559	-0.08432674	0.2378845	-0.02486777	-315	4.033898	-234.6608	
596.4195	COLLISION_NONE	NOT_SWITCH	 	 	-318.9357	2.162682	-232.6727	-0.09035722	0.05656246	0.005140184	0.9942886	-0.06532288	0.2443237	-0.009151697	-315	4.0984	-232.6727	
596.4395	COLLISION_NONE	NOT_SWITCH	 	 	-318.8334	2.235727	-230.6855	-0.1009844	0.06090965	0.006194272	0.9930024	-0.06171227	0.258667	-0.01102698	-315	4.164393	-230.6855	
596.4595	COLLISION_NONE	NOT_SWITCH	 	 	-318.7277	2.316834	-228.6993	-0.1009844	0.06090965	0.006194272	0.9930024	-0.06171227	0.258667	-0.01102698	-315	4.231916	-228.6993	
596.4796	COLLISION_NONE	NOT_SWITCH	 	 	-318.622	2.397942	-226.7132	-0.1112218	0.06526014	0.007319664	0.9916236	-0.05766487	0.276825	-0.0132823	-315	4.301052	-226.7132	
596.4996	COLLISION_NONE	NOT_SWITCH	 	 	-318.5128	2.487616	-224.7282	-0.1210709	0.06961506	0.008512087	0.9901632	-0.0514822	0.2759399	-0.02416503	-315	4.371806	-224.7282	
596.5196	COLLISION_NONE	NOT_SWITCH	 	 	-318.3998	2.586466	-222.7448	-0.1296571	0.07398412	0.009701735	0.9887474	-0.06324291	0.2737122	-0.03732014	-315	4.444219	-222.7448	
596.5396	COLLISION_NONE	NOT_SWITCH	 	 	-318.2826	2.695209	-220.763	-0.138235	0.07835573	0.01097157	0.9872341	-0.05340099	0.2662354	-0.04416275	-315	4.518331	-220.763	
596.5596	COLLISION_NONE	NOT_SWITCH	 	 	-318.1609	2.814684	-218.7833	-0.146793	0.08273042	0.01232137	0.9856246	-0.06624222	0.274353	-0.03014123	-315	4.594182	-218.7833	
596.5797	COLLISION_NONE	NOT_SWITCH	 	 	-318.0342	2.945869	-216.8059	-0.1553198	0.08705847	0.01374282	0.9839247	-0.0733614	0.2807922	-0.03393376	-315	4.671811	-216.8059	
596.5997	COLLISION_NONE	NOT_SWITCH	 	 	-317.9021	3.0899	-214.8313	-0.1553198	0.08705847	0.01374282	0.9839247	-0.0733614	0.2807922	-0.03393376	-315	4.751255	-214.8313	
596.6197	COLLISION_NONE	NOT_SWITCH	 	 	-317.7699	3.233932	-212.8567	-0.1638268	0.09123217	0.01521802	0.9821435	-0.05253601	0.288208	-0.04311872	-315	4.832683	-212.8567	
596.6397	COLLISION_NONE	NOT_SWITCH	 	 	-317.6317	3.392124	-210.8853	-0.1683	0.09527639	0.01634585	0.9809844	-0.06690788	0.2802734	-0.0413475	-315	4.91602	-210.8853	
596.6597	COLLISION_NONE	NOT_SWITCH	 	 	-317.4865	3.565925	-208.9177	-0.1713187	0.09900492	0.01730621	0.9800758	-0.06014061	0.2938538	-0.05383372	-315	5.001303	-208.9177	
596.6797	COLLISION_NONE	NOT_SWITCH	 	 	-317.3335	3.756896	-206.9542	-0.1727052	0.1024894	0.01807164	0.9794602	-0.04471779	0.3139648	-0.04295444	-315	5.088564	-206.9542	
596.6998	COLLISION_NONE	NOT_SWITCH	 	 	-317.1715	3.966666	-204.9955	-0.1726439	0.10576	0.01864833	0.9791124	-0.02743244	0.338623	-0.05738628	-315	5.177838	-204.9955	
596.7198	COLLISION_NONE	NOT_SWITCH	 	 	-316.9992	4.196854	-203.0421	-0.1725851	0.1088046	0.01918518	0.9787788	-0.04536247	0.3443909	-0.06048107	-315	5.269154	-203.0421	
596.7398	COLLISION_NONE	NOT_SWITCH	 	 	-316.8152	4.449032	-201.0946	-0.1725851	0.1088046	0.01918518	0.9787788	-0.04536247	0.3443909	-0.06048107	-315	5.362545	-201.0946	
596.7598	COLLISION_NONE	NOT_SWITCH	 	 	-316.6313	4.701211	-199.147	-0.1725289	0.1116321	0.01968374	0.9784603	-0.04820538	0.3592529	-0.05494118	-315	5.458357	-199.147	
596.7798	COLLISION_NONE	NOT_SWITCH	 	 	-316.4343	4.976848	-197.2057	-0.1724782	0.1141267	0.02012362	0.9781725	-0.04785347	0.3702698	-0.05269158	-315	5.556347	-197.2057	
596.7999	COLLISION_NONE	NOT_SWITCH	 	 	-316.223	5.277257	-195.2713	-0.1724336	0.1162718	0.02050185	0.9779199	-0.04405212	0.3569946	-0.0443778	-315	5.656549	-195.2713	
596.8199	COLLISION_NONE	NOT_SWITCH	 	 	-315.9963	5.603538	-193.3441	-0.1723961	0.118047	0.02081487	0.9777071	-0.05266476	0.3540039	-0.06814909	-315	5.759	-193.3441	
596.8399	COLLISION_NONE	NOT_SWITCH	 	 	-315.7531	5.956515	-191.4245	-0.1723667	0.1194201	0.02105698	0.9775404	-0.04870129	0.3549194	-0.06146348	-315	5.863737	-191.4245	
596.8599	COLLISION_NONE	NOT_SWITCH	 	 	-315.4927	6.336698	-189.5127	-0.1723667	0.1194201	0.02105698	0.9775404	-0.04870129	0.3549194	-0.06146348	-315	5.970806	-189.5127	
596.8799	COLLISION_NONE	NOT_SWITCH	 	 	-315.2324	6.71688	-187.601	-0.1723466	0.1203505	0.02122103	0.9774263	-0.05974388	0.3395081	-0.06603312	-315	6.080721	-187.601	
596.9	COLLISION_NONE	NOT_SWITCH	 	 	-314.9544	7.124422	-185.6972	-0.1723353	0.1208721	0.02131302	0.9773619	-0.05700779	0.338501	-0.07667172	-315	6.193105	-185.6972	
596.92	COLLISION_NONE	NOT_SWITCH	 	 	-314.6587	7.559102	-183.8013	-0.1646916	0.1212667	0.02040732	0.9786494	-0.03846359	0.3686218	-0.07418036	-315	6.308021	-183.8013	
596.94	COLLISION_NONE	NOT_SWITCH	 	 	-314.3439	8.01919	-181.9128	-0.1486462	0.1216497	0.01842912	0.9812064	-0.03913689	0.3745728	-0.08538854	-315	6.425575	-181.9128	
596.96	COLLISION_NONE	NOT_SWITCH	 	 	-314.0062	8.499269	-180.0297	-0.1363207	0.1218342	0.01689576	0.9829993	-0.05189228	0.3463135	-0.1060926	-315	6.545958	-180.0297	
596.98	COLLISION_NONE	NOT_SWITCH	 	 	-313.6439	8.991312	-178.1498	-0.1258797	0.1218172	0.01557709	0.9844147	-0.04718685	0.3519592	-0.08942282	-315	6.669402	-178.1498	
597.0001	COLLISION_NONE	NOT_SWITCH	 	 	-313.2585	9.485723	-176.2704	-0.1258797	0.1218172	0.01557709	0.9844147	-0.04718685	0.3519592	-0.08942282	-315	6.796183	-176.2704	
597.0201	COLLISION_NONE	NOT_SWITCH	 	 	-312.873	9.980133	-174.391	-0.1163624	0.1215961	0.01435549	0.9856309	-0.03925896	0.3537903	-0.07605255	-315	6.926453	-174.391	
597.0401	COLLISION_NONE	NOT_SWITCH	 	 	-312.4698	10.46869	-172.5102	-0.1073043	0.1211688	0.01317682	0.9867271	-0.04018879	0.3313293	-0.08400846	-315	7.060445	-172.5102	
597.0601	COLLISION_NONE	NOT_SWITCH	 	 	-312.055	10.94748	-170.6269	-0.09847229	0.1205578	0.01201899	0.9877372	-0.05069447	0.3482666	-0.0887711	-315	7.19836	-170.6269	
597.0801	COLLISION_NONE	NOT_SWITCH	 	 	-311.633	11.41566	-168.7411	-0.08975067	0.1197022	0.01086631	0.9886851	-0.04310513	0.3425903	-0.07804596	-315	7.340356	-168.7411	
597.1002	COLLISION_NONE	NOT_SWITCH	 	 	-311.2064	11.87338	-166.853	-0.08105846	0.1185918	0.009714081	0.9895813	-0.04319	0.3630066	-0.09085572	-315	7.486583	-166.853	
597.1202	COLLISION_NONE	NOT_SWITCH	 	 	-310.7767	12.3209	-164.9625	-0.08105846	0.1185918	0.009714081	0.9895813	-0.04319	0.3630066	-0.09085572	-315	7.637187	-164.9625	
597.1402	COLLISION_NONE	NOT_SWITCH	 	 	-310.3471	12.76843	-163.0721	-0.08058786	0.1170757	0.009532091	0.989802	-0.03658009	0.3767395	-0.09990394	-315	7.792152	-163.0721	
597.1602	COLLISION_NONE	NOT_SWITCH	 	 	-309.915	13.20612	-161.1794	-0.0803012	0.1152843	0.009350626	0.9900373	-0.04701614	0.3661499	-0.09104884	-315	7.951835	-161.1794	
597.1802	COLLISION_NONE	NOT_SWITCH	 	 	-309.4811	13.63437	-159.2844	-0.08065674	0.1132528	0.009224599	0.990244	-0.04602814	0.3778381	-0.08531117	-315	8.11642	-159.2844	
597.2003	COLLISION_NONE	NOT_SWITCH	 	 	-309.0463	14.05364	-157.387	-0.08149718	0.1110023	0.009133779	0.9904309	-0.05271435	0.3504333	-0.06773651	-315	8.286108	-157.387	
597.2203	COLLISION_NONE	NOT_SWITCH	 	 	-308.6113	14.46449	-155.4872	-0.08149169	0.1085544	0.008929282	0.9907045	-0.03834248	0.3583679	-0.06949842	-315	8.461103	-155.4872	
597.2403	COLLISION_NONE	NOT_SWITCH	 	 	-308.1769	14.86758	-153.5849	-0.08115457	0.1059644	0.008677463	0.9910147	-0.03908634	0.3261414	-0.06586337	-315	8.641625	-153.5849	
597.2603	COLLISION_NONE	NOT_SWITCH	 	 	-307.7442	15.26365	-151.6802	-0.08115457	0.1059644	0.008677463	0.9910147	-0.03908634	0.3261414	-0.06586337	-315	8.827883	-151.6802	
597.2803	COLLISION_NONE	NOT_SWITCH	 	 	-307.3114	15.65973	-149.7756	-0.0811303	0.1032525	0.008450382	0.9913049	-0.03434944	0.3317566	-0.04918897	-315	9.019868	-149.7755	
597.3004	COLLISION_NONE	NOT_SWITCH	 	 	-306.8809	16.04957	-147.8686	-0.08105871	0.100446	0.008210989	0.991601	-0.03393555	0.3254395	-0.04144669	-315	9.218043	-147.8686	
597.3204	COLLISION_NONE	NOT_SWITCH	 	 	-306.4533	16.43398	-145.9594	-0.08105494	0.09757259	0.007973403	0.9918902	-0.04604816	0.3222961	-0.0649662	-315	9.422649	-145.9594	
597.3404	COLLISION_NONE	NOT_SWITCH	 	 	-306.0291	16.81372	-144.0481	-0.08117651	0.09466448	0.007745225	0.9921638	-0.04309368	0.3181152	-0.07173514	-315	9.633936	-144.0482	
597.3604	COLLISION_NONE	NOT_SWITCH	 	 	-305.6086	17.18951	-142.135	-0.08183993	0.09171867	0.007563829	0.9923874	-0.04711056	0.3345642	-0.08391809	-315	9.85216	-142.135	
597.3804	COLLISION_NONE	NOT_SWITCH	 	 	-305.192	17.56205	-140.22	-0.08585494	0.08866712	0.007671392	0.9923247	-0.0483427	0.3326416	-0.1012412	-315	10.07759	-140.22	
597.4005	COLLISION_NONE	NOT_SWITCH	 	 	-304.78	17.93264	-138.3034	-0.08585494	0.08866712	0.007671392	0.9923247	-0.0483427	0.3326416	-0.1012412	-315	10.3105	-138.3034	
597.4205	COLLISION_NONE	NOT_SWITCH	 	 	-304.368	18.30324	-136.3868	-0.09470011	0.08542816	0.008156941	0.9918001	-0.07238865	0.346405	-0.09427917	-315	10.551	-136.3868	
597.4405	COLLISION_NONE	NOT_SWITCH	 	 	-303.9607	18.67432	-134.4691	-0.1034634	0.08198203	0.008557345	0.9912119	-0.06523132	0.3226013	-0.0849787	-315	10.79954	-134.4691	
597.4605	COLLISION_NONE	NOT_SWITCH	 	 	-303.5576	19.04745	-132.5508	-0.1121736	0.07832742	0.008870031	0.990557	-0.0744257	0.3240967	-0.06692171	-315	11.05637	-132.5508	
597.4805	COLLISION_NONE	NOT_SWITCH	 	 	-303.1581	19.42336	-130.6322	-0.1208607	0.0744628	0.009092083	0.989831	-0.08487892	0.3135681	-0.05806983	-315	11.3218	-130.6322	
597.5005	COLLISION_NONE	NOT_SWITCH	 	 	-302.7619	19.80243	-128.7136	-0.1295338	0.07038669	0.009218573	0.9890307	-0.09242058	0.3018799	-0.06329179	-315	11.59612	-128.7136	
597.5206	COLLISION_NONE	NOT_SWITCH	 	 	-302.3687	20.18489	-126.7951	-0.1295338	0.07038669	0.009218573	0.9890307	-0.09242058	0.3018799	-0.06329179	-315	11.87968	-126.7951	
597.5406	COLLISION_NONE	NOT_SWITCH	 	 	-301.9756	20.56735	-124.8766	-0.1381968	0.06609748	0.009243968	0.9881535	-0.08864403	0.3059387	-0.06047821	-315	12.17287	-124.8766	
597.5606	COLLISION_NONE	NOT_SWITCH	 	 	-301.5854	20.9534	-122.9584	-0.1468508	0.06164962	0.009170744	0.987193	-0.08919239	0.2771301	-0.06067073	-315	12.47605	-122.9584	
597.5806	COLLISION_NONE	NOT_SWITCH	 	 	-301.1981	21.34324	-121.0406	-0.155506	0.05707977	0.00900097	0.9861434	-0.0819397	0.2849121	-0.05851316	-315	12.78959	-121.0406	
597.6006	COLLISION_NONE	NOT_SWITCH	 	 	-300.8138	21.73708	-119.1233	-0.1602886	0.05251641	0.008540465	0.9856352	-0.07754135	0.3039551	-0.05040181	-315	13.11391	-119.1233	
597.6207	COLLISION_NONE	NOT_SWITCH	 	 	-300.4327	22.13508	-117.2065	-0.1639728	0.04795239	0.007980471	0.9852664	-0.08757305	0.3217163	-0.04825068	-315	13.44941	-117.2065	
597.6407	COLLISION_NONE	NOT_SWITCH	 	 	-300.0551	22.53744	-115.2903	-0.1665597	0.0433891	0.007336562	0.985049	-0.0659256	0.3373718	-0.04784691	-315	13.79654	-115.2903	
597.6607	COLLISION_NONE	NOT_SWITCH	 	 	-299.6812	22.94432	-113.3747	-0.1682319	0.03882659	0.006631609	0.9849602	-0.0382185	0.3379517	-0.05669057	-315	14.15578	-113.3747	
597.6807	COLLISION_NONE	NOT_SWITCH	 	 	-299.3114	23.35591	-111.4597	-0.1682319	0.03882659	0.006631609	0.9849602	-0.0382185	0.3379517	-0.05669057	-315	14.52758	-111.4597	
597.7007	COLLISION_NONE	NOT_SWITCH	 	 	-298.9416	23.76749	-109.5448	-0.1697185	0.03426152	0.00590409	0.9848791	-0.036973	0.3434448	-0.03977442	-315	14.9126	-109.5447	
597.7208	COLLISION_NONE	NOT_SWITCH	 	 	-298.5764	24.18398	-107.6305	-0.1710194	0.02969416	0.005156623	0.9848066	-0.03645325	0.3579102	-0.04136968	-315	15.31121	-107.6304	
597.7408	COLLISION_NONE	NOT_SWITCH	 	 	-298.2161	24.60557	-105.7169	-0.1719524	0.02512557	0.004387196	0.984775	-0.02133179	0.3639526	-0.02542388	-315	15.72394	-105.7169	
597.7608	COLLISION_NONE	NOT_SWITCH	 	 	-297.8613	25.03246	-103.804	-0.1726996	0.02055552	0.003604892	0.9847534	-0.02526283	0.3630371	-0.03211343	-315	16.15137	-103.804	
597.7808	COLLISION_NONE	NOT_SWITCH	 	 	-297.5126	25.46488	-101.8918	-0.173261	0.01598429	0.002812364	0.9847422	-0.02054214	0.3686523	-0.01543641	-315	16.59404	-101.8918	
597.8008	COLLISION_NONE	NOT_SWITCH	 	 	-297.1704	25.90303	-99.98041	-0.173261	0.01598429	0.002812364	0.9847422	-0.02054214	0.3686523	-0.01543641	-315	17.05253	-99.98041	
597.8209	COLLISION_NONE	NOT_SWITCH	 	 	-296.8282	26.34119	-98.06902	-0.1736365	0.01141213	0.002012267	0.9847416	-0.02128506	0.3674927	-0.02582741	-315	17.52765	-98.06902	
597.8409	COLLISION_NONE	NOT_SWITCH	 	 	-296.4933	26.7853	-96.15841	-0.173644	0.006839542	0.001205996	0.984784	-0.03155613	0.3812866	-0.02672613	-315	18.01983	-96.15842	
597.8609	COLLISION_NONE	NOT_SWITCH	 	 	-296.1663	27.23556	-94.24861	-0.1736477	0.002266803	0.0003996985	0.9848052	-0.03075409	0.3895569	-0.01714861	-315	18.5297	-94.24863	
597.8809	COLLISION_NONE	NOT_SWITCH	 	 	-295.8479	27.69218	-92.33964	0.1736477	0.002305848	0.0004065831	-0.984805	-0.03813648	0.3955994	-0.02440166	-315	19.0579	-92.33963	
597.9009	COLLISION_NONE	NOT_SWITCH	 	 	-295.539	28.15536	-90.43152	0.1736439	0.006878455	0.001212857	-0.9847837	-0.04911327	0.4082642	-0.03570962	-315	19.60507	-90.43152	
597.921	COLLISION_NONE	NOT_SWITCH	 	 	-295.2403	28.62531	-88.52428	0.1736439	0.006878455	0.001212857	-0.9847837	-0.04911327	0.4082642	-0.03570962	-315	20.17187	-88.52429	
597.941	COLLISION_NONE	NOT_SWITCH	 	 	-294.9417	29.09525	-86.61705	0.1736364	0.01145091	0.002019105	-0.9847412	-0.03401279	0.4172974	-0.02705991	-315	20.75925	-86.61705	
597.961	COLLISION_NONE	NOT_SWITCH	 	 	-294.6541	29.57214	-84.71074	0.1736252	0.01602313	0.002825309	-0.9846774	-0.059021	0.4366455	-0.03477836	-315	21.3676	-84.71074	
597.981	COLLISION_NONE	NOT_SWITCH	 	 	-294.3786	30.05618	-82.80539	0.1736102	0.02059476	0.003631411	-0.9845924	-0.06876278	0.4338379	-0.02325141	-315	21.99759	-82.80539	
598.001	COLLISION_NONE	NOT_SWITCH	 	 	-294.116	30.54753	-80.90105	0.1735914	0.02516595	0.004437435	-0.9844862	-0.06951141	0.4291382	-0.03324366	-315	22.64985	-80.90105	
598.0211	COLLISION_NONE	NOT_SWITCH	 	 	-293.8674	31.04637	-78.99777	0.173569	0.02973683	0.005243404	-0.9843587	-0.06583786	0.4260864	-0.0296061	-315	23.325	-78.99777	
598.0411	COLLISION_NONE	NOT_SWITCH	 	 	-293.6336	31.55283	-77.09562	0.1735428	0.03430683	0.006049219	-0.98421	-0.05861664	0.4302979	-0.0270282	-315	24.02364	-77.09561	
598.0611	COLLISION_NONE	NOT_SWITCH	 	 	-293.4158	32.06705	-75.19466	0.1735428	0.03430683	0.006049219	-0.98421	-0.05861664	0.4302979	-0.0270282	-315	24.74634	-75.19467	
598.0811	COLLISION_NONE	NOT_SWITCH	 	 	-293.198	32.58126	-73.29371	0.1735128	0.03887609	0.006854903	-0.9840401	-0.06252193	0.4329529	-0.03413165	-315	25.49415	-73.2937	
598.1011	COLLISION_NONE	NOT_SWITCH	 	 	-292.9972	33.10334	-71.39402	0.1734791	0.04344476	0.007660482	-0.983849	-0.0726862	0.4329224	-0.02994466	-315	26.26707	-71.39401	
598.1212	COLLISION_NONE	NOT_SWITCH	 	 	-292.8142	33.63334	-69.49568	0.1734417	0.04801225	0.008465854	-0.9836367	-0.0629425	0.43573	-0.04147136	-315	27.06552	-69.49568	
598.1412	COLLISION_NONE	NOT_SWITCH	 	 	-292.6502	34.17131	-67.59879	0.1734005	0.05257871	0.009271043	-0.9834032	-0.07589149	0.4367371	-0.02665138	-315	27.88983	-67.59879	
598.1612	COLLISION_NONE	NOT_SWITCH	 	 	-292.5061	34.71726	-65.70343	0.1734005	0.05257871	0.009271043	-0.9834032	-0.07589149	0.4367371	-0.02665138	-315	28.74025	-65.70343	
598.1812	COLLISION_NONE	NOT_SWITCH	 	 	-292.362	35.26321	-63.80807	0.1733556	0.05714449	0.01007611	-0.9831485	-0.07971764	0.4500122	-0.03496635	-315	29.61767	-63.80807	
598.2012	COLLISION_NONE	NOT_SWITCH	 	 	-292.2387	35.8171	-61.91437	0.1733069	0.06170882	0.01088093	-0.9828725	-0.08306217	0.4605408	-0.035954	-315	30.52143	-61.91437	
598.2213	COLLISION_NONE	NOT_SWITCH	 	 	-292.1371	36.37885	-60.02242	0.1732545	0.0662718	0.01168551	-0.9825754	-0.08320236	0.4498901	-0.03472877	-315	31.45137	-60.02242	
598.2413	COLLISION_NONE	NOT_SWITCH	 	 	-292.0579	36.94834	-58.13234	0.1731984	0.07083338	0.01248983	-0.9822571	-0.05550098	0.4468994	-0.04314053	-315	32.4072	-58.13232	
598.2613	COLLISION_NONE	NOT_SWITCH	 	 	-292.0017	37.52542	-56.24426	0.1731385	0.07539342	0.01329389	-0.9819176	-0.03505993	0.4576111	-0.05272698	-315	33.3884	-56.24426	
598.2813	COLLISION_NONE	NOT_SWITCH	 	 	-291.9693	38.10989	-54.3583	0.173075	0.07995184	0.01409766	-0.981557	-0.04524231	0.4540405	-0.04814088	-315	34.39428	-54.35831	
598.3013	COLLISION_NONE	NOT_SWITCH	 	 	-291.961	38.7015	-52.47459	0.1729366	0.08906339	0.01570428	-0.9807722	-0.05103683	0.4521484	-0.02992892	-315	35.42389	-52.47458	
598.3214	COLLISION_NONE	NOT_SWITCH	 	 	-292.0018	39.30653	-50.59575	0.1728618	0.09361634	0.01650708	-0.9803481	-0.06281471	0.4499512	-0.04310274	-315	36.47459	-50.59573	
598.3414	COLLISION_NONE	NOT_SWITCH	 	 	-292.0674	39.91779	-48.71953	0.1727833	0.09816726	0.01730954	-0.9799028	-0.0867157	0.4671326	-0.03999794	-315	37.54615	-48.71954	
598.3614	COLLISION_NONE	NOT_SWITCH	 	 	-292.1578	40.53492	-46.84608	0.1727011	0.1027161	0.01811161	-0.9794365	-0.08293915	0.4502869	-0.03126884	-315	38.6368	-46.84607	
598.3814	COLLISION_NONE	NOT_SWITCH	 	 	-292.2729	41.15756	-44.9755	0.1726151	0.1072627	0.0189133	-0.978949	-0.09313297	0.4502869	-0.02708733	-315	39.74435	-44.97549	
598.4014	COLLISION_NONE	NOT_SWITCH	 	 	-292.4124	41.78535	-43.10793	0.1725254	0.111807	0.01971458	-0.9784404	-0.08622169	0.467926	-0.03307402	-315	40.86632	-43.10791	
598.4214	COLLISION_NONE	NOT_SWITCH	 	 	-292.5761	42.41791	-41.24346	0.172432	0.1163486	0.02051539	-0.9779107	-0.07779408	0.4531555	-0.007255793	-315	41.99982	-41.24347	
598.4415	COLLISION_NONE	NOT_SWITCH	 	 	-292.7635	43.05488	-39.38221	0.1723349	0.1208877	0.02131576	-0.97736	-0.07107162	0.4565735	-0.01160026	-315	43.14163	-39.3822	
598.4615	COLLISION_NONE	NOT_SWITCH	 	 	-292.9742	43.6959	-37.52427	0.1722341	0.1254245	0.02211572	-0.9767882	-0.09198284	0.4385376	-0.001227617	-315	44.28806	-37.52426	
598.4815	COLLISION_NONE	NOT_SWITCH	 	 	-293.2077	44.34063	-35.66974	0.1721295	0.1299583	0.02291515	-0.9761953	-0.09105206	0.4431152	0.005320907	-315	45.43503	-35.66974	
598.5015	COLLISION_NONE	NOT_SWITCH	 	 	-293.4634	44.98874	-33.81871	0.1721295	0.1299583	0.02291515	-0.9761953	-0.09105206	0.4431152	0.005320907	-315	46.57809	-33.8187	
598.5215	COLLISION_NONE	NOT_SWITCH	 	 	-293.7191	45.63685	-31.96767	0.1716403	0.1344986	0.02366157	-0.9756485	-0.08140087	0.4388123	-0.005385518	-315	47.71453	-31.96768	
598.5416	COLLISION_NONE	NOT_SWITCH	 	 	-293.9965	46.28792	-30.12018	0.1460946	0.1396156	0.02083147	-0.9791476	-0.06604576	0.4242859	0.0199604	-315	48.83696	-30.12018	
598.5616	COLLISION_NONE	NOT_SWITCH	 	 	-294.2948	46.93354	-28.27356	0.1202817	0.1445952	0.01771107	-0.9819933	-0.06980801	0.4411621	0.01122212	-315	49.94134	-28.27356	
598.5816	COLLISION_NONE	NOT_SWITCH	 	 	-294.611	47.56796	-26.42613	0.1202817	0.1445952	0.01771107	-0.9819933	-0.06980801	0.4411621	0.01122212	-315	51.02265	-26.42612	
598.6016	COLLISION_NONE	NOT_SWITCH	 	 	-294.9272	48.20237	-24.57869	0.0995969	0.1493588	0.01512312	-0.983638	-0.06798172	0.4335938	0.04016757	-315	52.07394	-24.5787	
598.6216	COLLISION_NONE	NOT_SWITCH	 	 	-295.2593	48.8228	-22.72984	0.08148605	0.1539975	0.01274462	-0.984623	-0.07400036	0.4313354	0.05491483	-315	53.08936	-22.72983	
598.6417	COLLISION_NONE	NOT_SWITCH	 	 	-295.6062	49.42731	-20.87937	0.08148605	0.1539975	0.01274462	-0.984623	-0.07400036	0.4313354	0.05491483	-315	54.06193	-20.87936	
598.6617	COLLISION_NONE	NOT_SWITCH	 	 	-295.9531	50.03183	-19.02889	0.06467029	0.1583175	0.0103921	-0.9852134	-0.09403038	0.4423523	0.06552434	-315	54.98374	-19.0289	
598.6817	COLLISION_NONE	NOT_SWITCH	 	 	-296.314	50.61872	-17.17675	0.04850845	0.1622273	0.007984951	-0.9855281	-0.08764839	0.4312134	0.05933321	-315	55.84843	-17.17676	
598.7017	COLLISION_NONE	NOT_SWITCH	 	 	-296.6888	51.1862	-15.32296	0.03267961	0.1656873	0.005493586	-0.9856215	-0.09978771	0.4179382	0.04393196	-315	56.64883	-15.32297	
598.7217	COLLISION_NONE	NOT_SWITCH	 	 	-297.0771	51.73232	-13.46759	0.03267961	0.1656873	0.005493586	-0.9856215	-0.09978771	0.4179382	0.04393196	-315	57.37794	-13.46759	
598.7418	COLLISION_NONE	NOT_SWITCH	 	 	-297.4655	52.27843	-11.61222	0.01702352	0.1686306	0.002912841	-0.9855281	-0.08580303	0.4356995	0.03403008	-315	58.02853	-11.61221	
598.7618	COLLISION_NONE	NOT_SWITCH	 	 	-297.8675	52.80093	-9.755373	0.001459767	0.1710577	0.0002534401	-0.9852599	-0.05466557	0.422699	0.03350031	-315	58.59503	-9.755371	
598.7818	COLLISION_NONE	NOT_SWITCH	 	 	-298.2834	53.29729	-7.897209	-0.01405193	0.1729608	-0.002467881	-0.9848254	-0.05209923	0.4039001	0.02490437	-315	59.07178	-7.897217	
598.8018	COLLISION_NONE	NOT_SWITCH	 	 	-298.7131	53.76458	-6.037922	-0.02953153	0.1743873	-0.005232491	-0.9842203	-0.04786587	0.408783	0.03464508	-315	59.4539	-6.037933	
598.8218	COLLISION_NONE	NOT_SWITCH	 	 	-299.157	54.19952	-4.177777	-0.04498869	0.1753613	-0.008022096	-0.983443	-0.06621647	0.4029846	0.0223974	-315	59.7373	-4.177765	
598.8419	COLLISION_NONE	NOT_SWITCH	 	 	-299.6151	54.59839	-2.317121	-0.04498869	0.1753613	-0.008022096	-0.983443	-0.06621647	0.4029846	0.0223974	-315	59.91895	-2.317108	
598.8619	COLLISION_NONE	NOT_SWITCH	 	 	-300.0733	54.99726	-0.4564643	-0.06042797	0.1758939	-0.0108183	-0.9824932	-0.05135059	0.4086304	0.03489065	-315	59.99685	-0.4564514	
598.8819	COLLISION_NONE	NOT_SWITCH	 	 	-300.5458	55.35593	1.404254	-0.0758514	0.17599	-0.01360249	-0.981371	-0.05852604	0.4079895	0.03190184	-315	59.9702	1.404266	
598.9019	COLLISION_NONE	NOT_SWITCH	 	 	-301.0328	55.66987	3.26446	-0.09125972	0.1756509	-0.0163557	-0.980077	-0.05526352	0.4112549	0.02779722	-315	59.83933	3.264465	
598.9219	COLLISION_NONE	NOT_SWITCH	 	 	-301.5339	55.93415	5.123435	-0.1066531	0.1748756	-0.01905867	-0.9786115	-0.07167053	0.433075	0.03693867	-315	59.60579	5.123444	
598.942	COLLISION_NONE	NOT_SWITCH	 	 	-302.0489	56.14359	6.980296	-0.1220315	0.1736619	-0.02169169	-0.9769746	-0.06485748	0.4226685	0.03768992	-315	59.27235	6.980316	
598.962	COLLISION_NONE	NOT_SWITCH	 	 	-302.577	56.29282	8.833975	-0.1220315	0.1736619	-0.02169169	-0.9769746	-0.06485748	0.4226685	0.03768992	-315	58.84302	8.833954	
598.982	COLLISION_NONE	NOT_SWITCH	 	 	-303.1051	56.44206	10.68765	-0.1373945	0.1720067	-0.02423462	-0.9751662	-0.07119274	0.4374084	0.0434649	-315	58.32153	10.68768	
599.002	COLLISION_NONE	NOT_SWITCH	 	 	-303.6454	56.52576	12.5369	-0.1527417	0.1699058	-0.02666674	-0.973186	-0.07988167	0.4273376	0.02050054	-315	57.71449	12.5369	
599.022	COLLISION_NONE	NOT_SWITCH	 	 	-304.1962	56.53884	14.38025	-0.1678928	0.1673591	-0.02893567	-0.9710642	-0.07204533	0.418457	0.03510892	-315	57.02871	14.38025	
599.0421	COLLISION_NONE	NOT_SWITCH	 	 	-304.7558	56.47675	16.21613	-0.1712018	0.1647228	-0.02904506	-0.970934	-0.0900526	0.4207153	0.03241098	-315	56.27176	16.21616	
599.0621	COLLISION_NONE	NOT_SWITCH	 	 	-305.3231	56.33569	18.04417	-0.1712893	0.1617705	-0.0285245	-0.9714302	-0.08282948	0.431488	0.02727222	-315	55.45112	18.04419	
599.0821	COLLISION_NONE	NOT_SWITCH	 	 	-305.8965	56.11443	19.86482	-0.1712893	0.1617705	-0.0285245	-0.9714302	-0.08282948	0.431488	0.02727222	-315	54.57407	19.86481	
599.1021	COLLISION_NONE	NOT_SWITCH	 	 	-306.4699	55.89318	21.68547	-0.1713869	0.1584105	-0.02793205	-0.9719837	-0.09015846	0.4309692	0.02772224	-315	53.64408	21.68549	
599.1221	COLLISION_NONE	NOT_SWITCH	 	 	-307.0473	55.59388	23.49962	-0.1714939	0.1546422	-0.02726759	-0.9725904	-0.08558178	0.4325562	0.03789651	-315	52.67147	23.49963	
599.1422	COLLISION_NONE	NOT_SWITCH	 	 	-307.6257	55.22198	25.3086	-0.1716063	0.1505799	-0.0265513	-0.9732276	-0.1044359	0.4403381	0.02052045	-315	51.66258	25.30862	
599.1622	COLLISION_NONE	NOT_SWITCH	 	 	-308.2019	54.78547	27.11396	-0.1717211	0.1463086	-0.02579814	-0.9738789	-0.1035948	0.455719	0.02928102	-315	50.62321	27.11395	
599.1822	COLLISION_NONE	NOT_SWITCH	 	 	-308.7728	54.29398	28.91733	-0.1718363	0.1418903	-0.02501909	-0.9745324	-0.1115818	0.4467773	0.01672053	-315	49.55869	28.91733	
599.2022	COLLISION_NONE	NOT_SWITCH	 	 	-309.3356	53.75761	30.72023	-0.1718363	0.1418903	-0.02501909	-0.9745324	-0.1115818	0.4467773	0.01672053	-315	48.47402	30.72028	
599.2222	COLLISION_NONE	NOT_SWITCH	 	 	-309.8983	53.22125	32.52314	-0.1719498	0.1373973	-0.02422686	-0.975176	-0.07637024	0.4555054	0.01353097	-315	47.37452	32.52313	
599.2422	COLLISION_NONE	NOT_SWITCH	 	 	-310.4507	52.64977	34.32683	-0.1720605	0.1328677	-0.02342816	-0.9758035	-0.06958961	0.4379883	0.0150975	-315	46.26474	34.32684	
599.2623	COLLISION_NONE	NOT_SWITCH	 	 	-310.9915	52.05186	36.13223	-0.1721674	0.1283352	-0.02262896	-0.97641	-0.06373024	0.4224854	0.002390146	-315	45.14899	36.1322	
599.2823	COLLISION_NONE	NOT_SWITCH	 	 	-311.5199	51.43484	37.93988	-0.1722706	0.1237999	-0.02182927	-0.9769953	-0.05408287	0.4181824	-0.008318186	-315	44.03123	37.93988	
599.3023	COLLISION_NONE	NOT_SWITCH	 	 	-312.0364	50.80438	39.75001	-0.1723701	0.119262	-0.02102911	-0.9775597	-0.04977608	0.4056702	0.00692606	-315	42.91537	39.74997	
599.3223	COLLISION_NONE	NOT_SWITCH	 	 	-312.5417	50.16457	41.5626	-0.1723701	0.119262	-0.02102911	-0.9775597	-0.04977608	0.4056702	0.00692606	-315	41.80499	41.56259	
599.3423	COLLISION_NONE	NOT_SWITCH	 	 	-313.0469	49.52476	43.37519	-0.1724659	0.1147215	-0.02022849	-0.9781029	-0.06194305	0.3954468	-0.01579356	-315	40.70486	43.37518	
599.3624	COLLISION_NONE	NOT_SWITCH	 	 	-313.5417	48.87841	45.19012	-0.172558	0.1101785	-0.01942744	-0.9786251	-0.0630703	0.3940125	-0.02621174	-315	39.61639	45.19012	
599.3824	COLLISION_NONE	NOT_SWITCH	 	 	-314.0269	48.22736	47.00721	-0.1726463	0.1056332	-0.01862597	-0.9791262	-0.07427025	0.3853455	-0.03507233	-315	38.54224	47.0072	
599.4024	COLLISION_NONE	NOT_SWITCH	 	 	-314.5033	47.57285	48.82631	-0.172731	0.1010855	-0.0178241	-0.9796061	-0.08028126	0.3830566	-0.02031827	-315	37.48458	48.82635	
599.4224	COLLISION_NONE	NOT_SWITCH	 	 	-314.9713	46.91568	50.64727	-0.172731	0.1010855	-0.0178241	-0.9796061	-0.08028126	0.3830566	-0.02031827	-315	36.44547	50.64725	
599.4424	COLLISION_NONE	NOT_SWITCH	 	 	-315.4394	46.25851	52.46822	-0.1728119	0.09653571	-0.01702185	-0.9800649	-0.06259441	0.3703003	-0.01296091	-315	35.42741	52.46823	
599.4625	COLLISION_NONE	NOT_SWITCH	 	 	-315.8996	45.59927	54.2909	-0.172889	0.09198357	-0.01621918	-0.9805026	-0.06002331	0.351532	-0.02156484	-315	34.4307	54.29089	
599.4825	COLLISION_NONE	NOT_SWITCH	 	 	-316.3522	44.93833	56.11521	-0.1729625	0.08742969	-0.01541621	-0.9809192	-0.05107689	0.3460693	-0.0426749	-315	33.45642	56.1152	
599.5025	COLLISION_NONE	NOT_SWITCH	 	 	-316.7976	44.276	57.94106	-0.1730322	0.08287393	-0.01461291	-0.9813145	-0.06400394	0.3470459	-0.02784145	-315	32.50541	57.94104	
599.5225	COLLISION_NONE	NOT_SWITCH	 	 	-317.236	43.6125	59.76836	-0.1730982	0.07831638	-0.01380929	-0.9816888	-0.06722069	0.34729	-0.02413487	-315	31.57828	59.76837	
599.5425	COLLISION_NONE	NOT_SWITCH	 	 	-317.6674	42.94798	61.59706	-0.1730982	0.07831638	-0.01380929	-0.9816888	-0.06722069	0.34729	-0.02413487	-315	30.6755	61.59708	
599.5626	COLLISION_NONE	NOT_SWITCH	 	 	-318.0988	42.28346	63.42577	-0.1731604	0.07375713	-0.01300537	-0.9820418	-0.06757355	0.3296814	-0.01866114	-315	29.79794	63.42578	
599.5826	COLLISION_NONE	NOT_SWITCH	 	 	-318.5233	41.61805	65.25582	-0.173219	0.06919607	-0.01220113	-0.9823738	-0.0888958	0.3179626	-0.0160104	-315	28.94502	65.2558	
599.6026	COLLISION_NONE	NOT_SWITCH	 	 	-318.9411	40.95185	67.08717	-0.1732738	0.06463374	-0.01139667	-0.9826845	-0.0949192	0.3157043	-0.001258254	-315	28.11674	67.08716	
599.6226	COLLISION_NONE	NOT_SWITCH	 	 	-319.352	40.28494	68.91979	-0.1733248	0.06007003	-0.01059197	-0.9829741	-0.08699703	0.2930298	0.01844168	-315	27.31295	68.9198	
599.6426	COLLISION_NONE	NOT_SWITCH	 	 	-319.7561	39.61739	70.75365	-0.1733721	0.05550502	-0.009787031	-0.9832424	-0.09774113	0.2815552	0.01693809	-315	26.53346	70.75369	
599.6627	COLLISION_NONE	NOT_SWITCH	 	 	-320.1532	38.94925	72.58871	-0.1734555	0.0463715	-0.008176545	-0.9837154	-0.09049702	0.2893677	0.01908696	-315	25.77797	72.58871	
599.6827	COLLISION_NONE	NOT_SWITCH	 	 	-320.5364	38.28005	74.42609	-0.1734916	0.0418032	-0.00737103	-0.9839202	-0.08748245	0.2922363	0.01151586	-315	25.04564	74.42609	
599.7027	COLLISION_NONE	NOT_SWITCH	 	 	-320.9123	37.61037	76.26461	-0.173524	0.03723399	-0.006565355	-0.9841036	-0.08410168	0.2817383	0.01249206	-315	24.33652	76.26462	
599.7227	COLLISION_NONE	NOT_SWITCH	 	 	-321.2808	36.94024	78.10426	-0.1735526	0.03266397	-0.005759539	-0.9842659	-0.08846092	0.3031311	0.04558384	-315	23.65017	78.10425	
599.7427	COLLISION_NONE	NOT_SWITCH	 	 	-321.6416	36.26967	79.94503	-0.1735775	0.02809326	-0.004953599	-0.984407	-0.0807066	0.3217773	0.04655397	-315	22.98603	79.94501	
599.7628	COLLISION_NONE	NOT_SWITCH	 	 	-321.9946	35.59869	81.7869	-0.1735775	0.02809326	-0.004953599	-0.984407	-0.0807066	0.3217773	0.04655397	-315	22.34358	81.7869	
599.7828	COLLISION_NONE	NOT_SWITCH	 	 	-322.3476	34.9277	83.62876	-0.1735986	0.02352194	-0.004147551	-0.9845268	-0.08875847	0.2956238	0.04293621	-315	21.72261	83.62875	
599.8028	COLLISION_NONE	NOT_SWITCH	 	 	-322.6925	34.25631	85.47172	-0.173616	0.01894987	-0.003341373	-0.9846254	-0.08098984	0.3178406	0.04349649	-315	21.12216	85.47174	
599.8228	COLLISION_NONE	NOT_SWITCH	 	 	-323.029	33.58454	87.31575	-0.1736297	0.01437763	-0.002535165	-0.9847028	-0.07332706	0.3193054	0.05339909	-315	20.54164	87.31573	
599.8428	COLLISION_NONE	NOT_SWITCH	 	 	-323.3568	32.91238	89.16085	-0.1736396	0.009805087	-0.001728901	-0.984759	-0.05883217	0.3067932	0.06445026	-315	19.98044	89.16086	
599.8629	COLLISION_NONE	NOT_SWITCH	 	 	-323.6755	32.23985	91.00701	-0.1736457	0.005232329	-0.0009226006	-0.9847939	-0.07769299	0.2901001	0.0534147	-315	19.43797	91.00705	
599.8829	COLLISION_NONE	NOT_SWITCH	 	 	-323.9849	31.56697	92.85421	-0.1736481	0.0006594572	-0.0001162801	-0.9848076	-0.08230209	0.295105	0.03552115	-315	18.91366	92.85422	
599.9029	COLLISION_NONE	NOT_SWITCH	 	 	-324.2844	30.89372	94.70244	0.1736468	0.003913326	-0.0006900248	0.9848	-0.0783186	0.2750854	0.04812455	-315	18.40688	94.70245	
599.9229	COLLISION_NONE	NOT_SWITCH	 	 	-324.5737	30.22013	96.55168	0.1736468	0.003913326	-0.0006900248	0.9848	-0.0783186	0.2750854	0.04812455	-315	17.91708	96.5517	
599.9429	COLLISION_NONE	NOT_SWITCH	 	 	-324.863	29.54653	98.40092	0.1736417	0.008486025	-0.001496315	0.9847712	-0.09496784	0.2720337	0.06014466	-315	17.44393	98.40094	
599.963	COLLISION_NONE	NOT_SWITCH	 	 	-325.1416	28.87259	100.2512	0.1736329	0.01305854	-0.002302573	0.9847212	-0.08754063	0.2731018	0.06658101	-315	16.98659	100.2512	
599.983	COLLISION_NONE	NOT_SWITCH	 	 	-325.4091	28.1983	102.1024	0.1736203	0.01763078	-0.003108781	0.98465	-0.08172607	0.2540588	0.05427146	-315	16.54452	102.1024	
600.003	COLLISION_NONE	NOT_SWITCH	 	 	-325.6648	27.52367	103.9545	0.173604	0.02220263	-0.003914922	0.9845574	-0.08683777	0.2481384	0.03758347	-315	16.11717	103.9545	
600.023	COLLISION_NONE	NOT_SWITCH	 	 	-325.9082	26.8487	105.8076	0.173584	0.026774	-0.004720978	0.9844437	-0.0688343	0.2494812	0.03984189	-315	15.70405	105.8076	
600.043	COLLISION_NONE	NOT_SWITCH	 	 	-326.1389	26.1734	107.6615	0.173584	0.026774	-0.004720978	0.9844437	-0.0688343	0.2494812	0.03984189	-315	15.30463	107.6615	
600.063	COLLISION_NONE	NOT_SWITCH	 	 	-326.3695	25.49809	109.5154	0.1735602	0.0313448	-0.005526933	0.9843088	-0.06218243	0.2458191	0.03629398	-315	14.91859	109.5154	
600.0831	COLLISION_NONE	NOT_SWITCH	 	 	-326.5867	24.82245	111.3702	0.1735326	0.03591492	-0.00633277	0.9841527	-0.04816914	0.2426758	0.03228128	-315	14.54527	111.3702	
600.1031	COLLISION_NONE	NOT_SWITCH	 	 	-326.7898	24.14648	113.2258	0.1735014	0.04048427	-0.007138468	0.9839753	-0.01637077	0.2619324	0.02806747	-315	14.18422	113.2258	
600.1231	COLLISION_NONE	NOT_SWITCH	 	 	-326.9781	23.47017	115.082	0.1734663	0.04505274	-0.007944013	0.9837767	-0.02995396	0.258728	0.03982234	-315	13.835	115.082	
600.1431	COLLISION_NONE	NOT_SWITCH	 	 	-327.1512	22.79354	116.9389	0.1734276	0.04962025	-0.008749388	0.9835569	-0.02534866	0.2602539	0.05000532	-315	13.49716	116.9389	
600.1631	COLLISION_NONE	NOT_SWITCH	 	 	-327.3081	22.11657	118.7964	0.1734276	0.04962025	-0.008749388	0.9835569	-0.02534866	0.2602539	0.05000532	-315	13.1703	118.7964	
600.1832	COLLISION_NONE	NOT_SWITCH	 	 	-327.465	21.43961	120.6539	0.1733851	0.05418669	-0.009554575	0.9833159	-0.02234936	0.2494812	0.05094707	-315	12.85411	120.6539	
600.2032	COLLISION_NONE	NOT_SWITCH	 	 	-327.6052	20.76231	122.5119	0.1733389	0.05875196	-0.01035955	0.9830537	-0.04280949	0.2388	0.06056929	-315	12.54811	122.5119	
600.2232	COLLISION_NONE	NOT_SWITCH	 	 	-327.7278	20.0847	124.3703	0.1732889	0.06331597	-0.01116431	0.9827703	-0.03907967	0.2393188	0.06378722	-315	12.25192	124.3702	
600.2432	COLLISION_NONE	NOT_SWITCH	 	 	-327.8324	19.40676	126.2289	0.1732352	0.0678786	-0.01196883	0.9824657	-0.0399189	0.2519836	0.04829943	-315	11.96519	126.2289	
600.2632	COLLISION_NONE	NOT_SWITCH	 	 	-327.9181	18.72851	128.0877	0.1731777	0.07243977	-0.01277308	0.9821399	-0.05612373	0.2307129	0.02704275	-315	11.68759	128.0877	
600.2833	COLLISION_NONE	NOT_SWITCH	 	 	-327.9844	18.04995	129.9465	0.1731166	0.0769994	-0.01357707	0.981793	-0.07684612	0.2304077	0.03542161	-315	11.4188	129.9465	
600.3033	COLLISION_NONE	NOT_SWITCH	 	 	-328.0305	17.37108	131.8051	0.1731166	0.0769994	-0.01357707	0.981793	-0.07684612	0.2304077	0.03542161	-315	11.1585	131.8051	
600.3233	COLLISION_NONE	NOT_SWITCH	 	 	-328.0767	16.69221	133.6638	0.1730517	0.08155734	-0.01438076	0.9814249	-0.07350445	0.2163391	0.03680372	-315	10.90634	133.6638	
600.3433	COLLISION_NONE	NOT_SWITCH	 	 	-328.1021	16.01304	135.5222	0.172983	0.08611354	-0.01518414	0.9810356	-0.07006264	0.2129517	0.03695786	-315	10.66207	135.5222	
600.3633	COLLISION_NONE	NOT_SWITCH	 	 	-328.1063	15.33357	137.3801	0.1729106	0.09066787	-0.01598719	0.9806252	-0.07518768	0.2171631	0.01214778	-315	10.4254	137.3801	
600.3834	COLLISION_NONE	NOT_SWITCH	 	 	-328.0888	14.65382	139.2373	0.1728345	0.09522026	-0.0167899	0.9801936	-0.09655285	0.2019043	0.01522648	-315	10.19609	139.2373	
600.4034	COLLISION_NONE	NOT_SWITCH	 	 	-328.0491	13.9738	141.0937	0.1728345	0.09522026	-0.0167899	0.9801936	-0.09655285	0.2019043	0.01522648	-315	9.973848	141.0938	
600.4234	COLLISION_NONE	NOT_SWITCH	 	 	-328.0095	13.29377	142.9501	0.1727547	0.0997706	-0.01759225	0.9797409	-0.1018	0.2199707	-0.01469123	-315	9.758339	142.9501	
600.4434	COLLISION_NONE	NOT_SWITCH	 	 	-327.9473	12.61348	144.8055	0.1726712	0.1043188	-0.01839421	0.9792671	-0.09873772	0.2019653	-0.016361	-315	9.549418	144.8055	
600.4634	COLLISION_NONE	NOT_SWITCH	 	 	-327.8622	11.93293	146.6597	0.1725839	0.1088647	-0.01919578	0.9787721	-0.0887413	0.2086792	-0.02484298	-315	9.346865	146.6597	
600.4835	COLLISION_NONE	NOT_SWITCH	 	 	-327.7542	11.25214	148.5124	0.1724929	0.1134083	-0.01999694	0.978256	-0.0838747	0.2106323	-0.01120675	-315	9.150459	148.5124	
600.5035	COLLISION_NONE	NOT_SWITCH	 	 	-327.623	10.57111	150.3634	0.1723982	0.1179494	-0.02079766	0.9777189	-0.07942963	0.2123413	0.00240171	-315	8.959991	150.3634	
600.5235	COLLISION_NONE	NOT_SWITCH	 	 	-327.4685	9.889866	152.2125	0.1722998	0.122488	-0.02159794	0.9771607	-0.08974934	0.2225647	0.001922965	-315	8.775261	152.2125	
600.5435	COLLISION_NONE	NOT_SWITCH	 	 	-327.2908	9.208407	154.0596	0.1722998	0.122488	-0.02159794	0.9771607	-0.08974934	0.2225647	0.001922965	-315	8.59607	154.0596	
600.5635	COLLISION_NONE	NOT_SWITCH	 	 	-327.1132	8.526949	155.9066	0.1722011	0.1268718	-0.02237092	0.9766012	-0.06875515	0.2131348	0.005126357	-315	8.422023	155.9066	
600.5836	COLLISION_NONE	NOT_SWITCH	 	 	-326.9124	7.845293	157.7514	0.1721084	0.1308561	-0.02307346	0.9760754	-0.04754257	0.2142029	0.003679752	-315	8.253134	157.7514	
600.6036	COLLISION_NONE	NOT_SWITCH	 	 	-326.6886	7.163451	159.5936	0.1720201	0.1345364	-0.02372239	0.9755749	-0.04729462	0.2145996	0.007142186	-315	8.089235	159.5936	
600.6236	COLLISION_NONE	NOT_SWITCH	 	 	-326.442	6.481434	161.4333	0.1719411	0.1377496	-0.02428896	0.9751264	-0.03140068	0.223114	-0.0230031	-315	7.93015	161.4333	
600.6436	COLLISION_NONE	NOT_SWITCH	 	 	-326.1731	5.799251	163.2701	0.171873	0.1404539	-0.02476581	0.9747405	-0.02751064	0.2378235	-0.0214082	-315	7.77571	163.2701	
600.6636	COLLISION_NONE	NOT_SWITCH	 	 	-325.8822	5.116912	165.1042	0.1718173	0.1426305	-0.0251496	0.9744244	-0.03883743	0.246521	-0.03574586	-315	7.625754	165.1042	
600.6837	COLLISION_NONE	NOT_SWITCH	 	 	-325.5698	4.434426	166.9353	0.1718173	0.1426305	-0.0251496	0.9744244	-0.03883743	0.246521	-0.03574586	-315	7.480121	166.9353	
600.7037	COLLISION_NONE	NOT_SWITCH	 	 	-325.2574	3.75194	168.7664	0.1717729	0.1443395	-0.02545095	0.9741727	-0.04955864	0.2284851	-0.0295434	-315	7.338427	168.7664	
600.7237	COLLISION_NONE	NOT_SWITCH	 	 	-324.9242	3.069315	170.5946	0.1717395	0.1456112	-0.02567518	0.9739834	-0.05366898	0.2133789	-0.03459752	-315	7.200758	170.5946	
600.7437	COLLISION_NONE	NOT_SWITCH	 	 	-324.571	2.386558	172.42	0.1717171	0.1464607	-0.02582498	0.973856	-0.05362129	0.2168884	-0.03499794	-315	7.066963	172.42	
600.7637	COLLISION_NONE	NOT_SWITCH	 	 	-324.1985	1.703678	174.2425	0.1717055	0.1468958	-0.02590169	0.9737905	-0.0607357	0.2167664	-0.03107166	-315	6.936903	174.2425	
600.7838	COLLISION_NONE	NOT_SWITCH	 	 	-323.8957	1.718016	175.6533	0.1717049	0.1469201	-0.02590598	0.9737868	-0.07088566	0.2167358	-0.02686954	-315	6.838572	175.6533	
600.8038	COLLISION_NONE	NOT_SWITCH	 	 	-323.4989	1.720884	177.0585	0.1717151	0.1465357	-0.02583819	0.9738448	-0.06734467	0.2030334	-0.02201176	-315	6.742603	177.0585	
600.8238	COLLISION_NONE	NOT_SWITCH	 	 	-323.0766	1.721457	178.4625	0.1717151	0.1465357	-0.02583819	0.9738448	-0.06734467	0.2030334	-0.02201176	-315	6.648635	178.4626	
600.8438	COLLISION_NONE	NOT_SWITCH	 	 	-322.6542	1.721572	179.8668	0.171736	0.1457432	-0.02569846	0.9739637	-0.07749271	0.2030334	-0.01781511	-315	6.556524	179.8668	
600.8638	COLLISION_NONE	NOT_SWITCH	 	 	-322.2263	1.721595	181.2712	0.1717676	0.1445431	-0.02548685	0.9741426	-0.07288933	0.2189331	-0.005838394	-315	6.466232	181.2712	
600.8839	COLLISION_NONE	NOT_SWITCH	 	 	-321.7994	1.721599	182.6765	0.1718612	0.1409199	-0.02484797	0.9746732	-0.05457687	0.2277527	-0.0009245872	-315	6.377664	182.6765	
600.9039	COLLISION_NONE	NOT_SWITCH	 	 	-321.3824	1.7216	184.0851	0.1719224	0.1384963	-0.02442062	0.9750206	-0.05144501	0.2168579	-0.003417969	-315	6.290628	184.0851	
600.9239	COLLISION_NONE	NOT_SWITCH	 	 	-320.971	1.721601	185.4953	0.1719926	0.1356641	-0.02392124	0.9754187	-0.04814339	0.2236938	-0.007938862	-315	6.205197	185.4953	
600.9439	COLLISION_NONE	NOT_SWITCH	 	 	-320.5672	1.721601	186.9077	0.1720711	0.132423	-0.02334975	0.9758639	-0.05761433	0.2248535	0.006657362	-315	6.121304	186.9077	
600.9639	COLLISION_NONE	NOT_SWITCH	 	 	-320.1723	1.7216	188.3225	0.1721573	0.1287725	-0.02270606	0.9763524	-0.05333138	0.2332458	0.0159924	-315	6.038893	188.3225	
600.9839	COLLISION_NONE	NOT_SWITCH	 	 	-319.7874	1.721601	189.7402	0.1723413	0.1205922	-0.02126365	0.9773965	-0.07499981	0.2486267	0.001575112	-315	5.957919	189.7402	
601.004	COLLISION_NONE	NOT_SWITCH	 	 	-319.4295	1.721601	191.1649	0.1724352	0.1161969	-0.02048865	0.9779288	-0.06114864	0.2420654	0.001404524	-315	5.878109	191.1649	
601.024	COLLISION_NONE	NOT_SWITCH	 	 	-319.0814	1.721601	192.592	0.1725276	0.1116982	-0.0196954	0.9784528	-0.05822563	0.2588196	-0.01127732	-315	5.799707	192.592	
601.044	COLLISION_NONE	NOT_SWITCH	 	 	-318.7455	1.721601	194.0221	0.1726172	0.1071537	-0.01889409	0.9789609	-0.06406784	0.274292	0.001443982	-315	5.722654	194.0221	
601.064	COLLISION_NONE	NOT_SWITCH	 	 	-318.4227	1.721601	195.4551	0.1727031	0.102607	-0.01809237	0.9794479	-0.06364059	0.2679749	0.009184003	-315	5.646916	195.4551	
601.084	COLLISION_NONE	NOT_SWITCH	 	 	-318.113	1.721601	196.891	0.1728636	0.09350687	-0.01648778	0.9803585	-0.0807066	0.2747498	0.01306677	-315	5.572473	196.891	
601.1041	COLLISION_NONE	NOT_SWITCH	 	 	-317.8347	1.721601	198.3334	0.1729383	0.08895375	-0.01568494	0.9807822	-0.07842541	0.2484741	0.001816988	-315	5.499115	198.3334	
601.1241	COLLISION_NONE	NOT_SWITCH	 	 	-317.5665	1.721601	199.7777	0.1730093	0.08439871	-0.01488177	0.9811846	-0.07433987	0.2391357	0.01318955	-315	5.427057	199.7777	
601.1441	COLLISION_NONE	NOT_SWITCH	 	 	-317.3107	1.721601	201.2242	0.1730765	0.07984186	-0.01407827	0.9815659	-0.05886364	0.2193604	-0.01025903	-315	5.356255	201.2242	
601.1641	COLLISION_NONE	NOT_SWITCH	 	 	-317.0681	1.721601	202.673	0.17314	0.07528327	-0.01327447	0.981926	-0.04018021	0.2427673	-0.003505349	-315	5.286674	202.673	
601.1841	COLLISION_NONE	NOT_SWITCH	 	 	-316.8389	1.7216	204.1239	0.1731998	0.07072308	-0.01247039	0.9822651	-0.03964233	0.2471008	0.003011227	-315	5.218298	204.1239	
601.2042	COLLISION_NONE	NOT_SWITCH	 	 	-316.6232	1.7216	205.5769	0.1732558	0.06616134	-0.01166603	0.9825828	-0.06262779	0.2485962	0.02895606	-315	5.151104	205.5769	
601.2242	COLLISION_NONE	NOT_SWITCH	 	 	-316.421	1.7216	207.0318	0.1733077	0.06163903	-0.01086862	0.9828769	-0.04384899	0.2546387	0.04120696	-315	5.085075	207.0318	
601.2442	COLLISION_NONE	NOT_SWITCH	 	 	-316.2321	1.7216	208.4885	0.1733545	0.05724766	-0.01009431	0.9831424	-0.0527029	0.270752	0.06110799	-315	5.020189	208.4885	
601.2642	COLLISION_NONE	NOT_SWITCH	 	 	-316.0565	1.7216	209.9469	0.1733961	0.05304712	-0.009353638	0.9833781	-0.04848766	0.2720642	0.07125258	-315	4.956429	209.9469	
601.2842	COLLISION_NONE	NOT_SWITCH	 	 	-315.8935	1.721601	211.4068	0.1734314	0.04918967	-0.008673465	0.9835786	-0.06328869	0.2770691	0.05756044	-315	4.893777	211.4067	
601.3043	COLLISION_NONE	NOT_SWITCH	 	 	-315.7423	1.721601	212.8679	0.1734314	0.04918967	-0.008673465	0.9835786	-0.06328869	0.2770691	0.05756044	-315	4.832217	212.8679	
601.3243	COLLISION_NONE	NOT_SWITCH	 	 	-315.5911	1.721601	214.329	0.1734619	0.04560476	-0.008041348	0.9837512	-0.07917404	0.2561951	0.03975773	-315	4.77178	214.329	
601.3443	COLLISION_NONE	NOT_SWITCH	 	 	-315.4509	1.7216	215.7912	0.1734867	0.04246254	-0.00748729	0.9838919	-0.07325554	0.2513428	0.02582216	-315	4.712392	215.7912	
601.3643	COLLISION_NONE	NOT_SWITCH	 	 	-315.3205	1.721601	217.2543	0.1735062	0.03981415	-0.007020309	0.9840026	-0.09188557	0.2595215	0.01193357	-315	4.65404	217.2543	
601.3843	COLLISION_NONE	NOT_SWITCH	 	 	-315.1985	1.7216	218.7182	0.1735213	0.03764276	-0.006637433	0.9840881	-0.0734911	0.2754517	0.01603103	-315	4.596708	218.7182	
601.4044	COLLISION_NONE	NOT_SWITCH	 	 	-315.0836	1.7216	220.1827	0.1735327	0.03591116	-0.006332105	0.9841528	-0.07755375	0.2674255	0.01017058	-315	4.540376	220.1827	
601.4244	COLLISION_NONE	NOT_SWITCH	 	 	-314.9743	1.7216	221.6475	0.173541	0.03459299	-0.006099677	0.9842	-0.07485771	0.2872925	-0.00637579	-315	4.485031	221.6475	
601.4444	COLLISION_NONE	NOT_SWITCH	 	 	-314.8694	1.7216	223.1127	0.173541	0.03459299	-0.006099677	0.9842	-0.07485771	0.2872925	-0.00637579	-315	4.430653	223.1127	
601.4644	COLLISION_NONE	NOT_SWITCH	 	 	-314.7646	1.7216	224.578	0.1735466	0.0336751	-0.005937827	0.9842319	-0.07001209	0.2892456	0.007264614	-315	4.377232	224.5779	
601.4844	COLLISION_NONE	NOT_SWITCH	 	 	-314.6629	1.721601	226.0434	0.1735498	0.0331509	-0.005845397	0.9842497	-0.05253887	0.3005676	0.004823089	-315	4.324738	226.0434	
601.5045	COLLISION_NONE	NOT_SWITCH	 	 	-314.5633	1.721601	227.509	0.1735505	0.03301709	-0.005821803	0.9842541	-0.06237793	0.311615	0.01126039	-315	4.273154	227.509	
601.5245	COLLISION_NONE	NOT_SWITCH	 	 	-314.4645	1.7216	228.9746	0.1735493	0.03322091	-0.005857741	0.9842473	-0.06906509	0.3362122	0.008888245	-315	4.222462	228.9746	
601.5445	COLLISION_NONE	NOT_SWITCH	 	 	-314.3655	1.7216	230.4402	0.1735493	0.03322091	-0.005857741	0.9842473	-0.06906509	0.3362122	0.008888245	-315	4.172646	230.4402	
601.5645	COLLISION_NONE	NOT_SWITCH	 	 	-314.2665	1.7216	231.9059	0.1735461	0.03375452	-0.005951832	0.9842291	-0.06177807	0.3331909	0.008839607	-315	4.123683	231.9059	
601.5845	COLLISION_NONE	NOT_SWITCH	 	 	-314.1664	1.721601	233.3714	0.1735408	0.03461938	-0.00610433	0.9841991	-0.05884647	0.3153076	0.01060343	-315	4.075562	233.3714	
601.6046	COLLISION_NONE	NOT_SWITCH	 	 	-314.064	1.721601	234.8368	0.1735333	0.03581377	-0.006314932	0.9841564	-0.05730534	0.3038025	0.03649426	-315	4.028261	234.8368	
601.6246	COLLISION_NONE	NOT_SWITCH	 	 	-313.9585	1.721601	236.302	0.1735233	0.0373446	-0.006584859	0.9840994	-0.06359005	0.2940674	0.04858613	-315	3.981768	236.3019	
601.6446	COLLISION_NONE	NOT_SWITCH	 	 	-313.8488	1.7216	237.7668	0.1735105	0.03920506	-0.006912909	0.9840271	-0.04363728	0.27948	0.03836441	-315	3.936064	237.7668	
601.6646	COLLISION_NONE	NOT_SWITCH	 	 	-313.734	1.721601	239.2313	0.1735105	0.03920506	-0.006912909	0.9840271	-0.04363728	0.27948	0.03836441	-315	3.891138	239.2313	
601.6846	COLLISION_NONE	NOT_SWITCH	 	 	-313.6191	1.721601	240.6957	0.1734948	0.04137906	-0.007296244	0.9839381	-0.05519485	0.2597656	0.02727401	-315	3.846959	240.6957	
601.7047	COLLISION_NONE	NOT_SWITCH	 	 	-313.4982	1.721601	242.1597	0.173476	0.0438445	-0.007730968	0.9838313	-0.06179333	0.2604065	0.03812873	-315	3.803528	242.1597	
601.7247	COLLISION_NONE	NOT_SWITCH	 	 	-313.3703	1.721601	243.6231	0.1734541	0.04654915	-0.00820787	0.983707	-0.05731964	0.2757874	0.04321325	-315	3.760826	243.623	
601.7447	COLLISION_NONE	NOT_SWITCH	 	 	-313.2346	1.721601	245.0857	0.1734291	0.04945523	-0.008720291	0.9835652	-0.06440353	0.2857666	0.03901815	-315	3.718846	245.0857	
601.7647	COLLISION_NONE	NOT_SWITCH	 	 	-313.0905	1.7216	246.5476	0.1734015	0.05247452	-0.009252674	0.9834087	-0.05860233	0.2947693	0.01998401	-315	3.67757	246.5476	
601.7847	COLLISION_NONE	NOT_SWITCH	 	 	-312.9377	1.721601	248.0086	0.1733712	0.05559819	-0.009803459	0.9832371	-0.05531406	0.2980652	0.01586616	-315	3.636989	248.0085	
601.8047	COLLISION_NONE	NOT_SWITCH	 	 	-312.7757	1.721601	249.4685	0.1733712	0.05559819	-0.009803459	0.9832371	-0.05531406	0.2980652	0.01586616	-315	3.59709	249.4685	
601.8248	COLLISION_NONE	NOT_SWITCH	 	 	-312.6136	1.721601	250.9285	0.1733391	0.05873237	-0.0103561	0.9830549	-0.05362225	0.3007813	0.04012001	-315	3.557826	250.9285	
601.8448	COLLISION_NONE	NOT_SWITCH	 	 	-312.4424	1.721601	252.3874	0.1733057	0.06182071	-0.01090066	0.9828655	-0.0219965	0.2987061	0.03835785	-315	3.519219	252.3875	
601.8648	COLLISION_NONE	NOT_SWITCH	 	 	-312.2619	1.721601	253.8452	0.1732714	0.06483988	-0.01143302	0.9826709	-0.01942444	0.2799377	0.02974653	-315	3.481254	253.8452	
601.8848	COLLISION_NONE	NOT_SWITCH	 	 	-312.0724	1.721601	255.3019	0.1732363	0.06778548	-0.01195241	0.9824721	-0.01013184	0.2610168	0.01718533	-315	3.443915	255.3019	
601.9048	COLLISION_NONE	NOT_SWITCH	 	 	-311.8742	1.721601	256.7574	0.1732006	0.07065775	-0.01245886	0.9822698	-0.01968384	0.2515259	0.03299499	-315	3.407189	256.7574	
601.9249	COLLISION_NONE	NOT_SWITCH	 	 	-311.6673	1.721601	258.2117	0.1732006	0.07065775	-0.01245886	0.9822698	-0.01968384	0.2515259	0.03299499	-315	3.371068	258.2117	
601.9449	COLLISION_NONE	NOT_SWITCH	 	 	-311.4604	1.721601	259.666	0.1731644	0.07345681	-0.01295241	0.9820644	-0.02116871	0.2355042	0.02073097	-315	3.335507	259.666	
601.9649	COLLISION_NONE	NOT_SWITCH	 	 	-311.2452	1.7216	261.1191	0.1731279	0.07617253	-0.01343127	0.9818575	-0.02131748	0.221283	0.02236044	-315	3.300523	261.1191	
601.9849	COLLISION_NONE	NOT_SWITCH	 	 	-311.0218	1.7216	262.571	0.1730914	0.07879747	-0.01389412	0.9816503	-0.02381897	0.2226868	0.03647077	-315	3.266104	262.571	
602.0049	COLLISION_NONE	NOT_SWITCH	 	 	-310.7906	1.7216	264.0216	0.1730547	0.08134965	-0.01434414	0.9814421	-0.03089046	0.2362366	0.03187442	-315	3.232242	264.0216	
602.025	COLLISION_NONE	NOT_SWITCH	 	 	-310.5517	1.721601	265.471	0.1730547	0.08134965	-0.01434414	0.9814421	-0.03089046	0.2362366	0.03187442	-315	3.198919	265.4711	
602.045	COLLISION_NONE	NOT_SWITCH	 	 	-310.3129	1.721601	266.9204	0.1730188	0.0837721	-0.01477128	0.9812383	-0.02750397	0.2502136	0.02652907	-315	3.166103	266.9204	
602.065	COLLISION_NONE	NOT_SWITCH	 	 	-310.0667	1.721601	268.3686	0.1729854	0.08595742	-0.01515661	0.9810493	-0.02927876	0.2527771	0.05103076	-315	3.133803	268.3687	
602.085	COLLISION_NONE	NOT_SWITCH	 	 	-309.8139	1.721601	269.8156	0.1729562	0.08782551	-0.01548601	0.9808838	-0.02853298	0.2294617	0.0677371	-315	3.102013	269.8157	
602.105	COLLISION_NONE	NOT_SWITCH	 	 	-309.5552	1.721601	271.2616	0.1729328	0.08930131	-0.01574623	0.9807506	-0.04192352	0.2297058	0.07564652	-315	3.07072	271.2616	
602.1251	COLLISION_NONE	NOT_SWITCH	 	 	-309.2918	1.7216	272.7068	0.1729161	0.09033097	-0.01592779	0.9806562	-0.05058002	0.2165833	0.06001055	-315	3.039904	272.7068	
602.1451	COLLISION_NONE	NOT_SWITCH	 	 	-309.0248	1.7216	274.1512	0.1729061	0.09094743	-0.01603648	0.9805993	-0.0763073	0.2102661	0.04826021	-315	3.009558	274.1512	
602.1651	COLLISION_NONE	NOT_SWITCH	 	 	-308.7556	1.721601	275.5953	0.1729061	0.09094743	-0.01603648	0.9805993	-0.0763073	0.2102661	0.04826021	-315	2.979663	275.5953	
602.1851	COLLISION_NONE	NOT_SWITCH	 	 	-308.4863	1.721601	277.0394	0.172902	0.09119829	-0.01608072	0.980576	-0.08186245	0.2297058	0.06403351	-315	2.950206	277.0394	
602.2051	COLLISION_NONE	NOT_SWITCH	 	 	-308.2159	1.7216	278.4832	0.1729034	0.09110969	-0.01606509	0.9805842	-0.0924387	0.2395325	0.06009245	-315	2.921178	278.4832	
602.2252	COLLISION_NONE	NOT_SWITCH	 	 	-307.9453	1.721601	279.927	0.1729103	0.09069233	-0.0159915	0.9806229	-0.09981918	0.2175903	0.0595634	-315	2.892572	279.927	
602.2452	COLLISION_NONE	NOT_SWITCH	 	 	-307.6755	1.7216	281.371	0.1729223	0.08995148	-0.01586087	0.9806911	-0.09213924	0.2190247	0.06946421	-315	2.864373	281.371	
602.2652	COLLISION_NONE	NOT_SWITCH	 	 	-307.4076	1.721601	282.8153	0.1729393	0.08889458	-0.01567451	0.9807875	-0.08405495	0.2452087	0.0730623	-315	2.836571	282.8153	
602.2852	COLLISION_NONE	NOT_SWITCH	 	 	-307.1424	1.7216	284.2601	0.172961	0.08752289	-0.01543264	0.9809108	-0.08088684	0.2413635	0.06977153	-315	2.809155	284.2601	
602.3052	COLLISION_NONE	NOT_SWITCH	 	 	-306.8809	1.721601	285.7056	0.172961	0.08752289	-0.01543264	0.9809108	-0.08088684	0.2413635	0.06977153	-315	2.782116	285.7056	
602.3253	COLLISION_NONE	NOT_SWITCH	 	 	-306.6194	1.721601	287.1511	0.1729873	0.08583694	-0.01513537	0.9810598	-0.07080173	0.2307434	0.06678998	-315	2.755461	287.1511	
602.3453	COLLISION_NONE	NOT_SWITCH	 	 	-306.3625	1.7216	288.5974	0.1730178	0.08383693	-0.01478271	0.9812328	-0.08467579	0.2200623	0.07589924	-315	2.729165	288.5974	
602.3653	COLLISION_NONE	NOT_SWITCH	 	 	-306.1111	1.721601	290.0447	0.17309	0.07889466	-0.01391126	0.9816425	-0.05437279	0.233429	0.05128956	-315	2.70322	290.0447	
602.3853	COLLISION_NONE	NOT_SWITCH	 	 	-305.8757	1.721601	291.4948	0.173131	0.07595219	-0.01339242	0.9818745	-0.05145168	0.229248	0.04452252	-315	2.67759	291.4948	
602.4053	COLLISION_NONE	NOT_SWITCH	 	 	-305.6472	1.7216	292.9458	0.1731744	0.07270008	-0.01281898	0.9821207	-0.07346058	0.2199097	0.03639162	-315	2.652299	292.9458	
602.4254	COLLISION_NONE	NOT_SWITCH	 	 	-305.4274	1.721601	294.3983	0.1732196	0.069143	-0.01219177	0.9823775	-0.07145596	0.2176819	0.01536429	-315	2.627337	294.3983	
602.4454	COLLISION_NONE	NOT_SWITCH	 	 	-305.2177	1.721601	295.8521	0.1732662	0.06528557	-0.01151161	0.9826414	-0.06682587	0.2228088	0.0251298	-315	2.602694	295.8522	
602.4654	COLLISION_NONE	NOT_SWITCH	 	 	-305.019	1.7216	297.3076	0.1733588	0.05683399	-0.01002136	0.9831665	-0.07061672	0.2050476	0.03085089	-315	2.578366	297.3076	
