#Segway Trial Path#
#TimeStamp#	#Collision Event#	#Mode Switch Event#	#Reset Event#	#Waypoint Event#	#PositionX#	#PositionY#	#PositionZ#	#OrientationX#	#OrientationY#	#OrientationZ#	#OrientationW#	#HeadOrientationX#	#HeadOrientationY#	#HeadOrientationZ#	#WayPointX#	#WayPointY#	#WayPointZ#	
131.1512	COLLISION_NONE	NOT_SWITCH	 	TRIGGER_WAYPOINT	-275.6055	1.8	312.8771	0	0	0	1	-0.004750252	-0.03381348	0.08878946	-315	10	315	
131.1712	COLLISION_NONE	NOT_SWITCH	 	TRIGGER_WAYPOINT	-276.3741	1.8	312.8904	0	0.005240319	0	0.9999863	0.006926537	-0.1065979	0.1772698	-315	10	315	
131.1912	COLLISION_NONE	NOT_SWITCH	 	 	-277.1408	1.8	312.9086	0	0.005240319	0	0.9999863	0.006926537	-0.1065979	0.1772698	-315	10	315	
131.2112	COLLISION_NONE	NOT_SWITCH	 	 	-277.9076	1.8	312.9268	0	0.005240319	0	0.9999863	0.006926537	-0.1065979	0.1772698	-315	10	315	
131.2312	COLLISION_NONE	NOT_SWITCH	 	 	-278.6743	1.8	312.9449	0	0.005240319	0	0.9999863	0.006926537	-0.1065979	0.1772698	-315	10	315	
131.2512	COLLISION_NONE	NOT_SWITCH	 	 	-279.4411	1.8	312.9631	0	0.005240319	0	0.9999863	0.006926537	-0.1065979	0.1772698	-315	10	315	
131.2712	COLLISION_NONE	NOT_SWITCH	 	 	-280.2078	1.8	312.9813	0	0.005240319	0	0.9999863	0.006926537	-0.1065979	0.1772698	-315	10	315	
131.2912	COLLISION_NONE	NOT_SWITCH	 	 	-280.9746	1.8	312.9995	0	0.005240319	0	0.9999863	0.006926537	-0.1065979	0.1772698	-315	10	315	
131.3112	COLLISION_NONE	NOT_SWITCH	 	 	-281.7413	1.8	313.0177	0	0.005240319	0	0.9999863	0.006926537	-0.1065979	0.1772698	-315	10	315	
131.3312	COLLISION_NONE	NOT_SWITCH	 	 	-282.5081	1.8	313.0359	0	0.005240319	0	0.9999863	0.006926537	-0.1065979	0.1772698	-315	10	315	
131.3512	COLLISION_NONE	NOT_SWITCH	 	 	-283.2748	1.8	313.0541	0	0.005240319	0	0.9999863	0.006926537	-0.1065979	0.1772698	-315	10	315	
131.3712	COLLISION_NONE	NOT_SWITCH	 	 	-284.0416	1.8	313.0723	0	0.005240319	0	0.9999863	0.006926537	-0.1065979	0.1772698	-315	10	315	
131.3913	COLLISION_NONE	NOT_SWITCH	 	 	-284.8083	1.8	313.0905	0	0.005240319	0	0.9999863	0.006926537	-0.1065979	0.1772698	-315	10	315	
131.4113	COLLISION_NONE	NOT_SWITCH	 	 	-285.5751	1.8	313.1086	0	0.005240319	0	0.9999863	0.006926537	-0.1065979	0.1772698	-315	10	315	
131.4313	COLLISION_NONE	NOT_SWITCH	 	 	-286.3419	1.8	313.1268	0	0.005240319	0	0.9999863	0.006926537	-0.1065979	0.1772698	-315	10	315	
131.4513	COLLISION_NONE	NOT_SWITCH	 	 	-287.1086	1.8	313.145	0	0.005240319	0	0.9999863	0.006926537	-0.1065979	0.1772698	-315	10	315	
131.4713	COLLISION_NONE	NOT_SWITCH	 	 	-287.8754	1.8	313.1632	0	0.005240319	0	0.9999863	0.006926537	-0.1065979	0.1772698	-315	10	315	
131.4913	COLLISION_NONE	NOT_SWITCH	 	 	-288.6421	1.8	313.1814	0	0.009889083	0	0.9999511	0.02484322	0.1768494	0.08783221	-315	10	315	
131.5113	COLLISION_NONE	NOT_SWITCH	 	 	-289.3068	1.8	313.2073	0	0.01423132	0	0.9998987	0.05073643	0.1729126	0.1042451	-315	10	315	
131.5313	COLLISION_NONE	NOT_SWITCH	 	 	-289.8693	1.8	313.2398	0	0.01423132	0	0.9998987	0.05073643	0.1729126	0.1042451	-315	10	315	
131.5513	COLLISION_NONE	NOT_SWITCH	 	 	-290.4318	1.8	313.2724	0	0.01423132	0	0.9998987	0.05073643	0.1729126	0.1042451	-315	10	315	
131.5713	COLLISION_NONE	NOT_SWITCH	 	 	-290.9943	1.8	313.3049	0	0.01423132	0	0.9998987	0.05073643	0.1729126	0.1042451	-315	10	315	
131.5913	COLLISION_NONE	NOT_SWITCH	 	 	-291.5568	1.8	313.3374	0	0.01423132	0	0.9998987	0.05073643	0.1729126	0.1042451	-315	10	315	
131.6113	COLLISION_NONE	NOT_SWITCH	 	 	-292.1193	1.8	313.37	0	0.01840958	0	0.9998306	0.06289196	0.1515198	0.1340547	-315	10	315	
131.6313	COLLISION_NONE	NOT_SWITCH	 	 	-292.5793	1.8	313.4025	0	0.01840958	0	0.9998306	0.06289196	0.1515198	0.1340547	-315	10	315	
131.6513	COLLISION_NONE	NOT_SWITCH	 	 	-293.0394	1.8	313.4351	0	0.01840958	0	0.9998306	0.06289196	0.1515198	0.1340547	-315	10	315	
131.6713	COLLISION_NONE	NOT_SWITCH	 	 	-293.4995	1.8	313.4677	0	0.01840958	0	0.9998306	0.06289196	0.1515198	0.1340547	-315	10	315	
131.6913	COLLISION_NONE	NOT_SWITCH	 	 	-293.9596	1.8	313.5002	0	0.01840958	0	0.9998306	0.06289196	0.1515198	0.1340547	-315	10	315	
131.7113	COLLISION_NONE	NOT_SWITCH	 	 	-294.4197	1.8	313.5328	0	0.02249516	0	0.999747	0.05562592	0.1402283	0.1322961	-315	10	315	
131.7313	COLLISION_NONE	NOT_SWITCH	 	 	-294.8289	1.8	313.562	0	0.02249516	0	0.999747	0.05562592	0.1402283	0.1322961	-315	10	315	
131.7513	COLLISION_NONE	NOT_SWITCH	 	TRIGGER_WAYPOINT	-295.2381	1.8	313.5912	0	0.02249516	0	0.999747	0.05562592	0.1402283	0.1322961	-122.5	10	315	
131.7713	COLLISION_NONE	NOT_SWITCH	 	 	-295.6473	1.8	313.6205	0	0.02249516	0	0.999747	0.05562592	0.1402283	0.1322961	-122.5	10	315	
131.7913	COLLISION_NONE	NOT_SWITCH	 	 	-296.0565	1.8	313.6497	0	0.02249516	0	0.999747	0.05562592	0.1402283	0.1322961	-122.5	10	315	
131.8113	COLLISION_NONE	NOT_SWITCH	 	 	-296.4657	1.8	313.679	0	0.02652374	0	0.9996482	0.06685257	0.1524353	0.1407342	-122.5	10	315	
131.8313	COLLISION_NONE	NOT_SWITCH	 	 	-296.834	1.8	313.7052	0	0.02652374	0	0.9996482	0.06685257	0.1524353	0.1407342	-122.5	10	315	
131.8513	COLLISION_NONE	NOT_SWITCH	 	 	-297.2023	1.8	313.7315	0	0.02652374	0	0.9996482	0.06685257	0.1524353	0.1407342	-122.5	10	315	
131.8714	COLLISION_NONE	NOT_SWITCH	 	 	-297.5706	1.8	313.7578	0	0.02652374	0	0.9996482	0.06685257	0.1524353	0.1407342	-122.5	10	315	
131.8914	COLLISION_NONE	NOT_SWITCH	 	 	-297.9389	1.8	313.7841	0	0.02652374	0	0.9996482	0.06685257	0.1524353	0.1407342	-122.5	10	315	
131.9114	COLLISION_NONE	NOT_SWITCH	 	 	-298.3072	1.8	313.8103	0	0.03051318	0	0.9995344	0.03109169	0.1322632	0.1383016	-122.5	10	315	
131.9314	COLLISION_NONE	NOT_SWITCH	 	 	-298.6386	1.8	313.834	0	0.03051318	0	0.9995344	0.03109169	0.1322632	0.1383016	-122.5	10	315	
131.9514	COLLISION_NONE	NOT_SWITCH	 	 	-298.9701	1.8	313.8576	0	0.03051318	0	0.9995344	0.03109169	0.1322632	0.1383016	-122.5	10	315	
131.9714	COLLISION_NONE	NOT_SWITCH	 	 	-299.3015	1.8	313.8812	0	0.03051318	0	0.9995344	0.03109169	0.1322632	0.1383016	-122.5	10	315	
131.9914	COLLISION_NONE	NOT_SWITCH	 	 	-299.633	1.8	313.9048	0	0.03051318	0	0.9995344	0.03109169	0.1322632	0.1383016	-122.5	10	315	
132.0114	COLLISION_NONE	NOT_SWITCH	 	 	-299.9644	1.8	313.9284	0	0.03447245	0	0.9994057	-0.02494144	0.09716797	0.1105806	-122.5	10	315	
132.0314	COLLISION_NONE	NOT_SWITCH	 	 	-300.2627	1.8	313.9497	0	0.03447245	0	0.9994057	-0.02494144	0.09716797	0.1105806	-122.5	10	315	
132.0514	COLLISION_NONE	NOT_SWITCH	 	 	-300.561	1.8	313.971	0	0.03447245	0	0.9994057	-0.02494144	0.09716797	0.1105806	-122.5	10	315	
132.0714	COLLISION_NONE	NOT_SWITCH	 	 	-300.8593	1.8	313.9922	0	0.03447245	0	0.9994057	-0.02494144	0.09716797	0.1105806	-122.5	10	315	
132.0914	COLLISION_NONE	NOT_SWITCH	 	 	-301.1577	1.8	314.0135	0	0.03840604	0	0.9992622	-0.01999187	0.07159424	0.1378397	-122.5	10	315	
132.1114	COLLISION_NONE	NOT_SWITCH	 	 	-301.4321	1.8	314.0331	0	0.03840604	0	0.9992622	-0.01999187	0.07159424	0.1378397	-122.5	10	315	
132.1314	COLLISION_NONE	NOT_SWITCH	 	 	-301.7065	1.8	314.0526	0	0.03840604	0	0.9992622	-0.01999187	0.07159424	0.1378397	-122.5	10	315	
132.1514	COLLISION_NONE	NOT_SWITCH	 	 	-301.981	1.8	314.0722	0	0.03840604	0	0.9992622	-0.01999187	0.07159424	0.1378397	-122.5	10	315	
132.1714	COLLISION_NONE	NOT_SWITCH	 	 	-302.2554	1.8	314.0918	0	0.03840604	0	0.9992622	-0.01999187	0.07159424	0.1378397	-122.5	10	315	
132.1914	COLLISION_NONE	NOT_SWITCH	 	 	-302.5299	1.8	314.1113	0	0.04231624	0	0.9991043	-0.0348053	0.03845215	0.1390176	-122.5	10	315	
132.2114	COLLISION_NONE	NOT_SWITCH	 	 	-302.7769	1.8	314.1289	0	0.04231624	0	0.9991043	-0.0348053	0.03845215	0.1390176	-122.5	10	315	
132.2314	COLLISION_NONE	NOT_SWITCH	 	 	-303.0239	1.8	314.1465	0	0.04231624	0	0.9991043	-0.0348053	0.03845215	0.1390176	-122.5	10	315	
132.2514	COLLISION_NONE	NOT_SWITCH	 	 	-303.2709	1.8	314.1642	0	0.04231624	0	0.9991043	-0.0348053	0.03845215	0.1390176	-122.5	10	315	
132.2714	COLLISION_NONE	NOT_SWITCH	 	 	-303.5179	1.8	314.1818	0	0.04231624	0	0.9991043	-0.0348053	0.03845215	0.1390176	-122.5	10	315	
132.2914	COLLISION_NONE	NOT_SWITCH	 	 	-303.7649	1.8	314.1994	0	0.04620423	0	0.9989321	-0.0395565	0.06082153	0.1156406	-122.5	10	315	
132.3114	COLLISION_NONE	NOT_SWITCH	 	 	-303.9872	1.8	314.2152	0	0.04620423	0	0.9989321	-0.0395565	0.06082153	0.1156406	-122.5	10	315	
132.3315	COLLISION_NONE	NOT_SWITCH	 	 	-304.2096	1.8	314.231	0	0.04620423	0	0.9989321	-0.0395565	0.06082153	0.1156406	-122.5	10	315	
132.3515	COLLISION_NONE	NOT_SWITCH	 	 	-304.4319	1.8	314.2469	0	0.04620423	0	0.9989321	-0.0395565	0.06082153	0.1156406	-122.5	10	315	
132.3715	COLLISION_NONE	NOT_SWITCH	 	 	-304.6542	1.8	314.2627	0	0.04620423	0	0.9989321	-0.0395565	0.06082153	0.1156406	-122.5	10	315	
132.3915	COLLISION_NONE	NOT_SWITCH	 	 	-304.8765	1.8	314.2786	0	0.05007061	0	0.9987457	-0.03772449	0.1087952	0.1242248	-122.5	10	315	
132.4115	COLLISION_NONE	NOT_SWITCH	 	 	-305.0766	1.8	314.2928	0	0.05007061	0	0.9987457	-0.03772449	0.1087952	0.1242248	-122.5	10	315	
132.4315	COLLISION_NONE	NOT_SWITCH	 	 	-305.2767	1.8	314.3071	0	0.05007061	0	0.9987457	-0.03772449	0.1087952	0.1242248	-122.5	10	315	
132.4515	COLLISION_NONE	NOT_SWITCH	 	 	-305.4767	1.8	314.3213	0	0.05007061	0	0.9987457	-0.03772449	0.1087952	0.1242248	-122.5	10	315	
132.4715	COLLISION_NONE	NOT_SWITCH	 	 	-305.6768	1.8	314.3356	0	0.05007061	0	0.9987457	-0.03772449	0.1087952	0.1242248	-122.5	10	315	
132.4915	COLLISION_NONE	NOT_SWITCH	 	 	-305.8769	1.8	314.3498	0	0.05391573	0	0.9985456	-0.04868412	0.1321106	0.1117251	-122.5	10	315	
132.5115	COLLISION_NONE	NOT_SWITCH	 	 	-306.0569	1.8	314.3627	0	0.05391573	0	0.9985456	-0.04868412	0.1321106	0.1117251	-122.5	10	315	
132.5315	COLLISION_NONE	NOT_SWITCH	 	 	-306.237	1.8	314.3755	0	0.05391573	0	0.9985456	-0.04868412	0.1321106	0.1117251	-122.5	10	315	
132.5515	COLLISION_NONE	NOT_SWITCH	 	 	-306.4171	1.8	314.3884	0	0.05391573	0	0.9985456	-0.04868412	0.1321106	0.1117251	-122.5	10	315	
132.5715	COLLISION_NONE	NOT_SWITCH	 	 	-306.5971	1.8	314.4012	0	0.05391573	0	0.9985456	-0.04868412	0.1321106	0.1117251	-122.5	10	315	
132.5915	COLLISION_NONE	NOT_SWITCH	 	 	-306.7772	1.8	314.4141	0	0.05773978	0	0.9983317	-0.02629089	0.1524963	0.1220748	-122.5	10	315	
132.6115	COLLISION_NONE	NOT_SWITCH	 	 	-306.9392	1.8	314.4256	0	0.05773978	0	0.9983317	-0.02629089	0.1524963	0.1220748	-122.5	10	315	
132.6315	COLLISION_NONE	NOT_SWITCH	 	 	-307.1013	1.8	314.4371	0	0.05773978	0	0.9983317	-0.02629089	0.1524963	0.1220748	-122.5	10	315	
132.6515	COLLISION_NONE	NOT_SWITCH	 	 	-307.2633	1.8	314.4487	0	0.05773978	0	0.9983317	-0.02629089	0.1524963	0.1220748	-122.5	10	315	
132.6715	COLLISION_NONE	NOT_SWITCH	 	 	-307.4254	1.8	314.4602	0	0.05773978	0	0.9983317	-0.02629089	0.1524963	0.1220748	-122.5	10	315	
132.6915	COLLISION_NONE	NOT_SWITCH	 	 	-307.5874	1.8	314.4717	0	0.0615429	0	0.9981045	-0.03145027	0.1287231	0.1039822	-122.5	10	315	
132.7115	COLLISION_NONE	NOT_SWITCH	 	 	-307.7332	1.8	314.4821	0	0.0615429	0	0.9981045	-0.03145027	0.1287231	0.1039822	-122.5	10	315	
132.7315	COLLISION_NONE	NOT_SWITCH	 	 	-307.8791	1.8	314.4926	0	0.0615429	0	0.9981045	-0.03145027	0.1287231	0.1039822	-122.5	10	315	
132.7515	COLLISION_NONE	NOT_SWITCH	 	 	-308.0249	1.8	314.503	0	0.0615429	0	0.9981045	-0.03145027	0.1287231	0.1039822	-122.5	10	315	
132.7715	COLLISION_NONE	NOT_SWITCH	 	 	-308.1708	1.8	314.5134	0	0.0615429	0	0.9981045	-0.03145027	0.1287231	0.1039822	-122.5	10	315	
132.7915	COLLISION_NONE	NOT_SWITCH	 	 	-308.3166	1.8	314.5238	0	0.06532519	0	0.9978641	-0.02083302	0.1207275	0.05834806	-122.5	10	315	
132.8116	COLLISION_NONE	NOT_SWITCH	 	 	-308.4479	1.8	314.5331	0	0.06532519	0	0.9978641	-0.02083302	0.1207275	0.05834806	-122.5	10	315	
132.8316	COLLISION_NONE	NOT_SWITCH	 	 	-308.5792	1.8	314.5425	0	0.06532519	0	0.9978641	-0.02083302	0.1207275	0.05834806	-122.5	10	315	
132.8516	COLLISION_NONE	NOT_SWITCH	 	 	-308.7105	1.8	314.5519	0	0.06532519	0	0.9978641	-0.02083302	0.1207275	0.05834806	-122.5	10	315	
132.8716	COLLISION_NONE	NOT_SWITCH	 	 	-308.8418	1.8	314.5612	0	0.06532519	0	0.9978641	-0.02083302	0.1207275	0.05834806	-122.5	10	315	
132.8916	COLLISION_NONE	NOT_SWITCH	 	 	-308.9731	1.8	314.5706	0	0.06908673	0	0.9976107	0.00138855	0.08703613	0.03600609	-122.5	10	315	
132.9116	COLLISION_NONE	NOT_SWITCH	 	 	-309.0912	1.8	314.579	0	0.06908673	0	0.9976107	0.00138855	0.08703613	0.03600609	-122.5	10	315	
132.9316	COLLISION_NONE	NOT_SWITCH	 	 	-309.2093	1.8	314.5875	0	0.06908673	0	0.9976107	0.00138855	0.08703613	0.03600609	-122.5	10	315	
132.9516	COLLISION_NONE	NOT_SWITCH	 	 	-309.3275	1.8	314.5959	0	0.06908673	0	0.9976107	0.00138855	0.08703613	0.03600609	-122.5	10	315	
132.9716	COLLISION_NONE	NOT_SWITCH	 	 	-309.4456	1.8	314.6043	0	0.06908673	0	0.9976107	0.00138855	0.08703613	0.03600609	-122.5	10	315	
132.9916	COLLISION_NONE	NOT_SWITCH	 	 	-309.5637	1.8	314.6127	0	0.07282759	0	0.9973446	-0.03093624	0.1176147	0.0698787	-122.5	10	315	
133.0116	COLLISION_NONE	NOT_SWITCH	 	 	-309.67	1.8	314.6203	0	0.07282759	0	0.9973446	-0.03093624	0.1176147	0.0698787	-122.5	10	315	
133.0316	COLLISION_NONE	NOT_SWITCH	 	 	-309.7764	1.8	314.6279	0	0.07282759	0	0.9973446	-0.03093624	0.1176147	0.0698787	-122.5	10	315	
133.0516	COLLISION_NONE	NOT_SWITCH	 	 	-309.8827	1.8	314.6354	0	0.07282759	0	0.9973446	-0.03093624	0.1176147	0.0698787	-122.5	10	315	
133.0716	COLLISION_NONE	NOT_SWITCH	 	 	-309.989	1.8	314.643	0	0.07282759	0	0.9973446	-0.03093624	0.1176147	0.0698787	-122.5	10	315	
133.0916	COLLISION_NONE	NOT_SWITCH	 	 	-310.0953	1.8	314.6506	0	0.07654785	0	0.997066	-0.02820301	0.132019	0.09986436	-122.5	10	315	
133.1116	COLLISION_NONE	NOT_SWITCH	 	 	-310.2017	1.8	314.6581	0	0.07654785	0	0.997066	-0.02820301	0.132019	0.09986436	-122.5	10	315	
133.1316	COLLISION_NONE	NOT_SWITCH	 	 	-310.308	1.8	314.6657	0	0.07654785	0	0.997066	-0.02820301	0.132019	0.09986436	-122.5	10	315	
133.1516	COLLISION_NONE	NOT_SWITCH	 	 	-310.4143	1.8	314.6733	0	0.07654785	0	0.997066	-0.02820301	0.132019	0.09986436	-122.5	10	315	
133.1716	COLLISION_NONE	NOT_SWITCH	 	 	-310.5206	1.8	314.6808	0	0.07654785	0	0.997066	-0.02820301	0.132019	0.09986436	-122.5	10	315	
133.1916	COLLISION_NONE	NOT_SWITCH	 	 	-310.627	1.8	314.6884	0	0.08024757	0	0.996775	-0.03477955	0.1081848	0.1170437	-122.5	10	315	
133.2116	COLLISION_NONE	NOT_SWITCH	 	 	-310.7333	1.8	314.696	0	0.08024757	0	0.996775	-0.03477955	0.1081848	0.1170437	-122.5	10	315	
133.2316	COLLISION_NONE	NOT_SWITCH	 	 	-310.8396	1.8	314.7036	0	0.08024757	0	0.996775	-0.03477955	0.1081848	0.1170437	-122.5	10	315	
133.2516	COLLISION_NONE	NOT_SWITCH	 	 	-310.9459	1.8	314.7111	0	0.08024757	0	0.996775	-0.03477955	0.1081848	0.1170437	-122.5	10	315	
133.2717	COLLISION_NONE	NOT_SWITCH	 	 	-311.0522	1.8	314.7187	0	0.08024757	0	0.996775	-0.03477955	0.1081848	0.1170437	-122.5	10	315	
133.2917	COLLISION_NONE	NOT_SWITCH	 	 	-311.1586	1.8	314.7263	0	0.08392681	0	0.9964719	0.01741505	0.1411743	0.09582829	-122.5	10	315	
133.3117	COLLISION_NONE	NOT_SWITCH	 	 	-311.2649	1.8	314.7338	0	0.08392681	0	0.9964719	0.01741505	0.1411743	0.09582829	-122.5	10	315	
133.3317	COLLISION_NONE	NOT_SWITCH	 	 	-311.3712	1.8	314.7414	0	0.08392681	0	0.9964719	0.01741505	0.1411743	0.09582829	-122.5	10	315	
133.3517	COLLISION_NONE	NOT_SWITCH	 	 	-311.4775	1.8	314.749	0	0.08392681	0	0.9964719	0.01741505	0.1411743	0.09582829	-122.5	10	315	
133.3717	COLLISION_NONE	NOT_SWITCH	 	 	-311.5839	1.8	314.7565	0	0.08392681	0	0.9964719	0.01741505	0.1411743	0.09582829	-122.5	10	315	
133.3917	COLLISION_NONE	NOT_SWITCH	 	 	-311.6902	1.8	314.7641	0	0.08758566	0	0.996157	-0.007092476	0.1332703	0.1018146	-122.5	10	315	
133.4117	COLLISION_NONE	NOT_SWITCH	 	 	-311.7965	1.8	314.7717	0	0.08758566	0	0.996157	-0.007092476	0.1332703	0.1018146	-122.5	10	315	
133.4317	COLLISION_NONE	NOT_SWITCH	 	 	-311.9028	1.8	314.7792	0	0.08758566	0	0.996157	-0.007092476	0.1332703	0.1018146	-122.5	10	315	
133.4517	COLLISION_NONE	NOT_SWITCH	 	 	-312.0092	1.8	314.7868	0	0.08758566	0	0.996157	-0.007092476	0.1332703	0.1018146	-122.5	10	315	
133.4717	COLLISION_NONE	NOT_SWITCH	 	 	-312.1155	1.8	314.7944	0	0.08758566	0	0.996157	-0.007092476	0.1332703	0.1018146	-122.5	10	315	
133.4917	COLLISION_NONE	NOT_SWITCH	 	 	-312.2218	1.8	314.8019	0	0.09122419	0	0.9958304	-0.04893303	0.1036987	0.1149859	-122.5	10	315	
133.5117	COLLISION_NONE	NOT_SWITCH	 	 	-312.3281	1.8	314.8095	0	0.09122419	0	0.9958304	-0.04893303	0.1036987	0.1149859	-122.5	10	315	
133.5317	COLLISION_NONE	NOT_SWITCH	 	 	-312.4344	1.8	314.8171	0	0.09122419	0	0.9958304	-0.04893303	0.1036987	0.1149859	-122.5	10	315	
133.5517	COLLISION_NONE	NOT_SWITCH	 	 	-312.5408	1.8	314.8246	0	0.09122419	0	0.9958304	-0.04893303	0.1036987	0.1149859	-122.5	10	315	
133.5717	COLLISION_NONE	NOT_SWITCH	 	 	-312.6471	1.8	314.8322	0	0.09122419	0	0.9958304	-0.04893303	0.1036987	0.1149859	-122.5	10	315	
133.5917	COLLISION_NONE	NOT_SWITCH	 	 	-312.7534	1.8	314.8398	0	0.09484244	0	0.9954923	-0.06173325	0.1051941	0.1367556	-122.5	10	315	
133.6117	COLLISION_NONE	NOT_SWITCH	 	 	-312.8597	1.8	314.8474	0	0.09484244	0	0.9954923	-0.06173325	0.1051941	0.1367556	-122.5	10	315	
133.6317	COLLISION_NONE	NOT_SWITCH	 	 	-312.9661	1.8	314.8549	0	0.09484244	0	0.9954923	-0.06173325	0.1051941	0.1367556	-122.5	10	315	
133.6517	COLLISION_NONE	NOT_SWITCH	 	 	-313.0724	1.8	314.8625	0	0.09484244	0	0.9954923	-0.06173325	0.1051941	0.1367556	-122.5	10	315	
133.6717	COLLISION_NONE	NOT_SWITCH	 	 	-313.1787	1.8	314.8701	0	0.09484244	0	0.9954923	-0.06173325	0.1051941	0.1367556	-122.5	10	315	
133.6917	COLLISION_NONE	NOT_SWITCH	 	 	-313.285	1.8	314.8776	0	0.09844051	0	0.9951429	-0.07875633	0.1119995	0.1406509	-122.5	10	315	
133.7117	COLLISION_NONE	NOT_SWITCH	 	 	-313.3914	1.8	314.8852	0	0.09844051	0	0.9951429	-0.07875633	0.1119995	0.1406509	-122.5	10	315	
133.7318	COLLISION_NONE	NOT_SWITCH	 	 	-313.4977	1.8	314.8928	0	0.09844051	0	0.9951429	-0.07875633	0.1119995	0.1406509	-122.5	10	315	
133.7518	COLLISION_NONE	NOT_SWITCH	 	 	-313.604	1.8	314.9003	0	0.09844051	0	0.9951429	-0.07875633	0.1119995	0.1406509	-122.5	10	315	
133.7718	COLLISION_NONE	NOT_SWITCH	 	 	-313.7103	1.8	314.9079	0	0.09844051	0	0.9951429	-0.07875633	0.1119995	0.1406509	-122.5	10	315	
133.7918	COLLISION_NONE	NOT_SWITCH	 	 	-313.8167	1.8	314.9155	0	0.1020185	0	0.9947825	-0.08816433	0.1131592	0.155256	-122.5	10	315	
133.8118	COLLISION_NONE	NOT_SWITCH	 	 	-313.923	1.8	314.923	0	0.1020185	0	0.9947825	-0.08816433	0.1131592	0.155256	-122.5	10	315	
133.8318	COLLISION_NONE	NOT_SWITCH	 	 	-314.0293	1.8	314.9306	0	0.1020185	0	0.9947825	-0.08816433	0.1131592	0.155256	-122.5	10	315	
133.8518	COLLISION_NONE	NOT_SWITCH	 	 	-314.1356	1.8	314.9382	0	0.1020185	0	0.9947825	-0.08816433	0.1131592	0.155256	-122.5	10	315	
133.8718	COLLISION_NONE	NOT_SWITCH	 	 	-314.2419	1.8	314.9457	0	0.1020185	0	0.9947825	-0.08816433	0.1131592	0.155256	-122.5	10	315	
133.8918	COLLISION_NONE	NOT_SWITCH	 	 	-314.3483	1.8	314.9533	0	0.1055764	0	0.9944112	-0.07221985	0.09768677	0.1383227	-122.5	10	315	
133.9118	COLLISION_NONE	NOT_SWITCH	 	 	-314.4546	1.8	314.9609	0	0.1091143	0	0.9940293	-0.02142143	0.1390076	0.0950824	-122.5	10	315	
133.9318	COLLISION_NONE	NOT_SWITCH	 	 	-314.5609	1.8	314.9684	0	0.1091143	0	0.9940293	-0.02142143	0.1390076	0.0950824	-122.5	10	315	
133.9518	COLLISION_NONE	NOT_SWITCH	 	 	-314.6672	1.8	314.976	0	0.1126324	0	0.9936368	-0.004246712	0.1166992	0.04710853	-122.5	10	315	
133.9718	COLLISION_NONE	NOT_SWITCH	 	 	-314.7736	1.8	314.9836	0	0.1161306	0	0.993234	0.002602577	0.1444702	0.03300047	-122.5	10	315	
133.9918	COLLISION_NONE	NOT_SWITCH	 	 	-314.8799	1.8	314.9911	0	0.1161306	0	0.993234	0.002602577	0.1444702	0.03300047	-122.5	10	315	
134.0118	COLLISION_NONE	NOT_SWITCH	 	 	-314.9862	1.8	314.9987	0	0.1196091	0	0.992821	0.01743126	0.1394958	0.0466646	-122.5	10	315	
134.0318	COLLISION_NONE	NOT_SWITCH	 	 	-315.0925	1.8	315.0063	0	0.1230679	0	0.9923983	0.008036613	0.144165	0.06086779	-122.5	10	315	
134.0518	COLLISION_NONE	NOT_SWITCH	 	 	-315.1989	1.8	315.0139	0	0.1230679	0	0.9923983	0.008036613	0.144165	0.06086779	-122.5	10	315	
134.0718	COLLISION_NONE	NOT_SWITCH	 	 	-315.3052	1.8	315.0214	0	0.1230679	0	0.9923983	0.008036613	0.144165	0.06086779	-122.5	10	315	
134.0918	COLLISION_NONE	NOT_SWITCH	 	 	-315.4115	1.8	315.029	0	0.1230679	0	0.9923983	0.008036613	0.144165	0.06086779	-122.5	10	315	
134.1118	COLLISION_NONE	NOT_SWITCH	 	 	-315.5178	1.8	315.0366	0	0.1230679	0	0.9923983	0.008036613	0.144165	0.06086779	-122.5	10	315	
134.1318	COLLISION_NONE	NOT_SWITCH	 	 	-315.6241	1.8	315.0441	0	0.1230679	0	0.9923983	0.008036613	0.144165	0.06086779	-122.5	10	315	
134.1518	COLLISION_NONE	NOT_SWITCH	 	 	-315.7305	1.8	315.0517	0	0.1230679	0	0.9923983	0.008036613	0.144165	0.06086779	-122.5	10	315	
134.1718	COLLISION_NONE	NOT_SWITCH	 	 	-315.8368	1.8	315.0593	0	0.1230679	0	0.9923983	0.008036613	0.144165	0.06086779	-122.5	10	315	
134.1918	COLLISION_NONE	NOT_SWITCH	 	 	-315.9431	1.8	315.0668	0	0.1230679	0	0.9923983	0.008036613	0.144165	0.06086779	-122.5	10	315	
134.2119	COLLISION_NONE	NOT_SWITCH	 	 	-316.0494	1.8	315.0744	0	0.1265071	0	0.9919657	0.001583099	0.1410828	0.06870258	-122.5	10	315	
134.2319	COLLISION_NONE	NOT_SWITCH	 	 	-316.1558	1.8	315.082	0	0.1265071	0	0.9919657	0.001583099	0.1410828	0.06870258	-122.5	10	315	
134.2519	COLLISION_NONE	NOT_SWITCH	 	 	-316.2621	1.8	315.0895	0	0.1299268	0	0.9915236	-0.004833221	0.1451416	0.07572246	-122.5	10	315	
134.2719	COLLISION_NONE	NOT_SWITCH	 	 	-316.3684	1.8	315.0971	0	0.1333271	0	0.9910721	-0.01563358	0.1480103	0.07604086	-122.5	10	315	
134.2919	COLLISION_NONE	NOT_SWITCH	 	 	-316.4747	1.8	315.1047	0	0.136708	0	0.9906114	-0.01468658	0.1424561	0.09070969	-122.5	10	315	
134.3119	COLLISION_NONE	NOT_SWITCH	 	 	-316.5811	1.8	315.1122	0	0.1400696	0	0.9901416	-0.01074505	0.1499634	0.08967197	-122.5	10	315	
134.3319	COLLISION_NONE	NOT_SWITCH	 	 	-316.6874	1.8	315.1198	0	0.1400696	0	0.9901416	-0.01074505	0.1499634	0.08967197	-122.5	10	315	
134.3519	COLLISION_NONE	NOT_SWITCH	 	 	-316.7937	1.8	315.1274	0	0.1434121	0	0.9896631	-0.00813961	0.1627502	0.07394159	-122.5	10	315	
134.3719	COLLISION_NONE	NOT_SWITCH	 	 	-316.9	1.8	315.1349	0	0.1467354	0	0.9891758	0.003943443	0.1933899	0.08382773	-122.5	10	315	
134.3919	COLLISION_NONE	NOT_SWITCH	 	 	-317.0063	1.8	315.1425	0	0.1500396	0	0.98868	-0.003073692	0.2104797	0.07882607	-122.5	10	315	
134.4119	COLLISION_NONE	NOT_SWITCH	 	 	-317.1127	1.8	315.1501	0	0.1500396	0	0.98868	-0.003073692	0.2104797	0.07882607	-122.5	10	315	
134.4319	COLLISION_NONE	NOT_SWITCH	 	 	-317.219	1.8	315.1577	0	0.1533249	0	0.9881758	-0.01234818	0.204895	0.09770954	-122.5	10	315	
134.4519	COLLISION_NONE	NOT_SWITCH	 	 	-317.3253	1.8	315.1652	0	0.1565913	0	0.9876635	-0.009900093	0.2052307	0.1327566	-122.5	10	315	
134.4719	COLLISION_NONE	NOT_SWITCH	 	 	-317.4316	1.8	315.1728	0	0.1598389	0	0.9871431	-0.006253242	0.1986389	0.136789	-122.5	10	315	
134.4919	COLLISION_NONE	NOT_SWITCH	 	 	-317.538	1.8	315.1804	0	0.1598389	0	0.9871431	-0.006253242	0.1986389	0.136789	-122.5	10	315	
134.5119	COLLISION_NONE	NOT_SWITCH	 	 	-317.6443	1.8	315.1879	0	0.1630678	0	0.9866149	-0.00300312	0.2019348	0.1326731	-122.5	10	315	
134.5319	COLLISION_NONE	NOT_SWITCH	 	 	-317.7506	1.8	315.1955	0	0.1662781	0	0.9860789	0.010602	0.1950073	0.1290219	-122.5	10	315	
134.5519	COLLISION_NONE	NOT_SWITCH	 	 	-317.8569	1.8	315.2031	0	0.1694698	0	0.9855354	-0.0008850098	0.1859436	0.1167215	-122.5	10	315	
134.5719	COLLISION_NONE	NOT_SWITCH	 	 	-317.9633	1.8	315.2106	0	0.1694698	0	0.9855354	-0.0008850098	0.1859436	0.1167215	-122.5	10	315	
134.5919	COLLISION_NONE	NOT_SWITCH	 	 	-318.0696	1.8	315.2182	0	0.172643	0	0.9849845	-0.01003551	0.1808777	0.1425055	-122.5	10	315	
134.6119	COLLISION_NONE	NOT_SWITCH	 	 	-318.1759	1.8	315.2258	0	0.1757978	0	0.9844263	-0.009987831	0.1981201	0.1335729	-122.5	10	315	
134.6319	COLLISION_NONE	NOT_SWITCH	 	 	-318.2822	1.8	315.2333	0	0.1789344	0	0.983861	-0.009547234	0.1917725	0.1413188	-122.5	10	315	
134.6519	COLLISION_NONE	NOT_SWITCH	 	 	-318.3885	1.8	315.2409	0	0.1789344	0	0.983861	-0.009547234	0.1917725	0.1413188	-122.5	10	315	
134.672	COLLISION_NONE	NOT_SWITCH	 	 	-318.4949	1.8	315.2485	0	0.1820526	0	0.9832888	-0.02056789	0.1943054	0.1381547	-122.5	10	315	
134.692	COLLISION_NONE	NOT_SWITCH	 	 	-318.6012	1.8	315.256	0	0.1851528	0	0.9827097	-0.01677608	0.2019043	0.1405638	-122.5	10	315	
134.712	COLLISION_NONE	NOT_SWITCH	 	 	-318.7075	1.8	315.2636	0	0.1882349	0	0.982124	-0.001911163	0.1861267	0.1520216	-122.5	10	315	
134.732	COLLISION_NONE	NOT_SWITCH	 	 	-318.8138	1.8	315.2712	0	0.1943452	0	0.9809332	-0.01207447	0.1759644	0.1643527	-122.5	10	315	
134.752	COLLISION_NONE	NOT_SWITCH	 	 	-318.9202	1.8	315.2787	0	0.1973736	0	0.9803284	-0.02280521	0.196106	0.1557276	-122.5	10	315	
134.772	COLLISION_NONE	NOT_SWITCH	 	 	-319.0265	1.8	315.2863	0	0.2003843	0	0.9797174	-0.01901531	0.2037048	0.1581336	-122.5	10	315	
134.792	COLLISION_NONE	NOT_SWITCH	 	 	-319.1328	1.8	315.2939	0	0.2033773	0	0.9791004	-0.01663494	0.2070618	0.1858759	-122.5	10	315	
134.812	COLLISION_NONE	NOT_SWITCH	 	 	-319.2391	1.8	315.3015	0	0.2093109	0	0.9778492	-0.02392769	0.2237549	0.177413	-122.5	10	315	
134.832	COLLISION_NONE	NOT_SWITCH	 	 	-319.3455	1.8	315.309	0	0.2122515	0	0.9772151	-0.02123833	0.2156677	0.1675744	-122.5	10	315	
134.852	COLLISION_NONE	NOT_SWITCH	 	 	-319.4518	1.8	315.3166	0	0.2151749	0	0.9765756	-0.02093697	0.2231445	0.1702268	-122.5	10	315	
134.872	COLLISION_NONE	NOT_SWITCH	 	 	-319.5581	1.8	315.3242	0	0.218081	0	0.9759308	-0.01803207	0.2153931	0.1638696	-122.5	10	315	
134.892	COLLISION_NONE	NOT_SWITCH	 	 	-319.6644	1.8	315.3317	0	0.2209699	0	0.9752806	-0.0008354187	0.2329102	0.1502329	-122.5	10	315	
134.912	COLLISION_NONE	NOT_SWITCH	 	 	-319.7708	1.8	315.3393	0	0.2266968	0	0.9739653	0.006847382	0.2623596	0.1534227	-122.5	10	315	
134.932	COLLISION_NONE	NOT_SWITCH	 	 	-319.8771	1.8	315.3469	0	0.229535	0	0.9733005	-0.006872177	0.255127	0.158682	-122.5	10	315	
134.952	COLLISION_NONE	NOT_SWITCH	 	 	-319.9834	1.8	315.3544	0	0.2323563	0	0.9726308	-0.00649929	0.2661743	0.1609209	-122.5	10	315	
134.972	COLLISION_NONE	NOT_SWITCH	 	 	-320.0897	1.8	315.362	0	0.2351608	0	0.9719565	-0.002758026	0.2702332	0.1637379	-122.5	10	315	
134.992	COLLISION_NONE	NOT_SWITCH	 	 	-320.1891	1.8	315.3691	0	0.2379488	0	0.9712777	-0.01982689	0.2770386	0.1676224	-122.5	10	315	
135.012	COLLISION_NONE	NOT_SWITCH	 	 	-320.2817	1.8	315.3757	0	0.2434752	0	0.9699072	-0.02847958	0.263916	0.1519858	-122.5	10	315	
135.032	COLLISION_NONE	NOT_SWITCH	 	 	-320.3436	1.8	315.3801	0	0.2462137	0	0.9692156	-0.02555656	0.2597656	0.1452097	-122.5	10	315	
135.052	COLLISION_NONE	NOT_SWITCH	 	 	-320.3579	1.8	315.3811	0	0.248936	0	0.96852	-0.02350235	0.2611084	0.1237717	-122.5	10	315	
135.072	COLLISION_NONE	NOT_SWITCH	 	 	-320.2819	1.8	315.3757	0	0.2516421	0	0.9678204	-0.01928043	0.272522	0.1258008	-122.5	10	315	
135.092	COLLISION_NONE	NOT_SWITCH	 	 	-320.1787	1.8	315.3683	0	0.2543321	0	0.967117	-0.01913452	0.2521362	0.1386038	-122.5	10	315	
135.112	COLLISION_NONE	NOT_SWITCH	 	 	-320.0775	1.8	315.3611	0	0.259664	0	0.9656991	-0.01203728	0.2558289	0.1342723	-122.5	10	315	
135.132	COLLISION_NONE	NOT_SWITCH	 	 	-319.9804	1.8	315.3542	0	0.2623062	0	0.9649848	0.01530743	0.2352295	0.131271	-122.5	10	315	
135.1521	COLLISION_NONE	NOT_SWITCH	 	 	-319.8832	1.8	315.3474	0	0.2649325	0	0.964267	0.04073524	0.2340393	0.1403677	-122.5	10	315	
135.1721	COLLISION_NONE	NOT_SWITCH	 	 	-319.7861	1.8	315.3405	0	0.2675431	0	0.9635459	0.02706528	0.2583618	0.1385151	-122.5	10	315	
135.1921	COLLISION_NONE	NOT_SWITCH	 	 	-319.689	1.8	315.3336	0	0.2701381	0	0.9628216	0.02825165	0.2567444	0.1562464	-122.5	10	315	
135.2121	COLLISION_NONE	NOT_SWITCH	 	 	-319.5918	1.8	315.3267	0	0.2752816	0	0.9613637	0.02716541	0.2690125	0.1372983	-122.5	10	315	
135.2321	COLLISION_NONE	NOT_SWITCH	 	 	-319.4947	1.8	315.3198	0	0.2778303	0	0.9606302	0.0310545	0.2628174	0.1447947	-122.5	10	315	
135.2521	COLLISION_NONE	NOT_SWITCH	 	 	-319.3976	1.8	315.3129	0	0.2803637	0	0.9598938	0.01737595	0.2590942	0.1496544	-122.5	10	315	
135.2721	COLLISION_NONE	NOT_SWITCH	 	 	-319.3004	1.8	315.306	0	0.2828819	0	0.9591548	0.01767635	0.2666016	0.1523037	-122.5	10	315	
135.2921	COLLISION_NONE	NOT_SWITCH	 	 	-319.2033	1.8	315.2991	0	0.285385	0	0.958413	0.02150249	0.2497559	0.1610112	-122.5	10	315	
135.3121	COLLISION_NONE	NOT_SWITCH	 	 	-319.1061	1.8	315.2922	0	0.2903461	0	0.9569218	0.05550671	0.2636414	0.1396372	-122.5	10	315	
135.3321	COLLISION_NONE	NOT_SWITCH	 	 	-319.009	1.8	315.2853	0	0.2928043	0	0.9561725	0.04154396	0.2458496	0.1495501	-122.5	10	315	
135.3521	COLLISION_NONE	NOT_SWITCH	 	 	-318.9119	1.8	315.2784	0	0.2952477	0	0.9554208	0.01782036	0.2426453	0.1655084	-122.5	10	315	
135.3721	COLLISION_NONE	NOT_SWITCH	 	 	-318.8147	1.8	315.2715	0	0.2976764	0	0.9546668	0.009454727	0.2471619	0.1444007	-122.5	10	315	
135.3921	COLLISION_NONE	NOT_SWITCH	 	 	-318.7176	1.8	315.2646	0	0.30249	0	0.9531526	0.02507782	0.2259216	0.1739763	-122.5	10	315	
135.4121	COLLISION_NONE	NOT_SWITCH	 	 	-318.6205	1.8	315.2577	0	0.3048751	0	0.9523924	0.01474571	0.2361755	0.1734991	-122.5	10	315	
135.4321	COLLISION_NONE	NOT_SWITCH	 	 	-318.5233	1.8	315.2508	0	0.3072458	0	0.9516302	0.003663063	0.2417297	0.1630304	-122.5	10	315	
135.4521	COLLISION_NONE	NOT_SWITCH	 	 	-318.4262	1.8	315.2439	0	0.3096022	0	0.9508662	-0.01029301	0.223938	0.1729531	-122.5	10	315	
135.4721	COLLISION_NONE	NOT_SWITCH	 	 	-318.329	1.8	315.237	0	0.3119443	0	0.9501004	-0.007605553	0.2157898	0.1631289	-122.5	10	315	
135.4921	COLLISION_NONE	NOT_SWITCH	 	 	-318.2319	1.8	315.2301	0	0.3165863	0	0.9485638	-0.001862526	0.2177124	0.1448976	-122.5	10	315	
135.5121	COLLISION_NONE	NOT_SWITCH	 	 	-318.1348	1.8	315.2232	0	0.3188863	0	0.9477931	-0.01284313	0.2094116	0.1395252	-122.5	10	315	
135.5321	COLLISION_NONE	NOT_SWITCH	 	 	-318.0376	1.8	315.2163	0	0.3211724	0	0.9470208	0.0005846024	0.212738	0.1312004	-122.5	10	315	
135.5521	COLLISION_NONE	NOT_SWITCH	 	 	-317.9405	1.8	315.2094	0	0.3234446	0	0.9462471	-0.009606361	0.2091675	0.1358112	-122.5	10	315	
135.5721	COLLISION_NONE	NOT_SWITCH	 	 	-317.8434	1.8	315.2025	0	0.3257031	0	0.9454721	-0.006458282	0.2018127	0.132915	-122.5	10	315	
135.5921	COLLISION_NONE	NOT_SWITCH	 	 	-317.7462	1.8	315.1956	0	0.3301792	0	0.9439183	-0.01434612	0.2279968	0.1128348	-122.5	10	315	
135.6122	COLLISION_NONE	NOT_SWITCH	 	 	-317.6491	1.8	315.1887	0	0.3323969	0	0.9431396	-0.01633167	0.2337341	0.1334653	-122.5	10	315	
135.6322	COLLISION_NONE	NOT_SWITCH	 	 	-317.5519	1.8	315.1818	0	0.3346013	0	0.9423599	-0.01587963	0.230957	0.1408012	-122.5	10	315	
135.6522	COLLISION_NONE	NOT_SWITCH	 	 	-317.4548	1.8	315.1749	0	0.3367922	0	0.941579	-0.01208973	0.2386169	0.143199	-122.5	10	315	
135.6722	COLLISION_NONE	NOT_SWITCH	 	 	-317.3577	1.8	315.168	0	0.3389699	0	0.9407973	0.001373291	0.2174377	0.1411886	-122.5	10	315	
135.6922	COLLISION_NONE	NOT_SWITCH	 	 	-317.2605	1.8	315.1611	0	0.3432857	0	0.9392311	0.004110336	0.2265625	0.1224242	-122.5	10	315	
135.7122	COLLISION_NONE	NOT_SWITCH	 	 	-317.1634	1.8	315.1542	0	0.3454239	0	0.9384468	-0.007367134	0.2073364	0.1182481	-122.5	10	315	
135.7322	COLLISION_NONE	NOT_SWITCH	 	 	-317.0663	1.8	315.1473	0	0.3475492	0	0.9376618	-0.004364014	0.2102661	0.1106638	-122.5	10	315	
135.7522	COLLISION_NONE	NOT_SWITCH	 	 	-316.9691	1.8	315.1404	0	0.3496616	0	0.9368761	-0.001190186	0.230957	0.1010451	-122.5	10	315	
135.7722	COLLISION_NONE	NOT_SWITCH	 	 	-316.872	1.8	315.1335	0	0.3517612	0	0.9360898	-0.002494812	0.2219238	0.08453667	-122.5	10	315	
135.7922	COLLISION_NONE	NOT_SWITCH	 	 	-316.7748	1.8	315.1266	0	0.3559222	0	0.9345157	0.01638031	0.2386169	0.0955646	-122.5	10	315	
135.8122	COLLISION_NONE	NOT_SWITCH	 	 	-316.6777	1.8	315.1198	0	0.3579838	0	0.9337279	0.01930904	0.2308655	0.0891999	-122.5	10	315	
135.8322	COLLISION_NONE	NOT_SWITCH	 	 	-316.5806	1.8	315.1129	0	0.3600328	0	0.9329397	0.01961994	0.2383728	0.09184766	-122.5	10	315	
135.8522	COLLISION_NONE	NOT_SWITCH	 	 	-316.4834	1.8	315.106	0	0.3620694	0	0.9321512	0.01985073	0.235199	0.09571922	-122.5	10	315	
135.8722	COLLISION_NONE	NOT_SWITCH	 	 	-316.3863	1.8	315.0991	0	0.3661056	0	0.9305734	0.008087158	0.2156067	0.08807588	-122.5	10	315	
135.8922	COLLISION_NONE	NOT_SWITCH	 	 	-316.2892	1.8	315.0922	0	0.3681052	0	0.9297842	0.01227379	0.2133484	0.09862614	-122.5	10	315	
135.9122	COLLISION_NONE	NOT_SWITCH	 	 	-316.192	1.8	315.0853	0	0.3700927	0	0.9289949	0.008633614	0.2300415	0.08648324	-122.5	10	315	
135.9322	COLLISION_NONE	NOT_SWITCH	 	 	-316.0949	1.8	315.0784	0	0.3720682	0	0.9282055	0.01126194	0.208252	0.08517337	-122.5	10	315	
135.9522	COLLISION_NONE	NOT_SWITCH	 	 	-315.9977	1.8	315.0715	0	0.3740316	0	0.927416	0.01443291	0.2008972	0.08227313	-122.5	10	315	
135.9722	COLLISION_NONE	NOT_SWITCH	 	 	-315.9006	1.8	315.0646	0	0.3779227	0	0.9258372	0.004771233	0.2052002	0.09300542	-122.5	10	315	
135.9922	COLLISION_NONE	NOT_SWITCH	 	 	-315.8035	1.8	315.0577	0	0.3798505	0	0.9250479	0.005707741	0.199646	0.1076719	-122.5	10	315	
136.0122	COLLISION_NONE	NOT_SWITCH	 	 	-315.7063	1.8	315.0508	0	0.3817666	0	0.9242588	0.009999275	0.2181702	0.1088871	-122.5	10	315	
136.0322	COLLISION_NONE	NOT_SWITCH	 	 	-315.6092	1.8	315.0439	0	0.383671	0	0.9234699	0.01401138	0.2261963	0.1147584	-122.5	10	315	
136.0522	COLLISION_NONE	NOT_SWITCH	 	 	-315.5121	1.8	315.037	0	0.3855638	0	0.9226812	0.01617908	0.2137451	0.09840059	-122.5	10	315	
136.0723	COLLISION_NONE	NOT_SWITCH	 	 	-315.4149	1.8	315.0301	0	0.3893149	0	0.9211047	0.01898289	0.2198486	0.08694291	-122.5	10	315	
136.0923	COLLISION_NONE	NOT_SWITCH	 	 	-315.3178	1.8	315.0232	0	0.3911734	0	0.920317	0.03264427	0.1990662	0.08839762	-122.5	10	315	
136.1123	COLLISION_NONE	NOT_SWITCH	 	 	-315.2206	1.8	315.0163	0	0.3930206	0	0.9195297	0.02975178	0.2068176	0.09475577	-122.5	10	315	
136.1323	COLLISION_NONE	NOT_SWITCH	 	 	-315.1235	1.8	315.0094	0	0.3948565	0	0.9187428	0.01891899	0.212738	0.08775735	-122.5	10	315	
136.1523	COLLISION_NONE	NOT_SWITCH	 	 	-315.0264	1.8	315.0025	0	0.3966813	0	0.9179565	0.01848412	0.2190552	0.08002245	-122.5	10	315	
136.1723	COLLISION_NONE	NOT_SWITCH	 	 	-314.9292	1.8	314.9956	0	0.4002975	0	0.9163853	0.02214146	0.2160339	0.08364654	-122.5	10	315	
136.1923	COLLISION_NONE	NOT_SWITCH	 	 	-314.8321	1.8	314.9887	0	0.4020891	0	0.9156006	0.0252037	0.1980286	0.08196199	-122.5	10	315	
136.2123	COLLISION_NONE	NOT_SWITCH	 	 	-314.735	1.8	314.9818	0	0.4038699	0	0.9148165	0.01146317	0.1770935	0.09574831	-122.5	10	315	
136.2323	COLLISION_NONE	NOT_SWITCH	 	 	-314.6378	1.8	314.9749	0	0.4056398	0	0.9140331	-0.01641083	0.183197	0.1003699	-122.5	10	315	
136.2523	COLLISION_NONE	NOT_SWITCH	 	 	-314.5407	1.8	314.968	0	0.4073988	0	0.9132503	-0.03696251	0.176178	0.1130378	-122.5	10	315	
136.2723	COLLISION_NONE	NOT_SWITCH	 	 	-314.4435	1.8	314.9611	0	0.410885	0	0.9116873	-0.06986237	0.1447144	0.1046612	-122.5	10	315	
136.2923	COLLISION_NONE	NOT_SWITCH	 	 	-314.3464	1.8	314.9542	0	0.4126122	0	0.9109069	-0.06415558	0.1430359	0.08684123	-122.5	10	315	
136.3123	COLLISION_NONE	NOT_SWITCH	 	 	-314.2493	1.8	314.9473	0	0.4143288	0	0.9101273	-0.060606	0.129364	0.09169221	-122.5	10	315	
136.3323	COLLISION_NONE	NOT_SWITCH	 	 	-314.1521	1.8	314.9404	0	0.416035	0	0.9093486	-0.06723976	0.1228638	0.1033773	-122.5	10	315	
136.3523	COLLISION_NONE	NOT_SWITCH	 	 	-314.055	1.8	314.9335	0	0.4177308	0	0.9085708	-0.07360935	0.1304932	0.1099826	-122.5	10	315	
136.3723	COLLISION_NONE	NOT_SWITCH	 	 	-313.9579	1.8	314.9266	0	0.4210916	0	0.9070181	-0.06152916	0.09674072	0.09187341	-122.5	10	315	
136.3923	COLLISION_NONE	NOT_SWITCH	 	 	-313.8607	1.8	314.9197	0	0.4227566	0	0.9062433	-0.05749702	0.1047668	0.09773469	-122.5	10	315	
136.4123	COLLISION_NONE	NOT_SWITCH	 	 	-313.7636	1.8	314.9128	0	0.4244115	0	0.9054694	-0.06410027	0.0874939	0.1072083	-122.5	10	315	
136.4323	COLLISION_NONE	NOT_SWITCH	 	 	-313.6664	1.8	314.9059	0	0.4260564	0	0.9046966	-0.05749607	0.07672119	0.1044675	-122.5	10	315	
136.4523	COLLISION_NONE	NOT_SWITCH	 	 	-313.5693	1.8	314.899	0	0.4276913	0	0.9039249	-0.0546999	0.08636475	0.09259915	-122.5	10	315	
136.4723	COLLISION_NONE	NOT_SWITCH	 	 	-313.4722	1.8	314.8922	0	0.4309311	0	0.9023848	-0.05381107	0.1118774	0.09323108	-122.5	10	315	
136.4923	COLLISION_NONE	NOT_SWITCH	 	 	-313.375	1.8	314.8853	0	0.4325363	0	0.9016166	-0.05964279	0.113678	0.1144874	-122.5	10	315	
136.5123	COLLISION_NONE	NOT_SWITCH	 	 	-313.2779	1.8	314.8784	0	0.4341317	0	0.9008495	-0.05522633	0.1219482	0.1203789	-122.5	10	315	
136.5323	COLLISION_NONE	NOT_SWITCH	 	 	-313.1808	1.8	314.8715	0	0.4357174	0	0.9000835	-0.06231785	0.1182556	0.1247209	-122.5	10	315	
136.5524	COLLISION_NONE	NOT_SWITCH	 	 	-313.0836	1.8	314.8646	0	0.4372935	0	0.8993189	-0.05790424	0.1264954	0.1306183	-122.5	10	315	
136.5724	COLLISION_NONE	NOT_SWITCH	 	 	-312.9865	1.8	314.8577	0	0.4404169	0	0.8977934	-0.0476265	0.1127319	0.1314949	-122.5	10	315	
136.5924	COLLISION_NONE	NOT_SWITCH	 	 	-312.8893	1.8	314.8508	0	0.4419644	0	0.8970326	-0.02929974	0.1215515	0.1363821	-122.5	10	315	
136.6124	COLLISION_NONE	NOT_SWITCH	 	 	-312.7922	1.8	314.8439	0	0.4435025	0	0.8962732	-0.0405798	0.1236572	0.1297709	-122.5	10	315	
136.6324	COLLISION_NONE	NOT_SWITCH	 	 	-312.6951	1.8	314.837	0	0.4450312	0	0.895515	-0.03366566	0.1305237	0.121551	-122.5	10	315	
136.6524	COLLISION_NONE	NOT_SWITCH	 	 	-312.5979	1.8	314.8301	0	0.4465507	0	0.8947584	-0.03330803	0.141571	0.1237922	-122.5	10	315	
136.6724	COLLISION_NONE	NOT_SWITCH	 	 	-312.5008	1.8	314.8232	0	0.4495619	0	0.8932492	-0.000828743	0.1167297	0.1455792	-122.5	10	315	
136.6924	COLLISION_NONE	NOT_SWITCH	 	 	-312.4037	1.8	314.8163	0	0.4510538	0	0.8924968	-0.01177979	0.111969	0.1398163	-122.5	10	315	
136.7124	COLLISION_NONE	NOT_SWITCH	 	 	-312.3065	1.8	314.8094	0	0.4525367	0	0.8917459	-0.004429817	0.1023865	0.1474559	-122.5	10	315	
136.7324	COLLISION_NONE	NOT_SWITCH	 	 	-312.2094	1.8	314.8025	0	0.4540105	0	0.8909964	-0.002311707	0.1179504	0.1243929	-122.5	10	315	
136.7524	COLLISION_NONE	NOT_SWITCH	 	 	-312.1122	1.8	314.7956	0	0.4554754	0	0.8902484	-0.0009746552	0.1025085	0.1472107	-122.5	10	315	
136.7724	COLLISION_NONE	NOT_SWITCH	 	 	-312.0151	1.8	314.7887	0	0.4583786	0	0.8887571	0.001369476	0.08688354	0.1347309	-122.5	10	315	
136.7924	COLLISION_NONE	NOT_SWITCH	 	 	-311.918	1.8	314.7818	0	0.4598171	0	0.8880137	0.004283905	0.0791626	0.128358	-122.5	10	315	
136.8124	COLLISION_NONE	NOT_SWITCH	 	 	-311.8208	1.8	314.7749	0	0.4612467	0	0.8872719	-0.01302052	0.07189941	0.1373266	-122.5	10	315	
136.8324	COLLISION_NONE	NOT_SWITCH	 	 	-311.7237	1.8	314.768	0	0.4626677	0	0.8865318	-0.008859634	0.07977295	0.1397597	-122.5	10	315	
136.8524	COLLISION_NONE	NOT_SWITCH	 	 	-311.6266	1.8	314.7611	0	0.4654839	0	0.8850564	-0.005467415	0.09725952	0.1340141	-122.5	10	315	
136.8724	COLLISION_NONE	NOT_SWITCH	 	 	-311.5294	1.8	314.7542	0	0.4668792	0	0.8843211	-0.01297951	0.08914185	0.1283945	-122.5	10	315	
136.8924	COLLISION_NONE	NOT_SWITCH	 	 	-311.4323	1.8	314.7473	0	0.468266	0	0.8835875	-0.01383877	0.06716919	0.1273489	-122.5	10	315	
136.9124	COLLISION_NONE	NOT_SWITCH	 	 	-311.3351	1.8	314.7404	0	0.4696445	0	0.8828557	0.01133156	0.06561279	0.1329476	-122.5	10	315	
136.9324	COLLISION_NONE	NOT_SWITCH	 	 	-311.238	1.8	314.7335	0	0.4710146	0	0.8821255	0.02478886	0.07247925	0.124204	-122.5	10	315	
136.9524	COLLISION_NONE	NOT_SWITCH	 	 	-311.1409	1.8	314.7266	0	0.4737299	0	0.8806702	0.01753235	0.08920288	0.1157409	-122.5	10	315	
136.9724	COLLISION_NONE	NOT_SWITCH	 	 	-311.0437	1.8	314.7197	0	0.4750752	0	0.8799452	0.01996803	0.05978394	0.1083449	-122.5	10	315	
136.9924	COLLISION_NONE	NOT_SWITCH	 	 	-310.9466	1.8	314.7128	0	0.4764124	0	0.879222	0.02325916	0.06665039	0.1038128	-122.5	10	315	
137.0125	COLLISION_NONE	NOT_SWITCH	 	 	-310.8495	1.8	314.7059	0	0.4777415	0	0.8785005	0.02372837	0.06387329	0.1111485	-122.5	10	315	
137.0325	COLLISION_NONE	NOT_SWITCH	 	 	-310.7523	1.8	314.699	0	0.4790626	0	0.8777808	0.02497196	0.06225586	0.12887	-122.5	10	315	
137.0525	COLLISION_NONE	NOT_SWITCH	 	 	-310.6552	1.8	314.6921	0	0.4816808	0	0.8763468	0.03354359	0.04928589	0.1050844	-122.5	10	315	
137.0725	COLLISION_NONE	NOT_SWITCH	 	 	-310.558	1.8	314.6852	0	0.482978	0	0.8756325	0.02276325	0.04141235	0.1031913	-122.5	10	315	
137.0925	COLLISION_NONE	NOT_SWITCH	 	 	-310.4609	1.8	314.6783	0	0.4842674	0	0.8749201	0.01281548	0.06268311	0.1049763	-122.5	10	315	
137.1125	COLLISION_NONE	NOT_SWITCH	 	 	-310.3638	1.8	314.6714	0	0.485549	0	0.8742095	0.01291752	0.04885864	0.1100683	-122.5	10	315	
137.1325	COLLISION_NONE	NOT_SWITCH	 	 	-310.2666	1.8	314.6646	0	0.4868228	0	0.8735008	0.02669907	0.06323242	0.103967	-122.5	10	315	
137.1525	COLLISION_NONE	NOT_SWITCH	 	 	-310.1695	1.8	314.6577	0	0.4893475	0	0.872089	0.014781	0.06048584	0.0839442	-122.5	10	315	
137.1725	COLLISION_NONE	NOT_SWITCH	 	 	-310.0724	1.8	314.6508	0	0.4905984	0	0.8713858	0.0163641	0.06991577	0.1039108	-122.5	10	315	
137.1925	COLLISION_NONE	NOT_SWITCH	 	 	-309.9752	1.8	314.6439	0	0.4918418	0	0.8706846	0.0007658005	0.06005859	0.08838558	-122.5	10	315	
137.2125	COLLISION_NONE	NOT_SWITCH	 	 	-309.8839	1.8	314.6374	0	0.4930776	0	0.8699853	-0.0212822	0.06442261	0.0717603	-122.5	10	315	
137.2325	COLLISION_NONE	NOT_SWITCH	 	 	-309.8058	1.8	314.6318	0	0.494306	0	0.869288	-0.02070045	0.07226563	0.0778805	-122.5	10	315	
137.2525	COLLISION_NONE	NOT_SWITCH	 	 	-309.756	1.8	314.6283	0	0.4967406	0	0.8678991	-0.04365921	0.07376099	0.1038626	-122.5	10	315	
137.2725	COLLISION_NONE	NOT_SWITCH	 	 	-309.8116	1.8	314.6322	0	0.4979469	0	0.8672076	-0.04060555	0.05575562	0.1021858	-122.5	10	315	
137.2925	COLLISION_NONE	NOT_SWITCH	 	 	-309.9129	1.8	314.6394	0	0.499146	0	0.866518	-0.03833485	0.05749512	0.08420396	-122.5	10	315	
137.3125	COLLISION_NONE	NOT_SWITCH	 	 	-310.0123	1.8	314.6464	0	0.5003378	0	0.8658304	-0.03184414	0.06411743	0.0759567	-122.5	10	315	
137.3325	COLLISION_NONE	NOT_SWITCH	 	 	-310.1096	1.8	314.6533	0	0.5026999	0	0.864461	-0.02733898	0.0413208	0.09587538	-122.5	10	315	
137.3525	COLLISION_NONE	NOT_SWITCH	 	 	-310.207	1.8	314.6602	0	0.5038703	0	0.8637794	-0.0124836	0.05001831	0.1010073	-122.5	10	315	
137.3725	COLLISION_NONE	NOT_SWITCH	 	 	-310.3043	1.8	314.6671	0	0.5050337	0	0.8630997	-0.008635521	0.03674316	0.1093066	-122.5	10	315	
137.3925	COLLISION_NONE	NOT_SWITCH	 	 	-310.4017	1.8	314.674	0	0.50619	0	0.862422	-0.00449276	0.03091431	0.1202646	-122.5	10	315	
137.4125	COLLISION_NONE	NOT_SWITCH	 	 	-310.499	1.8	314.6809	0	0.5073394	0	0.8617464	-0.04329205	0.0322876	0.1191522	-122.5	10	315	
137.4325	COLLISION_NONE	NOT_SWITCH	 	 	-310.5964	1.8	314.6878	0	0.5096175	0	0.8604011	-0.04868889	0.03787231	0.1400365	-122.5	10	315	
137.4525	COLLISION_NONE	NOT_SWITCH	 	 	-310.6937	1.8	314.6947	0	0.5107463	0	0.8597316	-0.04491425	0.04553223	0.1424253	-122.5	10	315	
137.4725	COLLISION_NONE	NOT_SWITCH	 	 	-310.7911	1.8	314.7016	0	0.5118682	0	0.8590639	-0.04083729	0.05709839	0.1478772	-122.5	10	315	
137.4926	COLLISION_NONE	NOT_SWITCH	 	 	-310.8884	1.8	314.7085	0	0.5129836	0	0.8583985	-0.03800201	0.03869629	0.1427356	-122.5	10	315	
137.5126	COLLISION_NONE	NOT_SWITCH	 	 	-310.9858	1.8	314.7154	0	0.5140921	0	0.857735	-0.02098274	0.03189087	0.1388254	-122.5	10	315	
137.5326	COLLISION_NONE	NOT_SWITCH	 	 	-311.0831	1.8	314.7223	0	0.5162894	0	0.8564143	-0.01505184	0.03060913	0.1244656	-122.5	10	315	
137.5526	COLLISION_NONE	NOT_SWITCH	 	 	-311.1805	1.8	314.7292	0	0.5173781	0	0.8557569	-0.02510929	0.01678467	0.1337795	-122.5	10	315	
137.5726	COLLISION_NONE	NOT_SWITCH	 	 	-311.2778	1.8	314.7361	0	0.5184603	0	0.8551018	-0.03439045	0.02856445	0.1471696	-122.5	10	315	
137.5926	COLLISION_NONE	NOT_SWITCH	 	 	-311.3752	1.8	314.743	0	0.519536	0	0.8544486	-0.04855061	0.01391602	0.1532575	-122.5	10	315	
137.6126	COLLISION_NONE	NOT_SWITCH	 	 	-311.4725	1.8	314.7499	0	0.5206052	0	0.8537976	-0.05070591	0.02282715	0.1700128	-122.5	10	315	
137.6326	COLLISION_NONE	NOT_SWITCH	 	 	-311.5699	1.8	314.7568	0	0.5227246	0	0.8525017	-0.05611038	0.03024292	0.141331	-122.5	10	315	
137.6526	COLLISION_NONE	NOT_SWITCH	 	 	-311.6672	1.8	314.7637	0	0.5237747	0	0.8518569	-0.06263542	0.02008057	0.1499901	-122.5	10	315	
137.6726	COLLISION_NONE	NOT_SWITCH	 	 	-311.7646	1.8	314.7706	0	0.5248185	0	0.8512142	-0.05638599	0.02630615	0.1382749	-122.5	10	315	
137.6926	COLLISION_NONE	NOT_SWITCH	 	 	-311.8619	1.8	314.7775	0	0.5258561	0	0.8505735	-0.05230522	0.03787231	0.1437238	-122.5	10	315	
137.7126	COLLISION_NONE	NOT_SWITCH	 	 	-311.9593	1.8	314.7844	0	0.5268876	0	0.8499351	-0.04875278	0.02062988	0.1489786	-122.5	10	315	
137.7326	COLLISION_NONE	NOT_SWITCH	 	 	-312.0566	1.8	314.7913	0	0.528932	0	0.8486643	-0.04326248	0.03756714	0.1679045	-122.5	10	315	
137.7526	COLLISION_NONE	NOT_SWITCH	 	 	-312.154	1.8	314.7982	0	0.529945	0	0.8480321	-0.06500816	0.03216553	0.1628735	-122.5	10	315	
137.7726	COLLISION_NONE	NOT_SWITCH	 	 	-312.2513	1.8	314.8051	0	0.530952	0	0.847402	-0.06120682	0.03979492	0.1652635	-122.5	10	315	
137.7926	COLLISION_NONE	NOT_SWITCH	 	 	-312.3487	1.8	314.812	0	0.5319529	0	0.846774	-0.05739212	0.05096436	0.1672553	-122.5	10	315	
137.8126	COLLISION_NONE	NOT_SWITCH	 	 	-312.446	1.8	314.8188	0	0.5329479	0	0.8461481	-0.06686974	0.04501343	0.1826818	-122.5	10	315	
137.8326	COLLISION_NONE	NOT_SWITCH	 	 	-312.5434	1.8	314.8257	0	0.53492	0	0.8449028	-0.03543568	0.02163696	0.1832877	-122.5	10	315	
137.8526	COLLISION_NONE	NOT_SWITCH	 	 	-312.6407	1.8	314.8326	0	0.5358973	0	0.8442832	-0.04588127	0.003997803	0.1929857	-122.5	10	315	
137.8726	COLLISION_NONE	NOT_SWITCH	 	 	-312.7381	1.8	314.8395	0	0.5368688	0	0.8436658	-0.05609989	-0.003143311	0.198028	-122.5	10	315	
137.8926	COLLISION_NONE	NOT_SWITCH	 	 	-312.8354	1.8	314.8464	0	0.5378344	0	0.8430506	-0.04693985	-0.001098633	0.1795379	-122.5	10	315	
137.9126	COLLISION_NONE	NOT_SWITCH	 	 	-312.9328	1.8	314.8533	0	0.5397484	0	0.8418264	-0.06609154	-0.01821899	0.1651033	-122.5	10	315	
137.9326	COLLISION_NONE	NOT_SWITCH	 	 	-313.0302	1.8	314.8602	0	0.5406969	0	0.8412175	-0.05881691	-0.006896973	0.166834	-122.5	10	315	
137.9527	COLLISION_NONE	NOT_SWITCH	 	 	-313.1275	1.8	314.8671	0	0.5416397	0	0.8406107	-0.08033943	-0.001800537	0.1571529	-122.5	10	315	
137.9727	COLLISION_NONE	NOT_SWITCH	 	 	-313.2249	1.8	314.874	0	0.542577	0	0.8400061	-0.07405472	-0.02005005	0.151758	-122.5	10	315	
137.9927	COLLISION_NONE	NOT_SWITCH	 	 	-313.3222	1.8	314.8809	0	0.5435086	0	0.8394036	-0.07112312	-0.027771	0.1453841	-122.5	10	315	
138.0127	COLLISION_NONE	NOT_SWITCH	 	 	-313.4196	1.8	314.8878	0	0.5453553	0	0.838205	-0.08876324	-0.01452637	0.1449995	-122.5	10	315	
138.0327	COLLISION_NONE	NOT_SWITCH	 	 	-313.5169	1.8	314.8947	0	0.5462704	0	0.8376089	-0.08509064	-0.01754761	0.1486194	-122.5	10	315	
138.0527	COLLISION_NONE	NOT_SWITCH	 	 	-313.6143	1.8	314.9016	0	0.5471801	0	0.837015	-0.09181309	-0.02099609	0.1530035	-122.5	10	315	
138.0727	COLLISION_NONE	NOT_SWITCH	 	 	-313.7116	1.8	314.9085	0	0.5480844	0	0.8364231	-0.08433247	-0.01641846	0.1590184	-122.5	10	315	
138.0927	COLLISION_NONE	NOT_SWITCH	 	 	-313.809	1.8	314.9154	0	0.5489833	0	0.8358334	-0.07702446	-0.03311157	0.1674775	-122.5	10	315	
138.1127	COLLISION_NONE	NOT_SWITCH	 	 	-313.9063	1.8	314.9223	0	0.5507651	0	0.8346604	-0.07851315	-0.02352905	0.1877187	-122.5	10	315	
138.1327	COLLISION_NONE	NOT_SWITCH	 	 	-314.0037	1.8	314.9292	0	0.5516481	0	0.8340771	-0.07125378	-0.01577759	0.1898576	-122.5	10	315	
138.1527	COLLISION_NONE	NOT_SWITCH	 	 	-314.101	1.8	314.9361	0	0.5525258	0	0.8334957	-0.06754875	-0.01879883	0.1934752	-122.5	10	315	
138.1727	COLLISION_NONE	NOT_SWITCH	 	 	-314.1984	1.8	314.943	0	0.5533984	0	0.8329167	-0.06748199	-0.008117676	0.1922467	-122.5	10	315	
138.1927	COLLISION_NONE	NOT_SWITCH	 	 	-315	1.8	315	0	0.7071068	0	0.7071068	-0.07673264	-0.02081299	0.211965	-122.5	10	315	
138.2127	COLLISION_NONE	NOT_SWITCH	 	 	-315.075	1.8	315.0053	0	0.7071068	0	0.7071068	-0.07318497	-0.01000977	0.2104832	-122.5	10	315	
138.2327	COLLISION_NONE	NOT_SWITCH	 	 	-315.1277	1.8	315.009	0	0.7071068	0	0.7071068	-0.0774498	-0.01843262	0.2011647	-122.5	10	315	
138.2527	COLLISION_NONE	NOT_SWITCH	 	 	-315.1357	1.8	315.0096	0	0.7071068	0	0.7071068	-0.0774498	-0.01843262	0.2011647	-122.5	10	315	
138.2727	COLLISION_NONE	NOT_SWITCH	 	 	-315.1437	1.8	315.0102	0	0.7071068	0	0.7071068	-0.08025551	-0.03820801	0.2211713	-122.5	10	315	
138.2927	COLLISION_NONE	NOT_SWITCH	 	 	-315.1437	1.8	315.0102	0	0.7071068	0	0.7071068	-0.08097553	-0.03579712	0.2103648	-122.5	10	315	
138.3127	COLLISION_NONE	NOT_SWITCH	 	 	-315.1437	1.8	315.0102	0	0.7071068	0	0.7071068	-0.0842495	-0.04266357	0.2149056	-122.5	10	315	
138.3327	COLLISION_NONE	NOT_SWITCH	 	 	-315.1437	1.8	315.0102	0	0.7071068	0	0.7071068	-0.06451988	-0.04037476	0.1922104	-122.5	10	315	
138.3527	COLLISION_NONE	NOT_SWITCH	 	 	-315.1437	1.8	315.0102	0	0.7071068	0	0.7071068	-0.07771778	-0.06051636	0.2129692	-122.5	10	315	
138.3727	COLLISION_NONE	NOT_SWITCH	 	 	-315.1437	1.8	315.0102	0	0.7071068	0	0.7071068	-0.07771778	-0.06051636	0.2129692	-122.5	10	315	
138.3927	COLLISION_NONE	NOT_SWITCH	 	 	-315.1437	1.8	315.0102	0	0.7071068	0	0.7071068	-0.07831478	-0.07199097	0.2072772	-122.5	10	315	
138.4128	COLLISION_NONE	NOT_SWITCH	 	 	-315.1437	1.8	315.0102	0	0.7071068	0	0.7071068	-0.07473373	-0.06118774	0.2057924	-122.5	10	315	
138.4328	COLLISION_NONE	NOT_SWITCH	 	 	-315.1437	1.8	315.0102	0	0.7071068	0	0.7071068	-0.0498867	-0.08392334	0.2172498	-122.5	10	315	
138.4528	COLLISION_NONE	NOT_SWITCH	 	 	-315.1437	1.8	315.0102	0	0.7071068	0	0.7071068	-0.05771542	-0.06799316	0.2018687	-122.5	10	315	
138.4728	COLLISION_NONE	NOT_SWITCH	 	 	-315.1437	1.8	315.0102	0	0.7071068	0	0.7071068	-0.05083084	-0.06109619	0.1936318	-122.5	10	315	
138.4928	COLLISION_NONE	NOT_SWITCH	 	 	-315.1437	1.8	315.0102	0	0.7071068	0	0.7071068	-0.05083084	-0.06109619	0.1936318	-122.5	10	315	
138.5128	COLLISION_NONE	NOT_SWITCH	 	 	-315.1437	1.8	315.0102	0	0.7071068	0	0.7071068	-0.0685339	-0.05496216	0.1940742	-122.5	10	315	
138.5328	COLLISION_NONE	NOT_SWITCH	 	 	-315.1437	1.8	315.0102	0	0.7071068	0	0.7071068	-0.07523346	-0.06195068	0.1988583	-122.5	10	315	
138.5528	COLLISION_NONE	NOT_SWITCH	 	 	-315.1437	1.8	315.0102	0	0.7071068	0	0.7071068	-0.08177853	-0.04052734	0.2003856	-122.5	10	315	
138.5728	COLLISION_NONE	NOT_SWITCH	 	 	-315.1437	1.8	315.0102	0	0.7071068	0	0.7071068	-0.08502388	-0.0473938	0.2049229	-122.5	10	315	
138.5928	COLLISION_NONE	NOT_SWITCH	 	 	-315.1437	1.8	315.0102	0	0.7071068	0	0.7071068	-0.08591366	-0.0592041	0.1957593	-122.5	10	315	
138.6128	COLLISION_NONE	NOT_SWITCH	 	 	-315.1437	1.8	315.0102	0	0.7071068	0	0.7071068	-0.08591366	-0.0592041	0.1957593	-122.5	10	315	
138.6328	COLLISION_NONE	NOT_SWITCH	 	 	-315.1437	1.8	315.0102	0	0.7071068	0	0.7071068	-0.0785265	-0.06524658	0.2029943	-122.5	10	315	
138.6528	COLLISION_NONE	NOT_SWITCH	 	 	-315.1437	1.8	315.0102	0	0.7071068	0	0.7071068	-0.07137394	-0.07171631	0.2067659	-122.5	10	315	
138.6728	COLLISION_NONE	NOT_SWITCH	 	 	-315.1437	1.8	315.0102	0	0.7071068	0	0.7071068	-0.06775761	-0.08535767	0.2115986	-122.5	10	315	
138.6928	COLLISION_NONE	NOT_SWITCH	 	 	-315.1437	1.8	315.0102	0	0.7071068	0	0.7071068	-0.05673027	-0.05630493	0.2075989	-122.5	10	315	
138.7128	COLLISION_NONE	NOT_SWITCH	 	 	-315.1437	1.8	315.0102	0	0.7071068	0	0.7071068	-0.05673027	-0.05630493	0.2075989	-122.5	10	315	
138.7328	COLLISION_NONE	NOT_SWITCH	 	 	-315.1437	1.8	315.0102	0	0.7071068	0	0.7071068	-0.06478405	-0.05444336	0.1972799	-122.5	10	315	
138.7528	COLLISION_NONE	NOT_SWITCH	 	 	-315.1437	1.8	315.0102	0	0.7071068	0	0.7071068	-0.045187	-0.02999878	0.2109271	-122.5	10	315	
138.7728	COLLISION_NONE	NOT_SWITCH	 	 	-315.1437	1.8	315.0102	0	0.7071068	0	0.7071068	-0.05497932	-0.02908325	0.2255142	-122.5	10	315	
138.7928	COLLISION_NONE	NOT_SWITCH	 	 	-315.1437	1.8	315.0102	0	0.7071068	0	0.7071068	-0.05497932	-0.02908325	0.2255142	-122.5	10	315	
138.8128	COLLISION_NONE	NOT_SWITCH	 	 	-315.1437	1.8	315.0102	0	0.7071068	0	0.7071068	-0.03556156	-0.03427124	0.2001715	-122.5	10	315	
138.8328	COLLISION_NONE	NOT_SWITCH	 	 	-315.1437	1.8	315.0102	0	0.7071068	0	0.7071068	-0.03172398	-0.05111694	0.2088801	-122.5	10	315	
138.8528	COLLISION_NONE	NOT_SWITCH	 	 	-315.1437	1.8	315.0102	0	0.7071068	0	0.7071068	-0.02625656	-0.04608154	0.1867785	-122.5	10	315	
138.8728	COLLISION_NONE	NOT_SWITCH	 	 	-315.1437	1.8	315.0102	0	0.7071068	0	0.7071068	-0.03495121	-0.0592041	0.1711627	-122.5	10	315	
138.8929	COLLISION_NONE	NOT_SWITCH	 	 	-315.1437	1.8	315.0102	0	0.7071068	0	0.7071068	-0.01660538	-0.050354	0.1760153	-122.5	10	315	
138.9129	COLLISION_NONE	NOT_SWITCH	 	 	-315.1437	1.8	315.0102	0	0.7071068	0	0.7071068	-0.01660538	-0.050354	0.1760153	-122.5	10	315	
138.9329	COLLISION_NONE	NOT_SWITCH	 	 	-315.1437	1.8	315.0102	0	0.7071068	0	0.7071068	-0.0273428	-0.06838989	0.1822606	-122.5	10	315	
138.9529	COLLISION_NONE	NOT_SWITCH	 	 	-315.1437	1.8	315.0102	0	0.7071068	0	0.7071068	-0.01957893	-0.0461731	0.1827993	-122.5	10	315	
138.9729	COLLISION_NONE	NOT_SWITCH	 	 	-315.1437	1.8	315.0102	0	0.7071068	0	0.7071068	-0.01472759	-0.06503296	0.2057672	-122.5	10	315	
138.9929	COLLISION_NONE	NOT_SWITCH	 	 	-315.1437	1.8	315.0102	0	0.7071068	0	0.7071068	-0.01472759	-0.06503296	0.2057672	-122.5	10	315	
139.0129	COLLISION_NONE	NOT_SWITCH	 	 	-315.1437	1.8	315.0102	0	0.7071068	0	0.7071068	-0.0240202	-0.04968262	0.2187612	-122.5	10	315	
139.0329	COLLISION_NONE	NOT_SWITCH	 	 	-315.1437	1.8	315.0102	0	0.7071068	0	0.