#Surfing Trial Path#
#TimeStamp#	#Collision Event#	#Mode Switch Event#	#Reset Event#	#Waypoint Event#	#PositionX#	#PositionY#	#PositionZ#	#OrientationX#	#OrientationY#	#OrientationZ#	#OrientationW#	#HeadOrientationX#	#HeadOrientationY#	#HeadOrientationZ#	#WayPointX#	#WayPointY#	#WayPointZ#	
129.1108	COLLISION_NONE	CORRECT_SWITCH	 	 	-309.2247	1.7216	-333.9689	0	0	0	1	0.05381966	0.2528992	-0.02501404	-315	1.107689	-333.9689	
129.1308	COLLISION_NONE	NOT_SWITCH	 	 	-309.9303	1.78432	-333.7191	0	0	0	1	0.05381966	0.2528992	-0.02501404	-315	1.110123	-333.7191	
129.1508	COLLISION_NONE	NOT_SWITCH	 	 	-310.6642	1.796864	-333.4593	0	0	0	1	0.06836987	0.2541199	-0.02251554	-315	1.112663	-333.4593	
129.1708	COLLISION_NONE	NOT_SWITCH	 	 	-311.0179	1.799373	-333.2322	0	0	0	1	0.06836987	0.2541199	-0.02251554	-315	1.114888	-333.2322	
129.1908	COLLISION_NONE	NOT_SWITCH	 	 	-311.3727	1.799875	-333.0045	0	0	0	1	0.08708858	0.2376404	-0.05008483	-315	1.117125	-333.0045	
129.2108	COLLISION_NONE	NOT_SWITCH	 	 	-311.51	1.799975	-332.8617	0	0	0	1	0.09895992	0.2469482	-0.03774881	-315	1.118532	-332.8617	
129.2308	COLLISION_NONE	NOT_SWITCH	 	 	-311.4602	1.799995	-332.7036	0	0	0	1	0.09826469	0.2493286	-0.04854929	-315	1.120092	-332.7036	
129.2508	COLLISION_NONE	NOT_SWITCH	 	 	-311.5625	1.799999	-332.5373	0	0	0	1	0.09376431	0.2339783	-0.05363917	-315	1.121735	-332.5373	
129.2708	COLLISION_NONE	NOT_SWITCH	 	 	-311.5334	1.8	-332.3777	0	0	0	1	0.1077185	0.2171326	-0.04912734	-315	1.123314	-332.3777	
129.2908	COLLISION_NONE	NOT_SWITCH	 	 	-311.6226	1.8	-332.2074	0	0	0	1	0.1077185	0.2171326	-0.04912734	-315	1.125005	-332.2074	
129.3108	COLLISION_NONE	NOT_SWITCH	 	 	-311.7117	1.8	-332.037	0	0	0	1	0.0970726	0.2163391	-0.05185163	-315	1.126698	-332.037	
129.3308	COLLISION_NONE	NOT_SWITCH	 	 	-311.6907	1.8	-331.8837	0	0	0	1	0.1083326	0.2387085	-0.05153656	-315	1.128225	-331.8837	
129.3508	COLLISION_NONE	NOT_SWITCH	 	 	-311.7717	1.8	-331.7126	0	0	0	1	0.1049833	0.228302	-0.04660285	-315	1.129933	-331.7126	
129.3708	COLLISION_NONE	NOT_SWITCH	 	 	-311.7566	1.8	-331.5623	0	0	0	1	0.106163	0.223114	-0.02846944	-315	1.131435	-331.5623	
129.3908	COLLISION_NONE	NOT_SWITCH	 	 	-311.832	1.8	-331.3917	0	0	0	1	0.1194563	0.2367249	-0.04147816	-315	1.133143	-331.3917	
129.4108	COLLISION_NONE	NOT_SWITCH	 	 	-311.8207	1.8	-331.2447	0	0	0	1	0.1194563	0.2367249	-0.04147816	-315	1.134619	-331.2447	
129.4308	COLLISION_NONE	NOT_SWITCH	 	 	-311.8094	1.8	-331.0977	0	0	0	1	0.1163578	0.2267151	-0.03308439	-315	1.136097	-331.0977	
129.4508	COLLISION_NONE	NOT_SWITCH	 	 	-311.8807	1.8	-330.9315	0	0	0	1	0.1285305	0.2245789	-0.0583322	-315	1.137769	-330.9315	
129.4708	COLLISION_NONE	NOT_SWITCH	 	 	-311.8723	1.8	-330.7879	0	0	0	1	0.1271114	0.2381592	-0.0315758	-315	1.139219	-330.7879	
129.4908	COLLISION_NONE	NOT_SWITCH	 	 	-311.9402	1.8	-330.6233	0	0	0	1	0.1144085	0.2324524	-0.01245868	-315	1.140882	-330.6233	
129.5108	COLLISION_NONE	NOT_SWITCH	 	 	-311.9339	1.8	-330.483	0	0	0	1	0.1145725	0.2502136	-0.01448679	-315	1.142302	-330.483	
129.5309	COLLISION_NONE	NOT_SWITCH	 	 	-311.9989	1.8	-330.3203	0	0	0	1	0.1145725	0.2502136	-0.01448679	-315	1.143953	-330.3203	
129.5509	COLLISION_NONE	NOT_SWITCH	 	 	-312.0638	1.8	-330.1575	0	0	0	1	0.1034346	0.2486267	-0.02413917	-315	1.145607	-330.1575	
129.5709	COLLISION_NONE	NOT_SWITCH	 	 	-312.0579	1.8	-330.0241	0	0	0	1	0.08828068	0.2359924	-0.03234673	-315	1.146965	-330.0241	
129.5909	COLLISION_NONE	NOT_SWITCH	 	 	-312.1203	1.8	-329.8631	0	0	0	1	0.07340527	0.2338867	-0.04521489	-315	1.148606	-329.8631	
129.6109	COLLISION_NONE	NOT_SWITCH	 	 	-312.1157	1.8	-329.7331	0	0	0	1	0.07433605	0.2283325	-0.03054655	-315	1.149935	-329.7331	
129.6309	COLLISION_NONE	NOT_SWITCH	 	 	-312.1759	1.8	-329.574	0	0	0	1	0.1029882	0.2304688	-0.0255667	-315	1.151562	-329.574	
129.6509	COLLISION_NONE	NOT_SWITCH	 	 	-312.1724	1.8	-329.4472	0	0	0	1	0.1029882	0.2304688	-0.0255667	-315	1.152861	-329.4472	
129.6709	COLLISION_NONE	NOT_SWITCH	 	 	-312.1688	1.8	-329.3205	0	0	0	1	0.08801651	0.2320557	-0.03540838	-315	1.154162	-329.3205	
129.6909	COLLISION_NONE	NOT_SWITCH	 	 	-312.2271	1.8	-329.166	0	0	0	1	0.07388401	0.2210083	-0.02976811	-315	1.155751	-329.166	
129.7109	COLLISION_NONE	NOT_SWITCH	 	 	-312.2244	1.8	-329.0424	0	0	0	1	0.07651138	0.2092896	-0.03918183	-315	1.157023	-329.0424	
129.7309	COLLISION_NONE	NOT_SWITCH	 	 	-312.2808	1.8	-328.8898	0	0	0	1	0.06259918	0.2087708	-0.0381937	-315	1.158597	-328.8898	
129.7509	COLLISION_NONE	NOT_SWITCH	 	 	-312.2788	1.8	-328.7695	0	0	0	1	0.06469917	0.2172241	-0.06044507	-315	1.15984	-328.7695	
129.7709	COLLISION_NONE	NOT_SWITCH	 	 	-312.3337	1.8	-328.6188	0	0	0	1	0.06469917	0.2172241	-0.06044507	-315	1.161399	-328.6188	
129.7909	COLLISION_NONE	NOT_SWITCH	 	 	-312.3885	1.8	-328.468	0	0	0	1	0.05401802	0.2062988	-0.0550468	-315	1.162962	-328.468	
129.8109	COLLISION_NONE	NOT_SWITCH	 	 	-312.386	1.8	-328.3541	0	0	0	1	0.05395126	0.1991882	-0.05422878	-315	1.164145	-328.3541	
129.8309	COLLISION_NONE	NOT_SWITCH	 	 	-312.4393	1.8	-328.2052	0	0	0	1	0.02332401	0.2373962	-0.05302274	-315	1.165693	-328.2052	
129.8509	COLLISION_NONE	NOT_SWITCH	 	 	-312.4373	1.8	-328.0943	0	0	0	1	0.02658463	0.216217	-0.05081701	-315	1.166847	-328.0943	
129.8709	COLLISION_NONE	NOT_SWITCH	 	 	-312.4892	1.8	-327.9472	0	0	0	1	0.02658463	0.216217	-0.05081701	-315	1.168382	-327.9472	
129.8909	COLLISION_NONE	NOT_SWITCH	 	 	-312.541	1.8	-327.8001	0	0	0	1	0.02224445	0.2251892	-0.06565511	-315	1.169919	-327.8001	
129.9109	COLLISION_NONE	NOT_SWITCH	 	 	-312.5385	1.8	-327.6954	0	0	0	1	0.02523327	0.2245483	-0.07283425	-315	1.171014	-327.6954	
129.9309	COLLISION_NONE	NOT_SWITCH	 	 	-312.5889	1.8	-327.55	0	0	0	1	0.03356934	0.2445068	-0.05804336	-315	1.172538	-327.55	
129.9509	COLLISION_NONE	NOT_SWITCH	 	 	-312.5868	1.8	-327.4484	0	0	0	1	0.03567886	0.2285156	-0.07398391	-315	1.173604	-327.4484	
129.9709	COLLISION_NONE	NOT_SWITCH	 	 	-312.636	1.8	-327.3046	0	0	0	1	0.04212284	0.2280273	-0.08140755	-315	1.175115	-327.3046	
129.991	COLLISION_NONE	NOT_SWITCH	 	 	-312.6341	1.8	-327.206	0	0	0	1	0.04212284	0.2280273	-0.08140755	-315	1.176153	-327.206	
130.011	COLLISION_NONE	NOT_SWITCH	 	 	-312.6323	1.8	-327.1074	0	0	0	1	0.05694485	0.2331543	-0.07584667	-315	1.177192	-327.1074	
130.031	COLLISION_NONE	NOT_SWITCH	 	 	-312.6803	1.8	-326.9673	0	0	0	1	0.06002235	0.2431946	-0.0842495	-315	1.17867	-326.9673	
130.051	COLLISION_NONE	NOT_SWITCH	 	 	-312.6787	1.8	-326.8716	0	0	0	1	0.0570612	0.2438049	-0.07706904	-315	1.179681	-326.8716	
130.071	COLLISION_NONE	NOT_SWITCH	 	 	-312.7256	1.8	-326.7331	0	0	0	1	0.0753355	0.2490845	-0.07175243	-315	1.181146	-326.7331	
130.091	COLLISION_NONE	NOT_SWITCH	 	 	-312.7242	1.8	-326.6403	0	0	0	1	0.07884026	0.2528076	-0.07241225	-315	1.182129	-326.6403	
130.111	COLLISION_NONE	NOT_SWITCH	 	 	-312.7701	1.8	-326.5034	0	0	0	1	0.07839394	0.2555542	-0.07974231	-315	1.183582	-326.5034	
130.131	COLLISION_NONE	NOT_SWITCH	 	 	-312.7689	1.8	-326.4135	0	0	0	1	0.06474686	0.2452698	-0.06717479	-315	1.184537	-326.4135	
130.151	COLLISION_NONE	NOT_SWITCH	 	 	-312.8138	1.8	-326.278	0	0	0	1	0.06877422	0.2633972	-0.0694207	-315	1.185978	-326.278	
130.171	COLLISION_NONE	NOT_SWITCH	 	 	-312.8127	1.8	-326.1909	0	0	0	1	0.05775642	0.2414246	-0.06626928	-315	1.186906	-326.1909	
130.191	COLLISION_NONE	NOT_SWITCH	 	 	-312.8566	1.8	-326.057	0	0	0	1	0.06083298	0.2514648	-0.07467127	-315	1.188334	-326.057	
130.211	COLLISION_NONE	NOT_SWITCH	 	 	-312.8106	1.8	-326.0223	0	0	0	1	0.06364059	0.2640991	-0.0938369	-315	1.188704	-326.0223	
130.231	COLLISION_NONE	NOT_SWITCH	 	 	-312.8833	1.8	-325.8718	0	0	0	1	0.06373787	0.2538452	-0.08914697	-315	1.190313	-325.8718	
130.251	COLLISION_NONE	NOT_SWITCH	 	 	-312.8608	1.8	-325.8223	0	0	0	1	0.07857323	0.2488403	-0.07546711	-315	1.190842	-325.8223	
130.271	COLLISION_NONE	NOT_SWITCH	 	 	-312.9214	1.8	-325.6674	0	0	0	1	0.09863758	0.2449951	-0.0869416	-315	1.192501	-325.6674	
130.291	COLLISION_NONE	NOT_SWITCH	 	 	-312.8293	1.8	-325.7251	0	0	0	1	0.09856796	0.2378845	-0.08612943	-315	1.191883	-325.7251	
130.311	COLLISION_NONE	NOT_SWITCH	 	 	-312.8784	1.8	-325.6265	0	0	0	1	0.1033916	0.2607117	-0.07838213	-315	1.192941	-325.6265	
130.331	COLLISION_NONE	NOT_SWITCH	 	 	-312.8722	1.8	-325.5201	0	0	0	1	0.1032934	0.2536316	-0.07757258	-315	1.194082	-325.5201	
130.351	COLLISION_NONE	NOT_SWITCH	 	 	-312.9181	1.8	-325.4222	0	0	0	1	0.08637238	0.2609253	-0.06678796	-315	1.195135	-325.4222	
130.371	COLLISION_NONE	NOT_SWITCH	 	 	-312.9141	1.8	-325.3179	0	0	0	1	0.08715248	0.244751	-0.05089784	-315	1.196258	-325.3179	
130.391	COLLISION_NONE	NOT_SWITCH	 	 	-313.0049	1.8	-325.2285	0	0	0	1	0.07668972	0.2371826	-0.04933441	-315	1.19722	-325.2285	
130.411	COLLISION_NONE	NOT_SWITCH	 	 	-312.9722	1.8	-325.1545	0	0	0	1	0.06727123	0.2418823	-0.03514242	-315	1.198019	-325.1545	
130.431	COLLISION_NONE	NOT_SWITCH	 	 	-313.0345	1.8	-325.0448	0	0	0	1	0.05276775	0.2442322	-0.03805542	-315	1.199203	-325.0448	
130.451	COLLISION_NONE	NOT_SWITCH	 	 	-313.0153	1.8	-324.9687	0	0	0	1	0.07120705	0.2392578	-0.02805793	-315	1.200026	-324.9687	
130.4711	COLLISION_NONE	NOT_SWITCH	 	 	-313.0691	1.8	-324.8561	0	0	0	1	0.08598804	0.2653198	-0.02840388	-315	1.201244	-324.8561	
130.4911	COLLISION_NONE	NOT_SWITCH	 	 	-312.9884	1.8	-324.8187	0	0	0	1	0.07021236	0.2275696	-0.03379476	-315	1.201648	-324.8187	
130.5111	COLLISION_NONE	NOT_SWITCH	 	 	-313.0559	1.8	-324.73	0	0	0	1	0.06977749	0.2338867	-0.04153299	-315	1.20261	-324.73	
130.5311	COLLISION_NONE	NOT_SWITCH	 	 	-313.0332	1.8	-324.6461	0	0	0	1	0.06969833	0.2232361	-0.04031742	-315	1.203521	-324.6461	
130.5511	COLLISION_NONE	NOT_SWITCH	 	 	-313.0876	1.8	-324.5505	0	0	0	1	0.08390713	0.2068176	-0.03234684	-315	1.204558	-324.5505	
130.5711	COLLISION_NONE	NOT_SWITCH	 	 	-313.0735	1.8	-324.4669	0	0	0	1	0.08035755	0.199585	-0.03128469	-315	1.205468	-324.4669	
130.5911	COLLISION_NONE	NOT_SWITCH	 	 	-313.1843	1.8	-324.3565	0	0	0	1	0.08464622	0.1835022	-0.01563919	-315	1.206668	-324.3565	
130.6111	COLLISION_NONE	NOT_SWITCH	 	 	-313.1605	1.8	-324.332	0	0	0	1	0.07019901	0.1750793	-0.02075887	-315	1.206936	-324.332	
130.6311	COLLISION_NONE	NOT_SWITCH	 	 	-313.2151	1.8	-324.1859	0	0	0	1	0.08417416	0.1827087	-0.02256703	-315	1.208529	-324.1859	
130.6511	COLLISION_NONE	NOT_SWITCH	 	 	-313.2011	1.8	-324.1581	0	0	0	1	0.06366348	0.1893921	-0.01842892	-315	1.208833	-324.1581	
130.6711	COLLISION_NONE	NOT_SWITCH	 	 	-313.2487	1.8	-324.01	0	0	0	1	0.06684208	0.1790161	-0.01401508	-315	1.21045	-324.01	
130.6911	COLLISION_NONE	NOT_SWITCH	 	 	-313.1806	1.8	-324.1058	0	0	0	1	0.06692982	0.1962585	-0.02295768	-315	1.209404	-324.1058	
130.7111	COLLISION_NONE	NOT_SWITCH	 	 	-313.2046	1.8	-324.0419	0	0	0	1	0.05694866	0.1793518	-0.006338596	-315	1.210101	-324.0419	
130.7311	COLLISION_NONE	NOT_SWITCH	 	 	-313.2163	1.8	-323.9264	0	0	0	1	0.05674267	0.1825256	-0.0102123	-315	1.211366	-323.9264	
130.7511	COLLISION_NONE	NOT_SWITCH	 	 	-313.2397	1.8	-323.8648	0	0	0	1	0.04885769	0.1878052	-0.02438819	-315	1.21204	-323.8648	
130.7711	COLLISION_NONE	NOT_SWITCH	 	 	-313.2514	1.8	-323.7505	0	0	0	1	0.05545425	0.2116394	-0.04156721	-315	1.213293	-323.7505	
130.7911	COLLISION_NONE	NOT_SWITCH	 	 	-313.2854	1.8	-323.746	0	0	0	1	0.08141804	0.2183533	-0.02635729	-315	1.213342	-323.746	
130.8111	COLLISION_NONE	NOT_SWITCH	 	 	-313.2856	1.8	-323.602	0	0	0	1	0.08218002	0.2230835	-0.01637244	-315	1.214923	-323.602	
130.8311	COLLISION_NONE	NOT_SWITCH	 	 	-313.3099	1.8	-323.582	0	0	0	1	0.08253479	0.2341003	-0.01412475	-315	1.215143	-323.582	
130.8511	COLLISION_NONE	NOT_SWITCH	 	 	-313.3189	1.8	-323.4388	0	0	0	1	0.06133747	0.2366028	-0.01308358	-315	1.216719	-323.4388	
130.8711	COLLISION_NONE	NOT_SWITCH	 	 	-313.3387	1.8	-323.4182	0	0	0	1	0.06572247	0.1978455	-0.04067934	-315	1.216946	-323.4182	
130.8911	COLLISION_NONE	NOT_SWITCH	 	 	-313.3448	1.8	-323.1539	0	0	0	1	0.06540871	0.1903687	-0.04332948	-315	1.219861	-323.1539	
130.9111	COLLISION_NONE	NOT_SWITCH	 	 	-313.3716	1.8	-323.1841	0	0	0	1	0.08037376	0.203125	-0.03168595	-315	1.219527	-323.1841	
130.9312	COLLISION_NONE	NOT_SWITCH	 	 	-313.3753	1.8	-323.0577	0	0	0	1	0.06545734	0.1837769	-0.03561723	-315	1.220924	-323.0577	
130.9512	COLLISION_NONE	NOT_SWITCH	 	 	-313.3995	1.8	-323.0285	0	0	0	1	0.04554272	0.2054138	-0.02617455	-315	1.221247	-323.0285	
130.9712	COLLISION_NONE	NOT_SWITCH	 	 	-313.3903	1.8	-322.8066	0	0	0	1	0.02117443	0.1872253	-0.01549566	-315	1.223706	-322.8066	
130.9912	COLLISION_NONE	NOT_SWITCH	 	 	-313.4228	1.8	-322.8376	0	0	0	1	0.01063919	0.1761475	-0.01351821	-315	1.223362	-322.8376	
131.0112	COLLISION_NONE	NOT_SWITCH	 	 	-313.4222	1.8	-322.7226	0	0	0	1	0.01195812	0.1852112	0.00297749	-315	1.224639	-322.7226	
131.0312	COLLISION_NONE	NOT_SWITCH	 	 	-313.4492	1.8	-322.6895	0	0	0	1	0.01367188	0.1843567	0.02764189	-315	1.225006	-322.6895	
131.0512	COLLISION_NONE	NOT_SWITCH	 	 	-313.453	1.8	-322.5753	0	0	0	1	0.021245	0.2097778	0.02430379	-315	1.226275	-322.5753	
131.0712	COLLISION_NONE	NOT_SWITCH	 	 	-313.4966	1.8	-322.6242	0	0	0	1	0.02511406	0.2035522	0.03181159	-315	1.225732	-322.6242	
131.0912	COLLISION_NONE	NOT_SWITCH	 	 	-313.4905	1.8	-322.5344	0	0	0	1	0.01550865	0.2078857	0.0425303	-315	1.226731	-322.5344	
131.1112	COLLISION_NONE	NOT_SWITCH	 	 	-313.5231	1.8	-322.4796	0	0	0	1	0.01550865	0.2078857	0.0425303	-315	1.22734	-322.4796	
131.1312	COLLISION_NONE	NOT_SWITCH	 	 	-313.5203	1.8	-322.3909	0	0	0	1	0.02500629	0.2173767	0.02671099	-315	1.228329	-322.3909	
131.1512	COLLISION_NONE	NOT_SWITCH	 	 	-313.55	1.8	-322.3366	0	0	0	1	0.01307774	0.2009583	0.01520252	-315	1.228935	-322.3366	
131.1712	COLLISION_NONE	NOT_SWITCH	 	 	-313.5187	1.8	-322.2157	0	0	0	1	0.005827904	0.1931763	0.01305616	-315	1.230285	-322.2157	
131.1912	COLLISION_NONE	NOT_SWITCH	 	 	-313.5397	1.8	-322.2076	0	0	0	1	0.01102829	0.1871948	-0.01128805	-315	1.230375	-322.2076	
131.2112	COLLISION_NONE	NOT_SWITCH	 	 	-313.5472	1.8	-322.0833	0	0	0	1	-0.0009040833	0.1743164	-0.02319586	-315	1.231766	-322.0833	
131.2312	COLLISION_NONE	NOT_SWITCH	 	 	-313.5628	1.8	-322.0707	0	0	0	1	0.004842758	0.1797485	-0.04182994	-315	1.231906	-322.0707	
131.2512	COLLISION_NONE	NOT_SWITCH	 	 	-313.5754	1.8	-321.9471	0	0	0	1	0.007676125	0.1613464	-0.04696405	-315	1.233291	-321.9471	
131.2712	COLLISION_NONE	NOT_SWITCH	 	 	-313.5881	1.8	-322.0464	0	0	0	1	0.004713058	0.1655273	-0.04019022	-315	1.232178	-322.0464	
131.2912	COLLISION_NONE	NOT_SWITCH	 	 	-313.5909	1.8	-322.003	0	0	0	1	0.009811401	0.1542053	-0.01456285	-315	1.232664	-322.003	
131.3112	COLLISION_NONE	NOT_SWITCH	 	 	-313.6161	1.8	-321.9069	0	0	0	1	-0.0009479523	0.1427307	-0.016047	-315	1.233741	-321.9069	
131.3312	COLLISION_NONE	NOT_SWITCH	 	 	-313.6185	1.8	-321.8654	0	0	0	1	0.004500389	0.140686	-0.0373323	-315	1.234206	-321.8654	
131.3512	COLLISION_NONE	NOT_SWITCH	 	 	-313.6436	1.8	-321.7702	0	0	0	1	0.007749557	0.1439819	-0.04145539	-315	1.235276	-321.7702	
131.3712	COLLISION_NONE	NOT_SWITCH	 	 	-313.6226	1.8	-321.7863	0	0	0	1	0.005901337	0.1358948	-0.01572418	-315	1.235094	-321.7863	
131.3913	COLLISION_NONE	NOT_SWITCH	 	 	-313.6567	1.8	-321.6796	0	0	0	1	0.006471634	0.1437988	-0.009618163	-315	1.236293	-321.6796	
131.4113	COLLISION_NONE	NOT_SWITCH	 	 	-313.6504	1.8	-321.6562	0	0	0	1	0.006842613	0.1268005	-0.0006469488	-315	1.236556	-321.6562	
131.4313	COLLISION_NONE	NOT_SWITCH	 	 	-313.6828	1.8	-321.5494	0	0	0	1	-0.006351471	0.1483154	0.004831791	-315	1.237759	-321.5494	
131.4513	COLLISION_NONE	NOT_SWITCH	 	 	-313.6775	1.8	-321.5281	0	0	0	1	0.0176897	0.1208801	0.006348848	-315	1.237999	-321.5281	
131.4713	COLLISION_NONE	NOT_SWITCH	 	 	-313.745	1.8	-321.3359	0	0	0	1	0.01744938	0.124054	0.002477407	-315	1.240166	-321.3359	
131.4913	COLLISION_NONE	NOT_SWITCH	 	 	-313.7057	1.8	-321.395	0	0	0	1	0.02175808	0.1324463	0.01180255	-315	1.239499	-321.395	
131.5113	COLLISION_NONE	NOT_SWITCH	 	 	-313.7253	1.8	-321.3387	0	0	0	1	0.03571796	0.1257935	0.008176327	-315	1.240134	-321.3387	
131.5313	COLLISION_NONE	NOT_SWITCH	 	 	-313.7311	1.8	-321.2692	0	0	0	1	0.0262146	0.1442871	0.01727998	-315	1.240919	-321.2692	
131.5513	COLLISION_NONE	NOT_SWITCH	 	 	-313.7503	1.8	-321.2143	0	0	0	1	0.03104877	0.160553	0.03272283	-315	1.24154	-321.2143	
131.5713	COLLISION_NONE	NOT_SWITCH	 	 	-313.7424	1.8	-321.1325	0	0	0	1	0.03870487	0.1584473	0.04302275	-315	1.242466	-321.1325	
131.5913	COLLISION_NONE	NOT_SWITCH	 	 	-313.7695	1.8	-321.0991	0	0	0	1	0.0408268	0.1459961	0.02667785	-315	1.242844	-321.0991	
131.6113	COLLISION_NONE	NOT_SWITCH	 	 	-313.7672	1.8	-321.0177	0	0	0	1	0.04143333	0.1574402	0.03237653	-315	1.243766	-321.0177	
131.6313	COLLISION_NONE	NOT_SWITCH	 	 	-313.7907	1.8	-320.9836	0	0	0	1	0.04260063	0.1487427	0.05091679	-315	1.244153	-320.9836	
131.6513	COLLISION_NONE	NOT_SWITCH	 	 	-313.7684	1.8	-320.8564	0	0	0	1	0.04189587	0.1546631	0.0397135	-315	1.245597	-320.8564	
131.6713	COLLISION_NONE	NOT_SWITCH	 	 	-313.7777	1.8	-320.8584	0	0	0	1	0.02265167	0.1668091	0.06077528	-315	1.245574	-320.8584	
131.6913	COLLISION_NONE	NOT_SWITCH	 	 	-313.7916	1.8	-320.7491	0	0	0	1	0.03698635	0.1610413	0.06751847	-315	1.246816	-320.7491	
131.7113	COLLISION_NONE	NOT_SWITCH	 	 	-313.798	1.8	-320.7455	0	0	0	1	0.02508736	0.1618347	0.04707944	-315	1.246856	-320.7455	
131.7313	COLLISION_NONE	NOT_SWITCH	 	 	-313.8152	1.8	-320.6368	0	0	0	1	0.006505013	0.1490784	0.03913212	-315	1.248093	-320.6368	
131.7513	COLLISION_NONE	NOT_SWITCH	 	 	-313.8067	1.8	-320.7401	0	0	0	1	0.02056599	0.1530457	0.03428936	-315	1.246917	-320.7401	
131.7713	COLLISION_NONE	NOT_SWITCH	 	 	-313.8087	1.8	-320.7267	0	0	0	1	0.01191235	0.1434937	0.01825249	-315	1.247069	-320.7267	
131.7913	COLLISION_NONE	NOT_SWITCH	 	 	-313.8305	1.8	-320.6256	0	0	0	1	0.01541233	0.1471863	0.0175941	-315	1.24822	-320.6256	
131.8113	COLLISION_NONE	NOT_SWITCH	 	 	-313.8321	1.8	-320.6143	0	0	0	1	0.0355835	0.1640625	-0.003240228	-315	1.24835	-320.6143	
131.8313	COLLISION_NONE	NOT_SWITCH	 	 	-313.8539	1.8	-320.5134	0	0	0	1	0.03562927	0.1676025	-0.003647089	-315	1.249499	-320.5134	
131.8513	COLLISION_NONE	NOT_SWITCH	 	 	-313.8343	1.8	-320.5956	0	0	0	1	0.01749992	0.1937866	-0.01952434	-315	1.248562	-320.5956	
131.8714	COLLISION_NONE	NOT_SWITCH	 	 	-313.8407	1.8	-320.5665	0	0	0	1	0.01831245	0.2020569	-0.009948611	-315	1.248894	-320.5665	
131.8914	COLLISION_NONE	NOT_SWITCH	 	 	-313.8575	1.8	-320.4843	0	0	0	1	0.02250385	0.1998291	0.0005981922	-315	1.249831	-320.4843	
131.9114	COLLISION_NONE	NOT_SWITCH	 	 	-313.8636	1.8	-320.4568	0	0	0	1	0.02704144	0.1942749	0.01159203	-315	1.250145	-320.4568	
131.9314	COLLISION_NONE	NOT_SWITCH	 	 	-313.8802	1.8	-320.3752	0	0	0	1	0.03997803	0.1687927	0.003057718	-315	1.251077	-320.3752	
131.9514	COLLISION_NONE	NOT_SWITCH	 	 	-313.8751	1.8	-320.4052	0	0	0	1	0.03178501	0.1564331	-0.005634427	-315	1.250734	-320.4052	
131.9714	COLLISION_NONE	NOT_SWITCH	 	 	-313.8908	1.8	-320.3267	0	0	0	1	0.03495026	0.177124	-0.0152669	-315	1.25163	-320.3267	
131.9914	COLLISION_NONE	NOT_SWITCH	 	 	-313.8973	1.8	-320.2986	0	0	0	1	0.04813671	0.165741	-0.02887166	-315	1.251952	-320.2986	
132.0114	COLLISION_NONE	NOT_SWITCH	 	 	-313.9128	1.8	-320.2208	0	0	0	1	0.0385046	0.1563416	-0.009608269	-315	1.252842	-320.2208	
132.0314	COLLISION_NONE	NOT_SWITCH	 	 	-313.919	1.8	-320.1942	0	0	0	1	0.02782345	0.1555481	-0.01232076	-315	1.253146	-320.1942	
132.0514	COLLISION_NONE	NOT_SWITCH	 	 	-313.9437	1.8	-320.0661	0	0	0	1	0.02061272	0.1513062	-0.01487446	-315	1.254614	-320.0661	
132.0714	COLLISION_NONE	NOT_SWITCH	 	 	-313.9402	1.8	-320.0928	0	0	0	1	0.006093025	0.1291809	-0.01144171	-315	1.254307	-320.0928	
132.0914	COLLISION_NONE	NOT_SWITCH	 	 	-313.9547	1.8	-320.0172	0	0	0	1	0.00905323	0.125	-0.01821589	-315	1.255175	-320.0172	
132.1114	COLLISION_NONE	NOT_SWITCH	 	 	-313.9611	1.8	-319.9925	0	0	0	1	-4.005432E-05	0.09371948	-0.03525448	-315	1.255457	-319.9925	
132.1314	COLLISION_NONE	NOT_SWITCH	 	 	-313.9755	1.8	-319.9173	0	0	0	1	0.003015518	0.1037292	-0.04365897	-315	1.256321	-319.9173	
132.1514	COLLISION_NONE	NOT_SWITCH	 	 	-313.9732	1.8	-319.9463	0	0	0	1	0.004732132	0.1028748	-0.01899719	-315	1.255988	-319.9463	
132.1714	COLLISION_NONE	NOT_SWITCH	 	 	-315	1.8	-315	0	0	0	1	0.00825119	0.1101379	-0.02006686	-315	1.314508	-315	
132.1914	COLLISION_NONE	NOT_SWITCH	 	 	-315.0087	1.8	-314.9512	0	0	0	1	-0.003331184	0.1148682	-0.03745139	-315	1.315104	-314.9512	
132.2114	COLLISION_NONE	NOT_SWITCH	 	 	-315.0135	1.8	-314.9244	0	0	0	1	-0.009615898	0.1051025	-0.02533209	-315	1.31543	-314.9244	
132.2314	COLLISION_NONE	NOT_SWITCH	 	 	-315.0121	1.8	-314.9323	0	0	0	1	-0.003252029	0.09750366	-0.03194034	-315	1.315334	-314.9323	
132.2514	COLLISION_NONE	NOT_SWITCH	 	 	-315.0121	1.8	-314.9323	0	0	0	1	-0.003454208	0.1286926	-0.04255664	-315	1.315334	-314.9323	
132.2714	COLLISION_NONE	NOT_SWITCH	 	 	-315.0121	1.8	-314.9323	0	0	0	1	0.003943443	0.136322	-0.04384208	-315	1.315334	-314.9323	
132.2914	COLLISION_NONE	NOT_SWITCH	 	 	-315.0121	1.8	-314.9323	0	0	0	1	-0.01065159	0.1280212	-0.04551566	-315	1.315334	-314.9323	
132.3114	COLLISION_NONE	NOT_SWITCH	 	 	-315.0121	1.8	-314.9323	0	0	0	1	-0.004152298	0.1346436	-0.05376649	-315	1.315334	-314.9323	
132.3315	COLLISION_NONE	NOT_SWITCH	 	 	-315.0121	1.8	-314.9323	0	0	0	1	0.01125336	0.1476746	-0.04211462	-315	1.315334	-314.9323	
132.3515	COLLISION_NONE	NOT_SWITCH	 	 	-315.0121	1.8	-314.9323	0	0	0	1	0.02757072	0.1397095	-0.05640686	-315	1.315334	-314.9323	
132.3715	COLLISION_NONE	NOT_SWITCH	 	 	-315.0121	1.8	-314.9323	0	0	0	1	0.0314846	0.1472168	-0.05744362	-315	1.315334	-314.9323	
132.3915	COLLISION_NONE	NOT_SWITCH	 	 	-315.0121	1.8	-314.9323	0	0	0	1	0.02887249	0.158905	-0.04802847	-315	1.315334	-314.9323	
132.4115	COLLISION_NONE	NOT_SWITCH	 	 	-315.0121	1.8	-314.9323	0	0	0	1	0.02849102	0.1341553	-0.04172921	-315	1.315334	-314.9323	
132.4315	COLLISION_NONE	NOT_SWITCH	 	 	-315.0121	1.8	-314.9323	0	0	0	1	0.03217888	0.1412659	-0.0462333	-315	1.315334	-314.9323	
132.4515	COLLISION_NONE	NOT_SWITCH	 	 	-315.0121	1.8	-314.9323	0	0	0	1	0.02310181	0.1534424	-0.02938497	-315	1.315334	-314.9323	
132.4715	COLLISION_NONE	NOT_SWITCH	 	 	-315.0121	1.8	-314.9323	0	0	0	1	0.03330803	0.1325684	-0.02768838	-315	1.315334	-314.9323	
132.4915	COLLISION_NONE	NOT_SWITCH	 	 	-315.0121	1.8	-314.9323	0	0	0	1	0.03367233	0.1435852	-0.02544689	-315	1.315334	-314.9323	
132.5115	COLLISION_NONE	NOT_SWITCH	 	 	-315.0121	1.8	-314.9323	0	0	0	1	0.04714298	0.1504822	-0.03419709	-315	1.315334	-314.9323	
132.5315	COLLISION_NONE	NOT_SWITCH	 	 	-315.0121	1.8	-314.9323	0	0	0	1	0.04682446	0.1430054	-0.03684711	-315	1.315334	-314.9323	
132.5515	COLLISION_NONE	NOT_SWITCH	 	 	-315.0121	1.8	-314.9323	0	0	0	1	0.06158924	0.1410217	-0.03048074	-315	1.315334	-314.9323	
132.5715	COLLISION_NONE	NOT_SWITCH	 	 	-315.0121	1.8	-314.9323	0	0	0	1	0.05812931	0.1343079	-0.0225153	-315	1.315334	-314.9323	
132.5915	COLLISION_NONE	NOT_SWITCH	 	 	-315.0121	1.8	-314.9323	0	0	0	1	0.04744816	0.1054688	-0.01849759	-315	1.315334	-314.9323	
132.6115	COLLISION_NONE	NOT_SWITCH	 	 	-315.0121	1.8	-314.9323	0	0	0	1	0.03412437	0.1026306	-0.003250718	-315	1.315334	-314.9323	
132.6315	COLLISION_NONE	NOT_SWITCH	 	 	-315.0121	1.8	-314.9323	0	0	0	1	0.02696419	0.1335754	-0.01335752	-315	1.315334	-314.9323	
132.6515	COLLISION_NONE	NOT_SWITCH	 	 	-315.0121	1.8	-314.9323	0	0	0	1	0.03155804	0.1315613	-0.002776265	-315	1.315334	-314.9323	
132.6715	COLLISION_NONE	NOT_SWITCH	 	 	-315.0121	1.8	-314.9323	0	0	0	1	0.02868557	0.1428528	0.003178716	-315	1.315334	-314.9323	
132.6915	COLLISION_NONE	NOT_SWITCH	 	 	-315.0121	1.8	-314.9323	0	0	0	1	0.03263378	0.1402283	0.0102607	-315	1.315334	-314.9323	
132.7115	COLLISION_NONE	NOT_SWITCH	 	 	-315.0121	1.8	-314.9323	0	0	0	1	0.007487297	0.1453552	0.004235506	-315	1.315334	-314.9323	
132.7315	COLLISION_NONE	NOT_SWITCH	 	 	-315.0121	1.8	-314.9323	0	0	0	1	0.01320553	0.1472168	-0.01398945	-315	1.315334	-314.9323	
132.7515	COLLISION_NONE	NOT_SWITCH	 	 	-315.0121	1.8	-314.9323	0	0	0	1	0.0169363	0.1578979	-0.01890481	-315	1.315334	-314.9323	
132.7715	COLLISION_NONE	NOT_SWITCH	 	 	-315.0121	1.8	-314.9323	0	0	0	1	0.003437996	0.1618042	-0.007951856	-315	1.315334	-314.9323	
132.7915	COLLISION_NONE	NOT_SWITCH	 	 	-315.0121	1.8	-314.9323	0	0	0	1	0.006594658	0.1579895	-0.01125026	-315	1.315334	-314.9323	
132.8116	COLLISION_NONE	NOT_SWITCH	 	 	-315.0121	1.8	-314.9323	0	0	0	1	0.007339478	0.1556091	-0.0004541874	-315	1.315334	-314.9323	
132.8316	COLLISION_NONE	NOT_SWITCH	 	 	-315.0121	1.8	-314.9323	0	0	0	1	0.02517128	0.1672058	-0.002897263	-315	1.315334	-314.9323	
132.8516	COLLISION_NONE	NOT_SWITCH	 	 	-315.0121	1.8	-314.9323	0	0	0	1	0.0108757	0.1730042	-0.009652376	-315	1.315334	-314.9323	
132.8716	COLLISION_NONE	NOT_SWITCH	 	 	-315.0121	1.8	-314.9323	0	0	0	1	0.01329041	0.1644592	-0.02293658	-315	1.315334	-314.9323	
132.8916	COLLISION_NONE	NOT_SWITCH	 	 	-315.0121	1.8	-314.9323	0	0	0	1	0.0176115	0.1764221	-0.01402187	-315	1.315334	-314.9323	
132.9116	COLLISION_NONE	NOT_SWITCH	 	 	-315.0121	1.8	-314.9323	0	0	0	1	0.00690937	0.1654663	-0.008602023	-315	1.315334	-314.9323	
132.9316	COLLISION_NONE	NOT_SWITCH	 	 	-315.0121	1.8	-314.9323	0	0	0	1	0.01164627	0.1777039	0.000336051	-315	1.315334	-314.9323	
132.9516	COLLISION_NONE	NOT_SWITCH	 	 	-315.0121	1.8	-314.9323	0	0	0	1	0.008364677	0.1607361	0.0129894	-315	1.315334	-314.9323	
132.9716	COLLISION_NONE	NOT_SWITCH	 	 	-315.0121	1.8	-314.9323	0	0	0	1	-0.001600266	0.1575317	0.02108049	-315	1.315334	-314.9323	
132.9916	COLLISION_NONE	NOT_SWITCH	 	 	-315.0121	1.8	-314.9323	0	0	0	1	-0.01139259	0.1685486	0.02752745	-315	1.315334	-314.9323	
133.0116	COLLISION_NONE	NOT_SWITCH	 	 	-315.0121	1.8	-314.9323	0	0	0	1	-0.01874352	0.1435547	0.03433502	-315	1.315334	-314.9323	
133.0316	COLLISION_NONE	NOT_SWITCH	 	 	-315.0121	1.8	-314.9323	0	0	0	1	-0.01853275	0.1403809	0.03821206	-315	1.315334	-314.9323	
133.0516	COLLISION_NONE	NOT_SWITCH	 	 	-315.0121	1.8	-314.9323	0	0	0	1	-0.02214241	0.1505127	0.033764	-315	1.315334	-314.9323	
133.0716	COLLISION_NONE	NOT_SWITCH	 	 	-315.0121	1.8	-314.9323	0	0	0	1	-0.01298714	0.1608887	0.05671823	-315	1.315334	-314.9323	
133.0916	COLLISION_NONE	NOT_SWITCH	 	 	-315.0121	1.8	-314.9323	0	0	0	1	-0.008934021	0.1724548	0.06216979	-315	1.315334	-314.9323	
133.1116	COLLISION_NONE	NOT_SWITCH	 	 	-315.0121	1.8	-314.9323	0	0	0	1	-0.01249218	0.1896973	0.05690539	-315	1.315334	-314.9323	
133.1316	COLLISION_NONE	NOT_SWITCH	 	 	-315.0121	1.8	-314.9323	0	0	0	1	-0.009551048	0.1854858	0.05014062	-315	1.315334	-314.9323	
133.1516	COLLISION_NONE	NOT_SWITCH	 	 	-315.0121	1.8	-314.9323	0	0	0	1	0.005209923	0.1835022	0.05651057	-315	1.315334	-314.9323	
133.1716	COLLISION_NONE	NOT_SWITCH	 	 	-315.0121	1.8	-314.9323	0	0	0	1	-0.00593853	0.1753845	0.05457854	-315	1.315334	-314.9323	
133.1916	COLLISION_NONE	NOT_SWITCH	 	 	-315.0121	1.8	-314.9323	0	0	0	1	9.536743E-06	0.1842041	0.03210306	-315	1.315334	-314.9323	
133.2116	COLLISION_NONE	NOT_SWITCH	 	 	-315.0121	1.8	-314.9323	0	0	0	1	-0.003668785	0.1770935	0.03660524	-315	1.315334	-314.9323	
133.2316	COLLISION_NONE	NOT_SWITCH	 	 	-315.0121	1.8	-314.9323	0	0	0	1	-0.00150013	0.1681824	0.01985538	-315	1.315334	-314.9323	
133.2516	COLLISION_NONE	NOT_SWITCH	 	 	-315.0121	1.8	-314.9323	0	0	0	1	-0.01208973	0.1744995	0.0163132	-315	1.315334	-314.9323	
133.2717	COLLISION_NONE	NOT_SWITCH	 	 	-315.0121	1.8	-314.9323	0	0	0	1	-0.009017944	0.1564636	0.01465404	-315	1.315334	-314.9323	
133.2917	COLLISION_NONE	NOT_SWITCH	 	 	-315.0121	1.8	-314.9323	0	0	0	1	-0.005250931	0.1641235	0.01704419	-315	1.315334	-314.9323	
133.3117	COLLISION_NONE	NOT_SWITCH	 	 	-315.0121	1.8	-314.9323	0	0	0	1	0.001619339	0.1537476	0.01776755	-315	1.315334	-314.9323	
133.3317	COLLISION_NONE	NOT_SWITCH	 	 	-315.0121	1.8	-314.9323	0	0	0	1	-0.02004051	0.134491	0.01783395	-315	1.315334	-314.9323	
133.3517	COLLISION_NONE	NOT_SWITCH	 	 	-315.0121	1.8	-314.9323	0	0	0	1	-0.02640057	0.1456604	0.02403033	-315	1.315334	-314.9323	
133.3717	COLLISION_NONE	NOT_SWITCH	 	 	-315.0121	1.8	-314.9323	0	0	0	1	-0.02682018	0.1519775	0.01628292	-315	1.315334	-314.9323	
133.3917	COLLISION_NONE	NOT_SWITCH	 	 	-315.0121	1.8	-314.9323	0	0	0	1	-0.03700733	0.148407	0.02090359	-315	1.315334	-314.9323	
133.4117	COLLISION_NONE	NOT_SWITCH	 	 	-315.0121	1.8	-314.9323	0	0	0	1	-0.0528717	0.1816406	0.03577948	-315	1.315334	-314.9323	
133.4317	COLLISION_NONE	NOT_SWITCH	 	 	-315.0121	1.8	-314.9323	0	0	0	1	-0.04646015	0.1740417	0.02917075	-315	1.315334	-314.9323	
133.4517	COLLISION_NONE	NOT_SWITCH	 	 	-315.0121	1.8	-314.9323	0	0	0	1	-0.0440855	0.1619263	0.01630604	-315	1.315334	-314.9323	
133.4717	COLLISION_NONE	NOT_SWITCH	 	 	-315.0121	1.8	-314.9323	0	0	0	1	-0.04505157	0.1639099	0.002039433	-315	1.315334	-314.9323	
133.4917	COLLISION_NONE	NOT_SWITCH	 	 	-315.0121	1.8	-314.9323	0	0	0	1	-0.03909302	0.1906738	-0.01906645	-315	1.315334	-314.9323	
133.5117	COLLISION_NONE	NOT_SWITCH	 	 	-315.0121	1.8	-314.9323	0	0	0	1	-0.04049587	0.1709595	-0.03433502	-315	1.315334	-314.9323	
133.5317	COLLISION_NONE	NOT_SWITCH	 	 	-315.0121	1.8	-314.9323	0	0	0	1	-0.04070091	0.1741028	-0.03820658	-315	1.315334	-314.9323	
133.5517	COLLISION_NONE	NOT_SWITCH	 	 	-315.0121	1.8	-314.9323	0	0	0	1	-0.03304958	0.1719971	-0.02790201	-315	1.315334	-314.9323	
133.5717	COLLISION_NONE	CORRECT_SWITCH	 	 	-315.0121	1.8	-314.9323	0.001824331	-6.176089E-06	1.126725E-08	0.9999983	-0.04016495	0.1539917	-0.02535737	-315	1.315334	-314.9323	
133.5917	COLLISION_NONE	NOT_SWITCH	 	 	-315.0121	1.8	-314.9323	0.003168571	-1.690299E-05	5.355859E-08	0.999995	-0.02992821	0.1611023	-0.03038621	-315	1.315334	-314.9323	
133.6117	COLLISION_NONE	NOT_SWITCH	 	 	-315.0121	1.8	-314.9323	0.005279724	-4.916531E-05	2.595829E-07	0.9999861	-0.02427959	0.1278687	-0.04105413	-315	1.315334	-314.9323	
133.6317	COLLISION_NONE	NOT_SWITCH	 	 	-315.0121	1.8	-314.9323	-0.006197877	7.00063E-05	-4.338988E-07	-0.9999808	-0.02394104	0.1388855	-0.03881395	-315	1.315334	-314.9323	
133.6517	COLLISION_NONE	NOT_SWITCH	 	 	-315.0121	1.8	-314.9323	-0.007089021	9.384715E-05	-6.653011E-07	-0.9999749	0.0004634857	0.157135	-0.04952443	-315	1.315334	-314.9323	
133.6717	COLLISION_NONE	NOT_SWITCH	 	 	-315.0121	1.8	-314.9323	-0.007966656	0.0001205486	-9.603993E-07	-0.9999683	0.003851891	0.1501465	-0.04894638	-315	1.315334	-314.9323	
133.6917	COLLISION_NONE	NOT_SWITCH	 	 	-315.0121	1.8	-314.9323	-0.008860326	0.0001501104	-1.330079E-06	-0.9999608	0.007676125	0.1613464	-0.04696405	-315	1.315334	-314.9323	
133.7117	COLLISION_NONE	NOT_SWITCH	 	 	-315.0121	1.8	-314.9323	-0.01058462	0.0002182918	-2.310666E-06	-0.999944	0.004098892	0.1750183	-0.05181587	-315	1.315334	-314.9323	
133.7318	COLLISION_NONE	NOT_SWITCH	 	 	-315.0121	1.8	-314.9323	-0.01144807	0.000256911	-2.941328E-06	-0.9999344	-0.00316143	0.1672668	-0.05396533	-315	1.315334	-314.9323	
133.7518	COLLISION_NONE	NOT_SWITCH	 	 	-315.0121	1.8	-314.9323	-0.01231184	0.00029839	-3.674009E-06	-0.9999242	-0.01020336	0.1843262	-0.05896914	-315	1.315334	-314.9323	
133.7718	COLLISION_NONE	NOT_SWITCH	 	 	-315.0121	1.8	-314.9323	-0.01319855	0.0003427286	-4.523916E-06	-0.9999129	-0.006695747	0.1635742	-0.05330312	-315	1.315334	-314.9323	
133.7918	COLLISION_NONE	NOT_SWITCH	 	 	-315.0121	1.8	-314.9323	-0.01494037	0.0004404609	-6.581383E-06	-0.9998883	-0.01360989	0.1877441	-0.05913508	-315	1.315334	-314.9323	
133.8118	COLLISION_NONE	NOT_SWITCH	 	 	-315.0121	1.8	-314.9323	-0.0157969	0.0004936159	-7.798575E-06	-0.9998751	-0.0216608	0.1686707	-0.06353927	-315	1.315334	-314.9323	
133.8318	COLLISION_NONE	NOT_SWITCH	 	 	-315.0121	1.8	-314.9323	-0.01667998	0.0005498678	-9.17306E-06	-0.9998608	-0.01778507	0.1589661	-0.05564201	-315	1.315334	-314.9323	
133.8518	COLLISION_NONE	NOT_SWITCH	 	 	-315.0121	1.8	-314.9323	-0.01755892	0.0006089782	-1.069465E-05	-0.9998457	-0.02743626	0.1632385	-0.0448997	-315	1.315334	-314.9323	
133.8718	COLLISION_NONE	NOT_SWITCH	 	 	-315.0121	1.8	-314.9323	-0.018413	0.0006709471	-1.235624E-05	-0.9998302	-0.01024628	0.1461792	-0.04410195	-315	1.315334	-314.9323	
133.8918	COLLISION_NONE	NOT_SWITCH	 	 	-315.0121	1.8	-314.9323	-0.01926955	0.0008008502	-1.543489E-05	-0.999814	0.001284599	0.1444702	-0.03402007	-315	1.315334	-314.9323	
133.9118	COLLISION_NONE	NOT_SWITCH	 	 	-315.0121	1.8	-314.9323	-0.0192911	0.000865926	-1.670778E-05	-0.9998136	0.004451752	0.1371155	-0.03691852	-315	1.315334	-314.9323	
133.9318	COLLISION_NONE	NOT_SWITCH	 	 	-315.0121	1.8	-314.9323	-0.01928448	0.0009310023	-1.795724E-05	-0.9998136	0.009116173	0.1320801	-0.01902735	-315	1.315334	-314.9323	
133.9518	COLLISION_NONE	NOT_SWITCH	 	 	-315.0121	1.8	-314.9323	-0.01927037	0.0009960787	-1.919838E-05	-0.9998139	0.002892494	0.1294556	-0.007734895	-315	1.315334	-314.9323	
133.9718	COLLISION_NONE	NOT_SWITCH	 	 	-315.0121	1.8	-314.9323	-0.0192915	0.001061154	-2.047508E-05	-0.9998134	0.005407333	0.1315613	-0.02224708	-315	1.315334	-314.9323	
133.9918	COLLISION_NONE	NOT_SWITCH	 	 	-315.0121	1.8	-314.9323	-0.01930405	0.001191306	-2.300134E-05	-0.999813	0.008383751	0.1309204	-0.02942574	-315	1.315334	-314.9323	
134.0118	COLLISION_NONE	NOT_SWITCH	 	 	-315.0121	1.8	-314.9323	-0.01928555	0.001256383	-2.423456E-05	-0.9998133	0.0162468	0.1536865	-0.02198529	-315	1.315334	-314.9323	
134.0318	COLLISION_NONE	NOT_SWITCH	 	 	-315.0121	1.8	-314.9323	-0.0192817	0.001321459	-2.548474E-05	-0.9998132	0.005534172	0.1457825	-0.02388608	-315	1.315334	-314.9323	
134.0518	COLLISION_NONE	NOT_SWITCH	 	 	-315.0121	1.8	-314.9323	-0.01930256	0.001386535	-2.676868E-05	-0.9998127	-0.005378723	0.1380005	-0.02233899	-315	1.315334	-314.9323	
134.0718	COLLISION_NONE	NOT_SWITCH	 	 	-315.0121	1.8	-314.9323	-0.0192956	0.001450896	-2.800115E-05	-0.9998128	-0.0149498	0.145874	-0.01202261	-315	1.315334	-314.9323	
134.0918	COLLISION_NONE	NOT_SWITCH	 	 	-315.0121	1.8	-314.9323	-0.01930237	0.001580094	-3.050528E-05	-0.9998124	-0.00765419	0.1326904	-0.003947258	-315	1.315334	-314.9323	
134.1118	COLLISION_NONE	NOT_SWITCH	 	 	-315.0121	1.8	-314.9323	-0.0192955	0.001644694	-3.174115E-05	-0.9998125	-0.01402569	0.1403198	0.002654195	-315	1.315334	-314.9323	
134.1318	COLLISION_NONE	NOT_SWITCH	 	 	-315.0121	1.8	-314.9323	-0.01930406	0.001709293	-3.300249E-05	-0.9998122	-0.04765987	0.1409912	0.02592278	-315	1.315334	-314.9323	
134.1518	COLLISION_NONE	NOT_SWITCH	 	 	-315.0121	1.8	-314.9323	-0.01931914	0.001773892	-3.427651E-05	-0.9998118	-0.04464626	0.1159058	0.02507532	-315	1.315334	-314.9323	
134.1718	COLLISION_NONE	NOT_SWITCH	 	 	-315.0121	1.8	-314.9323	-0.01932127	0.001838491	-3.552867E-05	-0.9998116	-0.03780746	0.1054993	0.02581012	-315	1.315334	-314.9323	
134.1918	COLLISION_NONE	NOT_SWITCH	 	 	-315.0121	1.8	-314.9323	-0.01931687	0.001967689	-3.801678E-05	-0.9998115	-0.02982903	0.1109009	0.03875113	-315	1.315334	-314.9323	
134.2119	COLLISION_NONE	NOT_SWITCH	 	 	-315.0121	1.8	-314.9323	-0.01930814	0.002032051	-3.924253E-05	-0.9998115	-0.02203083	0.1086426	0.0456177	-315	1.315334	-314.9323	
134.2319	COLLISION_NONE	NOT_SWITCH	 	 	-315.0121	1.8	-314.9323	-0.01930377	0.00209665	-4.048089E-05	-0.9998115	-0.03228092	0.1158752	0.05244946	-315	1.315334	-314.9323	
134.2519	COLLISION_NONE	NOT_SWITCH	 	 	-315.0121	1.8	-314.9323	-0.0192908	0.00216125	-4.170008E-05	-0.9998116	-0.05051422	0.08612061	0.05349755	-315	1.315334	-314.9323	
134.2719	COLLISION_NONE	NOT_SWITCH	 	 	-315.0121	1.8	-314.9323	-0.0192897	0.00222585	-4.294407E-05	-0.9998115	-0.04388523	0.07888794	0.05035365	-315	1.315334	-314.9323	
134.2919	COLLISION_NONE	NOT_SWITCH	 	 	-315.0121	1.8	-314.9323	-0.01930087	0.002355047	-4.546306E-05	-0.9998109	-0.02081871	0.06356812	0.02947152	-315	1.315334	-314.9323	
134.3119	COLLISION_NONE	NOT_SWITCH	 	 	-315.0121	1.8	-314.9323	-0.01929474	0.002419647	-4.669528E-05	-0.9998109	-0.04263878	0.05459595	0.02485847	-315	1.315334	-314.9323	
134.3319	COLLISION_NONE	NOT_SWITCH	 	 	-315.0121	1.8	-314.9323	-0.01928087	0.002484247	-4.79075E-05	-0.999811	-0.03236675	0.0652771	0.01940382	-315	1.315334	-314.9323	
134.3519	COLLISION_NONE	NOT_SWITCH	 	 	-315.0121	1.8	-314.9323	-0.01930213	0.002548607	-4.920285E-05	-0.9998105	-0.02819347	0.05947876	0.03036034	-315	1.315334	-314.9323	
134.3719	COLLISION_NONE	NOT_SWITCH	 	 	-315.0121	1.8	-314.9323	-0.01932076	0.002677804	-5.174704E-05	-0.9998097	-0.02508354	0.08673096	0.01300073	-315	1.315334	-314.9323	
134.3919	COLLISION_NONE	NOT_SWITCH	 	 	-315.0121	1.8	-314.9323	-0.01931007	0.00274288	-5.297528E-05	-0.9998098	-0.0141468	0.1016235	0.01063204	-315	1.315334	-314.9323	
134.4119	COLLISION_NONE	NOT_SWITCH	 	 	-315.0121	1.8	-314.9323	-0.01930472	0.002807956	-5.421713E-05	-0.9998097	-0.006482124	0.0994873	0.02093506	-315	1.315334	-314.9323	
134.4319	COLLISION_NONE	NOT_SWITCH	 	 	-315.0123	1.799225	-314.9077	-0.01931404	0.002873032	-5.550043E-05	-0.9998093	0.00723362	0.106781	0.01564217	-315	1.315634	-314.9077	
134.4519	COLLISION_NONE	NOT_SWITCH	 	 	-315.0131	1.799069	-314.7701	-0.0193067	0.002938108	-5.6736E-05	-0.9998093	0.01172447	0.1186218	0.02111256	-315	1.317315	-314.7701	
134.4719	COLLISION_NONE	NOT_SWITCH	 	 	-315.0152	1.799039	-314.4059	-0.0192796	0.003068261	-5.916614E-05	-0.9998094	0.003629684	0.09243774	0.01753032	-315	1.321777	-314.4059	
134.4919	COLLISION_NONE	NOT_SWITCH	 	 	-315.0223	1.799035	-313.2484	-0.01926789	0.003133338	-6.038432E-05	-0.9998094	-0.002724648	0.1036072	0.0237304	-315	1.33609	-313.2484	
134.5119	COLLISION_NONE	NOT_SWITCH	 	 	-315.0294	1.799035	-312.0948	-0.01929022	0.003198412	-6.170988E-05	-0.9998088	0.0003433228	0.08560181	0.02205956	-315	1.350559	-312.0948	
134.5319	COLLISION_NONE	NOT_SWITCH	 	 	-315.0384	1.799033	-310.6945	-0.01929598	0.003263488	-6.298427E-05	-0.9998085	-0.001429558	0.08105469	0.04738367	-315	1.3684	-310.6945	
134.5519	COLLISION_NONE	NOT_SWITCH	 	 	-315.0482	1.799032	-309.1844	-0.01928687	0.003328564	-6.420988E-05	-0.9998084	-0.00906086	0.0765686	0.04481006	-315	1.38799	-309.1844	
134.5719	COLLISION_NONE	NOT_SWITCH	 	 	-315.0597	1.799033	-307.4652	-0.01928002	0.003458716	-6.669693E-05	-0.9998081	-0.05108547	0.07821655	0.04739809	-315	1.410743	-307.4652	
134.5919	COLLISION_NONE	NOT_SWITCH	 	 	-315.0743	1.799033	-305.3713	-0.01927888	0.003523792	-6.794782E-05	-0.999808	-0.06786919	0.08898926	0.05434811	-315	1.439121	-305.3713	
134.6119	COLLISION_NONE	NOT_SWITCH	 	 	-315.0883	1.799034	-303.3859	-0.0193011	0.003588866	-6.928241E-05	-0.9998073	-0.08616829	0.08013916	0.04947829	-315	1.466725	-303.3859	
134.6319	COLLISION_NONE	NOT_SWITCH	 	 	-315.1023	1.799032	-301.4067	-0.01928402	0.003653943	-7.047629E-05	-0.9998074	-0.08971024	0.07287598	0.05056071	-315	1.49494	-301.4067	
134.6519	COLLISION_NONE	NOT_SWITCH	 	 	-315.1163	1.799033	-299.4345	-0.01928087	0.003719019	-7.171976E-05	-0.9998072	-0.08219719	0.08105469	0.05615532	-315	1.523767	-299.4345	
134.672	COLLISION_NONE	NOT_SWITCH	 	 	-315.1306	1.799034	-297.4692	-0.0192845	0.00384917	-7.42437E-05	-0.9998066	-0.07964039	0.09030151	0.04080987	-315	1.553225	-297.4692	
134.692	COLLISION_NONE	NOT_SWITCH	 	 	-315.1454	1.799033	-295.5147	-0.01927031	0.003914247	-7.544336E-05	-0.9998066	-0.07153797	0.0920105	0.0507232	-315	1.583265	-295.5147	
134.712	COLLISION_NONE	NOT_SWITCH	 	 	-315.1604	1.799034	-293.5614	-0.01928061	0.003979322	-7.673862E-05	-0.9998062	-0.07909298	0.1083374	0.03877604	-315	1.614053	-293.5614	
134.732	COLLISION_NONE	NOT_SWITCH	 	 	-315.1757	1.799034	-291.6087	-0.01927376	0.004044398	-7.796587E-05	-0.999806	-0.08212376	0.1018372	0.04678452	-315	1.645622	-291.6087	
134.752	COLLISION_NONE	NOT_SWITCH	 	 	-315.1913	1.799034	-289.6562	-0.01929312	0.004109473	-7.929996E-05	-0.9998055	-0.07959747	0.09384155	0.04039919	-315	1.677999	-289.6562	
134.772	COLLISION_NONE	NOT_SWITCH	 	 	-315.2071	1.799033	-287.7039	-0.01928754	0.004239624	-8.178788E-05	-0.999805	-0.06595325	0.0796814	0.03413272	-315	1.711214	-287.7039	
134.792	COLLISION_NONE	NOT_SWITCH	 	 	-315.2236	1.799033	-285.7518	-0.01928261	0.0043047	-8.302205E-05	-0.9998048	-0.06757069	0.09292603	0.05740023	-315	1.745293	-285.7518	
134.812	COLLISION_NONE	NOT_SWITCH	 	 	-315.2403	1.799033	-283.7996	-0.01928014	0.004369775	-8.426636E-05	-0.9998046	-0.06401825	0.1036987	0.05592024	-315	1.780266	-283.7996	
134.832	COLLISION_NONE	NOT_SWITCH	 	 	-315.2571	1.799033	-281.8474	-0.01927891	0.004434851	-8.551582E-05	-0.9998043	-0.05394459	0.09307861	0.05293405	-315	1.816162	-281.8474	
134.852	COLLISION_NONE	NOT_SWITCH	 	 	-315.2743	1.799034	-279.8953	-0.01926749	0.004499928	-8.671931E-05	-0.9998043	-0.04678535	0.1003113	0.048172	-315	1.853011	-279.8953	
134.872	COLLISION_NONE	NOT_SWITCH	 	 	-315.2916	1.799035	-277.9431	-0.01925622	0.00463008	-8.917534E-05	-0.9998038	-0.0328598	0.1044312	0.04675353	-315	1.890844	-277.9431	
134.892	COLLISION_NONE	NOT_SWITCH	 	 	-315.3096	1.799036	-275.9908	-0.01925614	0.004695155	-9.042833E-05	-0.9998035	-0.02528858	0.0916748	0.05827844	-315	1.929693	-275.9908	
134.912	COLLISION_NONE	NOT_SWITCH	 	 	-315.3278	1.799036	-274.0386	-0.01927889	0.004760229	-9.179E-05	-0.9998028	-0.01150131	0.0916748	0.05037594	-315	1.969593	-274.0386	
134.932	COLLISION_NONE	NOT_SWITCH	 	 	-315.3462	1.799034	-272.0864	-0.01927286	0.004825305	-9.30158E-05	-0.9998026	-0.009467125	0.09661865	0.02851236	-315	2.010575	-272.0864	
134.952	COLLISION_NONE	NOT_SWITCH	 	 	-315.3649	1.799034	-270.1342	-0.01925905	0.004890143	-9.419813E-05	-0.9998026	-0.00279808	0.09295654	0.0249542	-315	2.052678	-270.1342	
134.972	COLLISION_NONE	NOT_SWITCH	 	 	-315.3838	1.799035	-268.182	-0.01929636	0.005020291	-9.689262E-05	-0.9998012	0.02227497	0.1087646	0.02505183	-315	2.09594	-268.182	
134.992	COLLISION_NONE	NOT_SWITCH	 	 	-315.4033	1.799033	-266.2299	-0.01927619	0.005085368	-9.8046E-05	-0.9998013	0.02634239	0.1203613	0.03049731	-315	2.140396	-266.2299	
135.012	COLLISION_NONE	NOT_SWITCH	 	 	-315.4229	1.799034	-264.2778	-0.0192715	0.005150443	-9.927653E-05	-0.999801	0.03025055	0.1141357	0.03800094	-315	2.186089	-264.2778	
135.032	COLLISION_NONE	NOT_SWITCH	 	 	-315.4429	1.799034	-262.3256	-0.01926915	0.005215519	-0.0001005186	-0.9998007	0.03423691	0.1287231	0.03614748	-315	2.233062	-262.3256	
135.052	COLLISION_NONE	NOT_SWITCH	 	 	-315.463	1.799035	-260.3735	-0.01927997	0.005280593	-0.00010183	-0.9998002	0.03303909	0.1303406	0.01841497	-315	2.281357	-260.3735	
135.072	COLLISION_NONE	NOT_SWITCH	 	 	-315.4835	1.799034	-258.4213	-0.01927997	0.005280593	-0.00010183	-0.9998002	0.03303909	0.1303406	0.01841497	-315	2.331022	-258.4213	
135.092	COLLISION_NONE	NOT_SWITCH	 	 	-315.5039	1.799034	-256.4692	-0.01927338	0.005345669	-0.0001030497	-0.9998	0.04000473	0.1622009	0.0107795	-315	2.382101	-256.4692	
135.112	COLLISION_NONE	NOT_SWITCH	 	 	-315.5245	1.799034	-254.517	-0.01925929	0.005410746	-0.000104228	-0.9997999	0.04392529	0.1661682	0.01014066	-315	2.434645	-254.517	
135.132	COLLISION_NONE	NOT_SWITCH	 	 	-315.5454	1.799035	-252.5649	-0.01924684	0.005475822	-0.0001054134	-0.9997998	0.03562927	0.1676025	-0.003647089	-315	2.488706	-252.5649	
135.1521	COLLISION_NONE	NOT_SWITCH	 	 	-315.5666	1.799037	-250.6127	-0.0192688	0.005540895	-0.0001067878	-0.999799	0.03962517	0.1822205	-0.005503535	-315	2.544336	-250.6127	
135.1721	COLLISION_NONE	NOT_SWITCH	 	 	-315.588	1.799035	-248.6605	-0.01926238	0.005605971	-0.0001080061	-0.9997988	0.0422945	0.1740723	-0.01532447	-315	2.60159	-248.6605	
135.1921	COLLISION_NONE	NOT_SWITCH	 	 	-315.6097	1.799035	-246.7083	-0.01926238	0.005605971	-0.0001080061	-0.9997988	0.0422945	0.1740723	-0.01532447	-315	2.660526	-246.7083	
135.2121	COLLISION_NONE	NOT_SWITCH	 	 	-315.6314	1.799035	-244.7561	-0.01928196	0.005671044	-0.0001093709	-0.999798	0.04205894	0.1772461	-0.01919746	-315	2.721204	-244.7561	
135.2321	COLLISION_NONE	NOT_SWITCH	 	 	-315.6533	1.799034	-242.804	-0.01927435	0.00573612	-0.0001105824	-0.9997978	0.03444576	0.1763306	-0.02218997	-315	2.783685	-242.804	
135.2521	COLLISION_NONE	NOT_SWITCH	 	 	-315.6755	1.799034	-240.8519	-0.01929333	0.005801193	-0.0001119471	-0.999797	0.03649807	0.1878357	-0.05176282	-315	2.848035	-240.8519	
135.2721	COLLISION_NONE	NOT_SWITCH	 	 	-315.6979	1.799033	-238.8997	-0.01928543	0.005866269	-0.0001131565	-0.9997968	0.04114532	0.1828003	-0.03387189	-315	2.91432	-238.8997	
135.2921	COLLISION_NONE	NOT_SWITCH	 	 	-315.7206	1.799033	-236.9476	-0.01930426	0.005931342	-0.0001145235	-0.9997961	0.03047085	0.171875	-0.02846766	-315	2.982613	-236.9476	
135.3121	COLLISION_NONE	NOT_SWITCH	 	 	-315.7436	1.799032	-234.9956	-0.01930426	0.005931342	-0.0001145235	-0.9997961	0.03047085	0.171875	-0.02846766	-315	3.052983	-234.9956	
135.3321	COLLISION_NONE	NOT_SWITCH	 	 	-315.7665	1.799031	-233.0435	-0.01929629	0.005996418	-0.0001157322	-0.9997959	0.02720451	0.1930542	-0.03067005	-315	3.125512	-233.0435	
135.3521	COLLISION_NONE	NOT_SWITCH	 	 	-315.7897	1.799032	-231.0914	-0.01930428	0.006061492	-0.0001170367	-0.9997953	0.04083633	0.2033386	-0.04324841	-315	3.200275	-231.0914	
135.3721	COLLISION_NONE	NOT_SWITCH	 	 	-315.8131	1.799031	-229.1394	-0.01929629	0.006126568	-0.0001182443	-0.999795	0.04558945	0.2089844	-0.02658701	-315	3.277357	-229.1394	
135.3921	COLLISION_NONE	NOT_SWITCH	 	 	-315.8369	1.799032	-227.1873	-0.01931507	0.00619164	-0.0001196166	-0.9997942	0.04959011	0.2235718	-0.02843416	-315	3.356845	-227.1873	
135.4121	COLLISION_NONE	NOT_SWITCH	 	 	-315.8608	1.79903	-225.2353	-0.01929628	0.006256718	-0.0001207562	-0.9997942	0.05025673	0.2421265	-0.02354968	-315	3.438826	-225.2353	
135.4321	COLLISION_NONE	NOT_SWITCH	 	 	-315.885	1.799032	-223.2832	-0.01929628	0.006256718	-0.0001207562	-0.9997942	0.05025673	0.2421265	-0.02354968	-315	3.523397	-223.2832	
135.4521	COLLISION_NONE	NOT_SWITCH	 	 	-315.9092	1.799032	-221.3312	-0.01220272	0.00619448	-7.559657E-05	-0.9999064	0.06082535	0.2322388	-0.01959884	-315	3.610654	-221.3312	
135.4721	COLLISION_NONE	NOT_SWITCH	 	 	-315.9336	1.799497	-219.3668	-0.003079275	0.006008473	-1.850216E-05	-0.9999772	0.07783794	0.2320251	-0.03120041	-315	3.701278	-219.3668	
135.4921	COLLISION_NONE	NOT_SWITCH	 	 	-315.9575	1.79988	-217.3761	0.01150384	0.005683882	6.539188E-05	-0.9999177	0.07106781	0.2495117	-0.03274274	-315	3.796107	-217.3761	
135.5121	COLLISION_NONE	NOT_SWITCH	 	 	-315.9813	1.808696	-215.3836	0.02315277	0.005223432	0.000120971	-0.9997183	0.07477093	0.2500305	-0.02952099	-315	3.894156	-215.3836	
135.5321	COLLISION_NONE	NOT_SWITCH	 	 	-316.0047	1.824825	-213.3907	0.03334393	0.004614543	0.0001539542	-0.9994333	0.06192303	0.2546082	-0.01509237	-315	3.995487	-213.3907	
135.5521	COLLISION_NONE	NOT_SWITCH	 	 	-316.0279	1.847777	-211.3976	0.0427884	0.003863034	0.0001654458	-0.9990767	0.07964993	0.2453918	-0.008166075	-315	4.100212	-211.3976	
135.5721	COLLISION_NONE	NOT_SWITCH	 	 	-316.0508	1.877342	-209.4045	0.0427884	0.003863034	0.0001654458	-0.9990767	0.07964993	0.2453918	-0.008166075	-315	4.208457	-209.4045	
135.5921	COLLISION_NONE	NOT_SWITCH	 	 	-316.0736	1.906906	-207.4114	0.05186301	0.002979225	0.0001547205	-0.9986498	0.07944107	0.2240906	-0.005727291	-315	4.320365	-207.4114	
135.6122	COLLISION_NONE	NOT_SWITCH	 	 	-316.096	1.943018	-205.4184	0.0607504	0.001968229	0.0001197922	-0.9981511	0.06689644	0.2171631	-0.0288626	-315	4.43607	-205.4184	
135.6322	COLLISION_NONE	NOT_SWITCH	 	 	-316.118	1.985709	-203.4257	0.06955231	0.000832119	5.801632E-05	-0.997578	0.0668354	0.210083	-0.028054	-315	4.555721	-203.4257	
135.6522	COLLISION_NONE	NOT_SWITCH	 	 	-316.1394	2.035091	-201.4334	-0.07829229	0.0004278947	3.360401E-05	0.9969304	0.04299641	0.1997375	-0.01125491	-315	4.679466	-201.4334	
135.6722	COLLISION_NONE	NOT_SWITCH	 	 	-316.1602	2.09135	-199.4415	-0.08701403	0.00181179	0.0001582516	0.9962054	0.06212234	0.2168274	0.003223896	-315	4.807462	-199.4415	
135.6922	COLLISION_NONE	NOT_SWITCH	 	 	-316.1804	2.154737	-197.4501	-0.08701403	0.00181179	0.0001582516	0.9962054	0.06212234	0.2168274	0.003223896	-315	4.939874	-197.4501	
135.7122	COLLISION_NONE	NOT_SWITCH	 	 	-316.2005	2.218123	-195.4587	-0.09570669	0.003309897	0.0003182419	0.9954041	0.0655489	0.2098389	0.003791451	-315	5.076915	-195.4587	
135.7322	COLLISION_NONE	NOT_SWITCH	 	 	-316.2199	2.28896	-193.468	-0.1043967	0.004925187	0.0005170049	0.9945234	0.05862236	0.2131348	0.003878474	-315	5.218725	-193.468	
135.7522	COLLISION_NONE	NOT_SWITCH	 	 	-316.2384	2.367643	-191.4781	-0.1130648	0.006659511	0.0007578327	0.993565	0.04410172	0.2119446	0.001375079	-315	5.365487	-191.4781	
135.7722	COLLISION_NONE	NOT_SWITCH	 	 	-316.2559	2.454646	-189.4891	-0.1217328	0.008514144	0.001044255	0.9925259	0.04770374	0.2018127	0.005819082	-315	5.517384	-189.4891	
135.7922	COLLISION_NONE	NOT_SWITCH	 	 	-316.2722	2.550528	-187.5012	-0.1303792	0.01049017	0.001379554	0.9914078	0.04068947	0.1908875	0.007535696	-315	5.674611	-187.5012	
135.8122	COLLISION_NONE	NOT_SWITCH	 	 	-316.2873	2.655946	-185.5145	-0.1303792	0.01049017	0.001379554	0.9914078	0.04068947	0.1908875	0.007535696	-315	5.837362	-185.5145	
135.8322	COLLISION_NONE	NOT_SWITCH	 	 	-316.3023	2.761364	-183.5279	-0.139025	0.01258853	0.001767428	0.9902073	0.04894447	0.2138977	0.01501274	-315	6.005967	-183.5279	
135.8522	COLLISION_NONE	NOT_SWITCH	 	 	-316.3159	2.877078	-181.5428	-0.1476479	0.01481022	0.002211183	0.9889266	0.05244255	0.2175903	0.01435781	-315	6.180531	-181.5428	
135.8722	COLLISION_NONE	NOT_SWITCH	 	 	-316.3278	3.00397	-179.5594	-0.1562685	0.01715619	0.002714738	0.9875619	0.04411602	0.2155151	0.000967145	-315	6.361266	-179.5594	
135.8922	COLLISION_NONE	NOT_SWITCH	 	 	-316.3377	3.143052	-177.578	-0.1648644	0.01962757	0.003281448	0.9861155	0.04854107	0.210083	0.01539087	-315	6.54838	-177.578	
135.9122	COLLISION_NONE	NOT_SWITCH	 	 	-316.3455	3.295485	-175.599	-0.1701427	0.02217535	0.003829798	0.9851624	0.05228329	0.2243042	0.01007509	-315	6.74209	-175.599	
135.9322	COLLISION_NONE	NOT_SWITCH	 	 	-316.3506	3.462597	-173.6228	-0.1701427	0.02217535	0.003829798	0.9851624	0.05228329	0.2243042	0.01007509	-315	6.94261	-173.6228	
135.9522	COLLISION_NONE	NOT_SWITCH	 	 	-316.3557	3.629708	-171.6466	-0.1735932	0.02477884	0.004369177	0.984496	0.05751896	0.2306824	0.03367555	-315	7.15049	-171.6466	
135.9722	COLLISION_NONE	NOT_SWITCH	 	 	-316.3576	3.81295	-169.6735	-0.1735808	0.0274266	0.004836049	0.9844258	0.0572834	0.2338562	0.0298053	-315	7.365683	-169.6735	
135.9922	COLLISION_NONE	NOT_SWITCH	 	 	-316.3559	4.013856	-167.7037	-0.1735671	0.03008869	0.005305448	0.984348	0.06049061	0.2336121	0.02609503	-315	7.588426	-167.7037	
136.0122	COLLISION_NONE	NOT_SWITCH	 	 	-316.3496	4.233956	-165.7377	-0.1735521	0.03275057	0.005774809	0.9842631	0.05334473	0.2364807	0.02272058	-315	7.818952	-165.7377	
136.0322	COLLISION_NONE	NOT_SWITCH	 	 	-316.3381	4.474728	-163.7758	-0.1735359	0.03540736	0.006243272	0.984171	0.05782127	0.2381897	0.03632426	-315	8.057505	-163.7758	
136.0522	COLLISION_NONE	NOT_SWITCH	 	 	-316.3204	4.737551	-161.8182	-0.1735359	0.03540736	0.006243272	0.984171	0.05782127	0.2381897	0.03632426	-315	8.304324	-161.8182	
136.0723	COLLISION_NONE	NOT_SWITCH	 	 	-316.3027	5.000374	-159.8606	-0.1735184	0.03805905	0.006710836	0.9840721	0.03401852	0.2695923	0.03784859	-315	8.560279	-159.8606	
136.0923	COLLISION_NONE	NOT_SWITCH	 	 	-316.2779	5.286476	-157.9076	-0.1734998	0.04070561	0.007177497	0.9839662	0.02947617	0.2817383	0.01913214	-315	8.825083	-157.9076	
136.1123	COLLISION_NONE	NOT_SWITCH	 	 	-316.2452	5.596877	-155.9596	-0.1734799	0.04334705	0.007643254	0.9838533	0.04822445	0.2877808	0.03138459	-315	9.098995	-155.9596	
136.1323	COLLISION_NONE	NOT_SWITCH	 	 	-316.2036	5.932338	-154.0166	-0.1734588	0.04598333	0.008108101	0.9837337	0.03670406	0.2960815	0.0135721	-315	9.382282	-154.0166	
136.1523	COLLISION_NONE	NOT_SWITCH	 	 	-316.1522	6.293315	-152.0789	-0.1734588	0.04598333	0.008108101	0.9837337	0.03670406	0.2960815	0.0135721	-315	9.67522	-152.0789	
136.1723	COLLISION_NONE	NOT_SWITCH	 	 	-316.1008	6.654293	-150.1411	-0.1734364	0.04861443	0.008572035	0.9836071	0.04437828	0.2975159	0.02347636	-315	9.978952	-150.1411	
136.1923	COLLISION_NONE	NOT_SWITCH	 	 	-316.0388	7.040908	-148.2088	-0.1734129	0.0512452	0.00903591	0.9834736	0.0627346	0.2752686	0.04242361	-315	10.29298	-148.2088	
136.2123	COLLISION_NONE	NOT_SWITCH	 	 	-315.9654	7.452926	-146.2818	-0.1733881	0.05387559	0.009499719	0.983333	0.05288124	0.2827454	0.04927409	-315	10.61761	-146.2818	
136.2323	COLLISION_NONE	NOT_SWITCH	 	 	-315.88	7.889762	-144.3602	-0.1733348	0.0591352	0.01042713	0.9830307	0.04196548	0.2815552	0.04308462	-315	10.95316	-144.3602	
136.2523	COLLISION_NONE	NOT_SWITCH	 	 	-315.7687	8.374	-142.4491	-0.1733064	0.06175417	0.01088893	0.9828697	-0.003432274	0.2871704	0.05233884	-315	11.29896	-142.4491	
136.2723	COLLISION_NONE	NOT_SWITCH	 	 	-315.6442	8.879443	-140.543	-0.1732769	0.0643652	0.01134932	0.9827021	0.0007286072	0.2915039	0.05517256	-315	11.65631	-140.5431	
136.2923	COLLISION_NONE	NOT_SWITCH	 	 	-315.5065	9.404473	-138.6416	-0.1732463	0.06695937	0.01180674	0.9825288	0.003628731	0.3082275	0.0424906	-315	12.02557	-138.6416	
136.3123	COLLISION_NONE	NOT_SWITCH	 	 	-315.3557	9.947367	-136.7446	-0.1732148	0.06952985	0.01225999	0.9823502	-0.003786087	0.3107605	0.03563523	-315	12.4071	-136.7446	
136.3323	COLLISION_NONE	NOT_SWITCH	 	 	-315.1918	10.50636	-134.8518	-0.1731827	0.07206059	0.01270622	0.9821678	-0.000629425	0.3033752	0.03275168	-315	12.80127	-134.8518	
136.3523	COLLISION_NONE	NOT_SWITCH	 	 	-315.0153	11.07973	-132.9628	-0.1731499	0.0745489	0.01314498	0.9819821	0.006164551	0.3139038	0.02757215	-315	13.20847	-132.9628	
136.3723	COLLISION_NONE	NOT_SWITCH	 	 	-314.8264	11.6658	-131.0774	-0.1731167	0.0769911	0.01357561	0.9817936	0.01386547	0.3153687	0.03746879	-315	13.62907	-131.0774	
136.3923	COLLISION_NONE	NOT_SWITCH	 	 	-314.6258	12.26302	-129.1953	-0.1730831	0.0793829	0.01399734	0.9816031	0.009339333	0.303009	0.02508116	-315	14.06344	-129.1953	
136.4123	COLLISION_NONE	NOT_SWITCH	 	 	-314.4137	12.86995	-127.3162	-0.1730494	0.08170953	0.01440759	0.9814122	0.01318645	0.2932739	0.03299034	-315	14.51196	-127.3163	
136.4323	COLLISION_NONE	NOT_SWITCH	 	 	-314.1909	13.48532	-125.44	-0.1730158	0.08396906	0.01480601	0.9812214	0.03083801	0.3080139	0.02669489	-315	14.97497	-125.44	
136.4523	COLLISION_NONE	NOT_SWITCH	 	 	-313.9578	14.108	-123.5663	-0.1729822	0.08616824	0.01519378	0.9810308	0.04803467	0.2944946	0.02710509	-315	15.45283	-123.5663	
136.4723	COLLISION_NONE	NOT_SWITCH	 	 	-313.715	14.73698	-121.695	-0.1729822	0.08616824	0.01519378	0.9810308	0.04803467	0.2944946	0.02710509	-315	15.94586	-121.6949	
136.4923	COLLISION_NONE	NOT_SWITCH	 	 	-313.4721	15.36597	-119.8236	-0.1729486	0.08831053	0.01557153	0.9808403	0.04860687	0.3023682	0.0332197	-315	16.45494	-119.8236	
136.5123	COLLISION_NONE	NOT_SWITCH	 	 	-313.2201	16.00042	-117.9545	-0.1729152	0.09038742	0.01593774	0.980651	0.04206085	0.2922363	0.04185534	-315	16.97977	-117.9545	
136.5323	COLLISION_NONE	NOT_SWITCH	 	 	-312.9594	16.63958	-116.0874	-0.1728843	0.09226912	0.01626953	0.9804758	0.04684925	0.2579346	0.0242238	-315	17.52058	-116.0874	
136.5524	COLLISION_NONE	NOT_SWITCH	 	 	-312.6904	17.28285	-114.2222	-0.1728554	0.09399259	0.01657343	0.980312	0.04758739	0.2590942	0.03462029	-315	18.07755	-114.2222	
136.5724	COLLISION_NONE	NOT_SWITCH	 	 	-312.4137	17.92971	-112.3588	-0.1728554	0.09399259	0.01657343	0.980312	0.04758739	0.2590942	0.03462029	-315	18.65089	-112.3588	
136.5924	COLLISION_NONE	NOT_SWITCH	 	 	-312.137	18.57658	-110.4954	-0.1728285	0.09557633	0.01685268	0.9801589	0.06393337	0.2301941	0.02625394	-315	19.24121	-110.4954	
136.6124	COLLISION_NONE	NOT_SWITCH	 	 	-311.8529	19.22661	-108.6336	-0.1728033	0.0970296	0.01710894	0.9800161	0.08173275	0.2346802	0.02463853	-315	19.84806	-108.6336	
136.6324	COLLISION_NONE	NOT_SWITCH	 	 	-311.5618	19.87944	-106.7734	-0.172784	0.09812469	0.01730203	0.9799071	0.09688663	0.2508545	0.03244388	-315	20.47145	-106.7734	
136.6524	COLLISION_NONE	NOT_SWITCH	 	 	-311.2642	20.53479	-104.9146	-0.172772	0.09880298	0.01742163	0.9798389	0.095788	0.2351074	0.02020538	-315	21.11131	-104.9146	
136.6724	COLLISION_NONE	NOT_SWITCH	 	 	-310.9604	21.19243	-103.0573	-0.172772	0.09880298	0.01742163	0.9798389	0.095788	0.2351074	0.02020538	-315	21.76752	-103.0573	
136.6924	COLLISION_NONE	NOT_SWITCH	 	 	-310.6566	21.85007	-101.1999	-0.1727675	0.09905721	0.01746646	0.9798133	0.08560753	0.2494202	0.02622449	-315	22.44034	-101.1999	
136.7124	COLLISION_NONE	NOT_SWITCH	 	 	-310.347	22.50984	-99.34379	-0.1727695	0.09894288	0.0174463	0.9798248	0.08971882	0.2436218	0.03718531	-315	23.12901	-99.34377	
136.7324	COLLISION_NONE	NOT_SWITCH	 	 	-310.0318	23.17162	-97.48891	-0.1727777	0.09848537	0.01736563	0.9798709	0.09009647	0.2683411	0.03090668	-315	23.83314	-97.48892	
136.7524	COLLISION_NONE	NOT_SWITCH	 	 	-309.7116	23.83532	-95.63517	-0.1727915	0.09770209	0.01722751	0.9799493	0.09328079	0.2609558	0.02801001	-315	24.55227	-95.63516	
136.7724	COLLISION_NONE	NOT_SWITCH	 	 	-309.3867	24.5009	-93.78247	-0.1728107	0.09660412	0.01703391	0.9800581	0.09505558	0.2619629	0.003102899	-315	25.28581	-93.78246	
136.7924	COLLISION_NONE	NOT_SWITCH	 	 	-309.0576	25.16834	-91.93073	-0.1728348	0.09520421	0.01678707	0.9801951	0.09829617	0.2617188	-0.0006140471	-315	26.03308	-91.93073	
136.8124	COLLISION_NONE	NOT_SWITCH	 	 	-308.7246	25.83771	-90.07986	-0.1728348	0.09520421	0.01678707	0.9801951	0.09829617	0.2617188	-0.0006140471	-315	26.79329	-90.07986	
136.8324	COLLISION_NONE	NOT_SWITCH	 	 	-308.3917	26.50708	-88.22899	-0.1728636	0.09350862	0.01648809	0.9803584	0.08166695	0.262207	0.01101255	-315	27.56585	-88.22897	
136.8524	COLLISION_NONE	NOT_SWITCH	 	 	-308.0557	27.17851	-86.37888	-0.1728966	0.09152284	0.01613794	0.9805457	0.09919453	0.2561646	0.01406038	-315	28.34937	-86.37889	
136.8724	COLLISION_NONE	NOT_SWITCH	 	 	-307.7173	27.85235	-84.52937	-0.1729335	0.08925193	0.01573752	0.980755	0.09893417	0.2522278	0.01099813	-315	29.14273	-84.52936	
136.8924	COLLISION_NONE	NOT_SWITCH	 	 	-307.3788	28.52887	-82.68012	-0.1729738	0.08670557	0.01528853	0.9809834	0.08877277	0.2456055	0.02292454	-315	29.94474	-82.68011	
136.9124	COLLISION_NONE	NOT_SWITCH	 	 	-307.0417	29.20667	-80.8307	-0.173017	0.08388851	0.0147918	0.9812284	0.06349373	0.2365112	0.01851666	-315	30.75415	-80.8307	
136.9324	COLLISION_NONE	NOT_SWITCH	 	 	-306.7063	29.88501	-78.98106	-0.173017	0.08388851	0.0147918	0.9812284	0.06349373	0.2365112	0.01851666	-315	31.5694	-78.98105	
136.9524	COLLISION_NONE	NOT_SWITCH	 	 	-306.3708	30.56335	-77.13141	-0.1730627	0.08080064	0.01424733	0.9814875	0.05678654	0.2330627	0.02287984	-315	32.38869	-77.13141	
136.9724	COLLISION_NONE	NOT_SWITCH	 	 	-306.0368	31.242	-75.28152	-0.1731104	0.07744177	0.01365507	0.9817582	0.07085514	0.2370605	0.01803911	-315	33.2103	-75.28154	
136.9924	COLLISION_NONE	NOT_SWITCH	 	 	-305.7042	31.92083	-73.43141	-0.1731104	0.07744177	0.01365507	0.9817582	0.07085514	0.2370605	0.01803911	-315	34.03232	-73.43141	
137.0125	COLLISION_NONE	NOT_SWITCH	 	 	-305.3716	32.59967	-71.5813	-0.1731597	0.0738166	0.01301586	0.9820374	0.08512688	0.2521973	0.01888883	-315	34.85259	-71.5813	
137.0325	COLLISION_NONE	NOT_SWITCH	 	 	-305.0405	33.27865	-69.73097	-0.1732091	0.06998819	0.0123408	0.9823177	0.1088238	0.248291	0.003740072	-315	35.66909	-69.73099	
137.0525	COLLISION_NONE	NOT_SWITCH	 	 	-304.7107	33.95773	-67.88042	-0.1732583	0.06595647	0.0116299	0.9825966	0.1334629	0.2424011	0.002851963	-315	36.47963	-67.88043	
137.0725	COLLISION_NONE	NOT_SWITCH	 	 	-304.3822	34.63691	-66.02967	-0.1733068	0.06172134	0.01088314	0.9828717	0.1387634	0.2471008	-0.0227133	-315	37.28196	-66.02966	
137.0925	COLLISION_NONE	NOT_SWITCH	 	 	-304.0552	35.31615	-64.17871	-0.1733541	0.05728269	0.01010048	0.9831404	0.1232834	0.2234192	-0.03317213	-315	38.07376	-64.17873	
137.1125	COLLISION_NONE	NOT_SWITCH	 	 	-303.7295	35.99546	-62.32755	-0.1733541	0.05728269	0.01010048	0.9831404	0.1232834	0.2234192	-0.03317213	-315	38.85278	-62.32756	
137.1325	COLLISION_NONE	NOT_SWITCH	 	 	-303.4039	36.67476	-60.47639	-0.1733989	0.05275092	0.009301409	0.983394	0.1194239	0.2087097	-0.03476942	-315	39.61661	-60.47638	
137.1525	COLLISION_NONE	NOT_SWITCH	 	 	-303.0796	37.35412	-58.62504	-0.1734402	0.04818414	0.008496162	0.9836283	0.1188145	0.1871338	-0.0323621	-315	40.36308	-58.62503	
137.1725	COLLISION_NONE	NOT_SWITCH	 	 	-302.7568	38.03353	-56.77349	-0.1734778	0.04361632	0.007690734	0.9838414	0.1200848	0.1925964	-0.01544142	-315	41.09	-56.7735	
137.1925	COLLISION_NONE	NOT_SWITCH	 	 	-302.4355	38.71298	-54.92174	-0.1735116	0.03904757	0.006885139	0.9840333	0.09158325	0.1939087	-0.02425432	-315	41.79526	-54.92175	
137.2125	COLLISION_NONE	NOT_SWITCH	 	 	-302.1157	39.39247	-53.06981	-0.1735417	0.03447797	0.006079395	0.9842041	0.09431648	0.1928711	-0.03489351	-315	42.47686	-53.06979	
137.2325	COLLISION_NONE	NOT_SWITCH	 	 	-301.7974	40.07199	-51.21768	-0.1735417	0.03447797	0.006079395	0.9842041	0.09431648	0.1928711	-0.03489351	-315	43.13291	-51.21768	
137.2525	COLLISION_NONE	NOT_SWITCH	 	 	-301.4792	40.75152	-49.36555	-0.1735681	0.02990763	0.005273521	0.9843535	0.09505367	0.1905212	-0.02410722	-315	43.76165	-49.36554	
137.2725	COLLISION_NONE	NOT_SWITCH	 	 	-301.1626	41.43109	-47.51323	-0.1735907	0.02533664	0.004467533	0.9844818	0.09214592	0.2017822	-0.01813698	-315	44.3616	-47.51324	
137.2925	COLLISION_NONE	NOT_SWITCH	 	 	-300.8477	42.11069	-45.66072	-0.1736095	0.02076511	0.003661448	0.9845888	0.06836128	0.2194824	-0.008072376	-315	44.93145	-45.66074	
137.3125	COLLISION_NONE	NOT_SWITCH	 	 	-300.5346	42.79032	-43.80803	-0.1736095	0.02076511	0.003661448	0.9845888	0.06836128	0.2194824	-0.008072376	-315	45.47007	-43.80801	
137.3325	COLLISION_NONE	NOT_SWITCH	 	 	-300.2215	43.46996	-41.95533	-0.1736247	0.01619313	0.002855285	0.9846746	0.06237221	0.2416687	0.0003728867	-315	45.97652	-41.95532	
137.3525	COLLISION_NONE	NOT_SWITCH	 	 	-299.9103	44.14962	-40.10243	-0.1736361	0.0116208	0.00204906	0.9847392	0.03727818	0.2258911	0.0002369881	-315	46.4502	-40.10242	
137.3725	COLLISION_NONE	NOT_SWITCH	 	 	-299.601	44.82932	-38.24935	-0.1736437	0.007048214	0.00124279	0.9847826	0.02602959	0.2136536	-0.008187532	-315	46.89069	-38.24936	
137.3925	COLLISION_NONE	NOT_SWITCH	 	 	-299.2939	45.50906	-36.39607	-0.1736476	0.002475479	0.0004364937	0.9848046	0.008370399	0.1988525	-0.001865864	-315	47.29785	-36.39606	
137.4125	COLLISION_NONE	NOT_SWITCH	 	 	-298.989	46.18882	-34.54259	-0.1736476	0.002475479	0.0004364937	0.9848046	0.008370399	0.1988525	-0.001865864	-315	47.67174	-34.5426	
137.4325	COLLISION_NONE	NOT_SWITCH	 	 	-298.6842	46.86858	-32.68911	0.1644101	0.002100488	0.0003501065	-0.9863898	0.0119772	0.2132263	-0.00375545	-315	48.01267	-32.68912	
137.4525	COLLISION_NONE	NOT_SWITCH	 	 	-298.3817	47.54811	-30.83535	0.1340576	0.006681241	0.0009038506	-0.9909506	0.006476402	0.2064209	-0.03081048	-315	48.32124	-30.83536	
137.4725	COLLISION_NONE	NOT_SWITCH	 	 	-298.0815	48.2266	-28.98106	0.1110277	0.01119814	0.001251119	-0.9937535	-0.01084518	0.2092896	-0.02998066	-315	48.59826	-28.98105	
137.4926	COLLISION_NONE	NOT_SWITCH	 	 	-297.7835	48.90356	-27.12615	0.0916692	0.01567456	0.00144313	-0.9956651	-0.007296562	0.2165222	-0.03104627	-315	48.84472	-27.12616	
137.5126	COLLISION_NONE	NOT_SWITCH	 	 	-297.4878	49.57856	-25.27055	0.07414494	0.02012249	0.001496405	-0.9970433	0.01881886	0.2374573	-0.01747966	-315	49.06181	-25.27054	
137.5326	COLLISION_NONE	NOT_SWITCH	 	 	-297.1944	50.25118	-23.41419	0.05753433	0.02454789	0.001415119	-0.9980407	0.006649971	0.2241821	-0.03285611	-315	49.25087	-23.41418	
137.5526	COLLISION_NONE	NOT_SWITCH	 	 	-296.9035	50.92098	-21.55701	0.04137802	0.02895461	0.001199616	-0.9987232	0.009589195	0.2199707	-0.03961647	-315	49.41344	-21.55701	
137.5726	COLLISION_NONE	NOT_SWITCH	 	 	-296.6154	51.5874	-19.69895	0.02544818	0.03334482	0.0008493129	-0.9991195	0.01243114	0.2015991	-0.0447607	-315	49.55116	-19.69894	
137.5926	COLLISION_NONE	NOT_SWITCH	 	 	-296.3302	52.2498	-17.83993	-0.006120986	0.04208117	-0.0002578114	-0.9990954	-0.004198074	0.226532	-0.03945315	-315	49.66585	-17.83994	
137.6126	COLLISION_NONE	NOT_SWITCH	 	 	-296.0517	52.90242	-15.9789	-0.02183835	0.04643011	-0.001015295	-0.9986823	-0.01448822	0.205719	-0.02588439	-315	49.75944	-15.97888	
137.6326	COLLISION_NONE	NOT_SWITCH	 	 	-295.7776	53.54809	-14.11666	-0.02183835	0.04643011	-0.001015295	-0.9986823	-0.01448822	0.205719	-0.02588439	-315	49.83388	-14.11667	
137.6526	COLLISION_NONE	NOT_SWITCH	 	 	-295.5034	54.19376	-12.25442	-0.03752891	0.05076751	-0.001909061	-0.9980033	-0.02142906	0.2054443	-0.02538824	-315	49.8912	-12.25443	
137.6726	COLLISION_NONE	NOT_SWITCH	 	 	-295.2343	54.8309	-10.39087	-0.05319518	0.05509458	-0.002939412	-0.9970588	-0.01334381	0.1970215	-0.007336259	-315	49.93362	-10.39087	
137.6926	COLLISION_NONE	NOT_SWITCH	 	 	-294.9713	55.45748	-8.525927	-0.06883615	0.05938283	-0.004104718	-0.9958506	0.009033203	0.1929321	0.009345889	-315	49.96331	-8.52594	
137.7126	COLLISION_NONE	NOT_SWITCH	 	 	-294.7156	56.07091	-6.659491	-0.08444926	0.06357238	-0.005398966	-0.9943832	0.001871109	0.1922913	0.006368637	-315	49.98251	-6.659485	
137.7326	COLLISION_NONE	NOT_SWITCH	 	 	-294.4687	56.66782	-4.791512	-0.1000312	0.06762674	-0.006814808	-0.99266	0.007909775	0.1771851	-0.002878785	-315	49.99348	-4.791504	
137.7526	COLLISION_NONE	NOT_SWITCH	 	 	-294.2325	57.24391	-2.92199	-0.115579	0.0714647	-0.008337449	-0.990689	0.01825142	0.1949463	-0.00913167	-315	49.99852	-2.921997	
137.7726	COLLISION_NONE	NOT_SWITCH	 	 	-294.0095	57.79359	-1.051027	-0.115579	0.0714647	-0.008337449	-0.990689	0.01825142	0.1949463	-0.00913167	-315	49.99993	-1.051025	
137.7926	COLLISION_NONE	NOT_SWITCH	 	 	-293.7864	58.34327	0.8199365	-0.1310902	0.07498071	-0.009943778	-0.9884809	-0.005055428	0.1955566	0.00646174	-315	49.99997	0.8199768	
137.8126	COLLISION_NONE	NOT_SWITCH	 	 	-293.5795	58.85938	2.692085	-0.1465611	0.07823345	-0.01162837	-0.9860346	-0.01182556	0.2029114	0.01303637	-315	49.99884	2.692078	
137.8326	COLLISION_NONE	NOT_SWITCH	 	 	-293.3923	59.33285	4.56491	-0.1619907	0.08107042	-0.0133548	-0.9833658	-0.003601074	0.218811	0.02132237	-315	49.99437	4.564911	
137.8526	COLLISION_NONE	NOT_SWITCH	 	 	-293.2293	59.75224	6.437539	-0.1730219	0.08356691	-0.0147351	-0.9812558	0.00147438	0.2021484	-0.00178349	-315	49.9842	6.437531	
137.8726	COLLISION_NONE	NOT_SWITCH	 	 	-293.0958	60.10374	8.308917	-0.1729882	0.08577892	-0.01512514	-0.9810649	0.009166718	0.2035828	0.0081141	-315	49.96604	8.308929	
137.8926	COLLISION_NONE	NOT_SWITCH	 	 	-292.9994	60.37188	10.17864	-0.1729617	0.08747763	-0.01542467	-0.9809149	0.0126524	0.1792603	0.01419008	-315	49.9376	10.17868	
137.9126	COLLISION_NONE	NOT_SWITCH	 	 	-292.9475	60.54094	12.04629	-0.1729617	0.08747763	-0.01542467	-0.9809149	0.0126524	0.1792603	0.01419008	-315	49.89664	12.0463	
137.9326	COLLISION_NONE	NOT_SWITCH	 	 	-292.8957	60.71001	13.91394	-0.1729421	0.0887145	-0.01564276	-0.9808038	0.02217674	0.1643066	0.004683971	-315	49.84091	13.91394	
137.9527	COLLISION_NONE	NOT_SWITCH	 	 	-292.8953	60.76628	15.7791	-0.1729293	0.08951561	-0.01578402	-0.980731	0.02591515	0.1648254	0.007897496	-315	49.76831	15.77911	
137.9727	COLLISION_NONE	NOT_SWITCH	 	 	-292.9509	60.70085	17.6415	-0.1729232	0.08989393	-0.01585072	-0.9806964	0.04368687	0.1693115	0.006276727	-315	49.6768	17.64151	
137.9927	COLLISION_NONE	NOT_SWITCH	 	 	-293.0634	60.51235	19.50105	-0.1729232	0.08989393	-0.01585072	-0.9806964	0.04368687	0.1693115	0.006276727	-315	49.56444	19.50101	
138.0127	COLLISION_NONE	NOT_SWITCH	 	 	-293.176	60.32385	21.36059	-0.1729238	0.08985606	-0.01584405	-0.9806999	0.04818058	0.17099	0.01988268	-315	49.42914	21.3606	
138.0327	COLLISION_NONE	NOT_SWITCH	 	 	-293.342	60.0196	23.21746	-0.1729311	0.089405	-0.01576451	-0.9807411	0.04671288	0.1722412	-0.001314402	-315	49.26932	23.21747	
138.0527	COLLISION_NONE	NOT_SWITCH	 	 	-293.5542	59.61439	25.07209	-0.1729449	0.08854263	-0.01561245	-0.9808193	0.05053902	0.1869507	0.0002782345	-315	49.08334	25.07208	
138.0727	COLLISION_NONE	NOT_SWITCH	 	 	-293.803	59.12718	26.92505	-0.172965	0.08726926	-0.01538792	-0.9809334	0.04603386	0.1817017	-0.01291978	-315	48.86965	26.92508	
138.0927	COLLISION_NONE	NOT_SWITCH	 	 	-294.0782	58.57735	28.77704	-0.1729912	0.08558548	-0.01509103	-0.9810818	0.04566669	0.1569824	-0.006631851	-315	48.62685	28.77704	
138.1127	COLLISION_NONE	NOT_SWITCH	 	 	-294.3704	57.98198	30.62868	-0.1729912	0.08558548	-0.01509103	-0.9810818	0.04566669	0.1569824	-0.006631851	-315	48.35366	30.62866	
138.1327	COLLISION_NONE	NOT_SWITCH	 	 	-294.6627	57.38661	32.48033	-0.173023	0.0834911	-0.01472173	-0.9812622	0.04926777	0.1814575	-0.01663494	-315	48.04903	32.48035	
138.1527	COLLISION_NONE	NOT_SWITCH	 	 	-294.964	56.75936	34.33224	-0.17306	0.08098616	-0.01428004	-0.9814722	0.07941914	0.1824036	0.009511352	-315	47.71209	34.33224	
138.1727	COLLISION_NONE	NOT_SWITCH	 	 	-295.2679	56.1106	36.18493	-0.1731015	0.0780849	-0.01376847	-0.9817072	0.06899166	0.1819458	0.01026845	-315	47.34212	36.18494	
138.1927	COLLISION_NONE	NOT_SWITCH	 	 	-295.5692	55.44851	38.03877	-0.1731463	0.07482078	-0.01319292	-0.9819614	0.07328796	0.1903687	0.01959336	-315	46.93864	38.03876	
138.2127	COLLISION_NONE	NOT_SWITCH	 	 	-295.8654	54.77967	39.8938	-0.1731463	0.07482078	-0.01319292	-0.9819614	0.07328796	0.1903687	0.01959336	-315	46.50146	39.8938	
138.2327	COLLISION_NONE	NOT_SWITCH	 	 	-296.1616	54.11082	41.74883	-0.1731934	0.07122283	-0.0125585	-0.9822289	0.08372784	0.1943359	0.01843953	-315	46.03094	41.74887	
138.2527	COLLISION_NONE	NOT_SWITCH	 	 	-296.4528	53.43893	43.6048	-0.1732416	0.06735408	-0.01187634	-0.9825018	0.06872654	0.178009	0.007207632	-315	45.52721	43.6048	
138.2727	COLLISION_NONE	NOT_SWITCH	 	 	-296.7395	52.76548	45.46152	-0.1732891	0.06329355	-0.01116036	-0.9827717	0.08355808	0.1730347	0.02087307	-315	44.99089	45.46152	
138.2927	COLLISION_NONE	NOT_SWITCH	 	 	-297.0221	52.09108	47.31888	-0.1733357	0.05904748	-0.01041166	-0.983036	0.08432484	0.1777344	0.03086436	-315	44.42283	47.31885	
138.3127	COLLISION_NONE	NOT_SWITCH	 	 	-297.301	51.41605	49.17679	-0.1733801	0.05469858	-0.009644835	-0.9832876	0.06864929	0.1607666	0.01615	-315	43.82412	49.17682	
138.3327	COLLISION_NONE	NOT_SWITCH	 	 	-297.5762	50.74056	51.03521	-0.1733801	0.05469858	-0.009644835	-0.9832876	0.06864929	0.1607666	0.01615	-315	43.19609	51.03519	
138.3527	COLLISION_NONE	NOT_SWITCH	 	 	-297.8515	50.06507	52.89363	-0.1734218	0.05026865	-0.008863717	-0.983524	0.04039383	0.1487732	0.0193373	-315	42.54039	52.89365	
138.3727	COLLISION_NONE	NOT_SWITCH	 	 	-298.1232	49.38922	54.75253	-0.1734602	0.04580462	-0.00807659	-0.983742	0.04431248	0.1461487	0.02642262	-315	41.85856	54.7525	
138.3927	COLLISION_NONE	NOT_SWITCH	 	 	-298.3915	48.71308	56.61185	-0.173495	0.04135513	-0.007292024	-0.9839391	0.03315544	0.1445618	0.01678073	-315	41.15246	56.61185	
138.4128	COLLISION_NONE	NOT_SWITCH	 	 	-298.6564	48.03669	58.4716	-0.1735261	0.03691958	-0.006509917	-0.9841155	0.03632927	0.137207	0.01387954	-315	40.4241	58.47159	
138.4328	COLLISION_NONE	NOT_SWITCH	 	 	-298.9179	47.3601	60.33173	-0.1735535	0.03250792	-0.005732023	-0.9842711	0.05142021	0.1462708	0.02248847	-315	39.67559	60.33173	
138.4528	COLLISION_NONE	NOT_SWITCH	 	 	-299.176	46.68332	62.19224	-0.173577	0.02819981	-0.004972387	-0.984404	0.05438519	0.135498	0.0234338	-315	38.90916	62.19223	
138.4728	COLLISION_NONE	NOT_SWITCH	 	 	-299.4306	46.00638	64.05312	-0.173577	0.02819981	-0.004972387	-0.984404	0.05438519	0.135498	0.0234338	-315	38.12706	64.0531	
138.4928	COLLISION_NONE	NOT_SWITCH	 	 	-299.6853	45.32943	65.91399	-0.1735964	0.02405407	-0.00424138	-0.984514	0.06767178	0.1347656	0.008601904	-315	37.33176	65.914	
138.5128	COLLISION_NONE	NOT_SWITCH	 	 	-299.9364	44.65234	67.77521	-0.173612	0.02010931	-0.003545812	-0.9846025	0.05601692	0.1222839	0.0001547337	-315	36.52548	67.77521	
138.5328	COLLISION_NONE	NOT_SWITCH	 	 	-300.184	43.9751	69.63677	-0.1736238	0.01649501	-0.002908514	-0.9846696	0.06019211	0.1200256	0.01070583	-315	35.71052	69.63678	
138.5528	COLLISION_NONE	NOT_SWITCH	 	 	-300.4279	43.29773	71.49866	-0.1736327	0.01315047	-0.002318783	-0.98472	0.06100082	0.1247559	0.02068508	-315	34.88916	71.49866	
138.5728	COLLISION_NONE	NOT_SWITCH	 	 	-300.6682	42.62022	73.36089	-0.1736391	0.01004504	-0.001771211	-0.9847565	0.0574131	0.1139526	0.02216363	-315	34.06362	73.36093	
138.5928	COLLISION_NONE	NOT_SWITCH	 	 	-300.9045	41.9426	75.22342	-0.1736391	0.01004504	-0.001771211	-0.9847565	0.0574131	0.1139526	0.02216363	-315	33.23614	75.22342	
138.6128	COLLISION_NONE	NOT_SWITCH	 	 	-301.1409	41.26497	77.08595	-0.1736434	0.007284408	-0.001284437	-0.9847808	0.05876923	0.1366882	0.03013241	-315	32.40887	77.08594	
138.6328	COLLISION_NONE	NOT_SWITCH	 	 	-301.3733	40.58722	78.94881	-0.173646	0.004962316	-0.0008749901	-0.9847953	0.05959702	0.1484985	0.03930795	-315	31.58366	78.94879	
138.6528	COLLISION_NONE	NOT_SWITCH	 	 	-301.6015	39.90935	80.81197	-0.1736473	0.003157217	-0.0005567024	-0.9848027	0.05893707	0.1579895	0.02769303	-315	30.76236	80.81201	
138.6728	COLLISION_NONE	NOT_SWITCH	 	 	-301.8256	39.23136	82.67546	-0.1736479	0.001847761	-0.0003258101	-0.9848061	0.05052471	0.1452637	0.01552486	-315	29.94677	82.67548	
138.6928	COLLISION_NONE	NOT_SWITCH	 	 	-302.0453	38.55325	84.53927	-0.1736481	0.0009916942	-0.0001748624	-0.9848073	0.03921795	0.1294861	0.007514358	-315	29.13846	84.53928	
138.7128	COLLISION_NONE	NOT_SWITCH	 	 	-302.2604	37.87501	86.4034	-0.1736481	0.0005634255	-9.93471E-05	-0.9848076	0.02494907	0.104187	0.01481843	-315	28.33891	86.40341	
138.7328	COLLISION_NONE	NOT_SWITCH	 	 	-302.4709	37.19665	88.26788	-0.1736481	0.0005634255	-9.93471E-05	-0.9848076	0.02494907	0.104187	0.01481843	-315	27.54949	88.26788	
138.7528	COLLISION_NONE	NOT_SWITCH	 	 	-302.6814	36.51828	90.13235	-0.1736481	0.0005474593	-9.653183E-05	-0.9848076	0.02873421	0.1082764	0.01761675	-315	26.77155	90.13235	
138.7728	COLLISION_NONE	NOT_SWITCH	 	 	-302.887	35.83979	91.99716	-0.1736481	0.0009336994	-0.0001646364	-0.9848073	0.04629612	0.1159363	0.01210952	-315	26.00603	91.99719	
138.7928	COLLISION_NONE	NOT_SWITCH	 	 	-303.0877	35.16116	93.86233	-0.1736479	0.001719562	-0.0003032052	-0.9848063	0.04703236	0.1170959	0.02250481	-315	25.25389	93.86234	
138.8128	COLLISION_NONE	NOT_SWITCH	 	 	-303.2834	34.48239	95.72787	-0.1736474	0.002903638	-0.0005119896	-0.9848035	0.04748821	0.1387939	0.02352083	-315	24.51595	95.72787	
138.8328	COLLISION_NONE	NOT_SWITCH	 	 	-303.4738	33.80347	97.5938	-0.1736464	0.00448545	-0.0007909057	-0.9847976	0.03674984	0.1308899	0.02162576	-315	23.79291	97.59381	
138.8528	COLLISION_NONE	NOT_SWITCH	 	 	-303.659	33.12439	99.46013	-0.1736412	0.008840823	-0.001558875	-0.9847681	0.02516937	0.1290283	0.01196563	-315	23.08536	99.46017	
138.8728	COLLISION_NONE	NOT_SWITCH	 	 	-303.8336	32.44498	101.3273	-0.1736361	0.01160939	-0.002047049	-0.9847394	0.02910614	0.1228638	0.01944911	-315	22.39364	101.3273	
138.8929	COLLISION_NONE	NOT_SWITCH	 	 	-304.0027	31.76538	103.195	-0.1736287	0.0147312	-0.002597507	-0.9846976	0.03288746	0.140625	0.0137217	-315	21.71826	103.195	
138.9129	COLLISION_NONE	NOT_SWITCH	 	 	-304.1667	31.08557	105.0632	-0.1736186	0.01816743	-0.003203408	-0.9846402	0.03526688	0.1320801	0.0004433393	-315	21.05953	105.0633	
138.9329	COLLISION_NONE	NOT_SWITCH	 	 	-304.3254	30.40552	106.932	-0.1736053	0.02188396	-0.003858732	-0.9845646	0.03932095	0.1401367	0.006292582	-315	20.41765	106.9319	
138.9529	COLLISION_NONE	NOT_SWITCH	 	 	-304.4791	29.72521	108.8013	-0.1735885	0.02580297	-0.004549759	-0.9844697	0.02792168	0.1280212	0.001314521	-315	19.79272	108.8013	
138.9729	COLLISION_NONE	NOT_SWITCH	 	 	-304.6281	29.04458	110.6712	-0.173568	0.02992411	-0.005276427	-0.984353	0.02810097	0.1248474	0.005194068	-315	19.18476	110.6713	
138.9929	COLLISION_NONE	NOT_SWITCH	 	 	-304.7727	28.36353	112.542	-0.1735431	0.03424723	-0.00603871	-0.9842121	0.04599476	0.1119995	0.009057403	-315	18.59378	112.542	
139.0129	COLLISION_NONE	NOT_SWITCH	 	 	-304.9136	27.68168	114.4138	-0.1735139	0.03871492	-0.006826484	-0.9840465	0.04598045	0.108429	0.00946629	-315	18.01958	114.4138	
139.0329	COLLISION_NONE	NOT_SWITCH	 	 	-305.0572	26.99896	116.2863	-0.1734805	0.04326438	-0.007628676	-0.983857	0.02563477	0.1262817	0.01929617	-315	17.46219	116.2863	
139.0529	COLLISION_NONE	NOT_SWITCH	 	 	-305.2026	26.31614	118.1587	-0.1734805	0.04326438	-0.007628676	-0.983857	0.02563477	0.1262817	0.01929617	-315	16.92162	118.1588	
139.0729	COLLISION_NONE	NOT_SWITCH	 	 	-305.3479	25.63331	120.0312	-0.1734432	0.04783214	-0.008434096	-0.9836455	0.04057407	0.1456299	0.02320993	-315	16.39767	120.0313	
139.0929	COLLISION_NONE	NOT_SWITCH	 	 	-305.4949	24.95044	121.9036	-0.1734022	0.05239887	-0.009239334	-0.9834128	0.04755878	0.1494446	0.02230144	-315	15.89008	121.9036	
139.1129	COLLISION_NONE	NOT_SWITCH	 	 	-305.6434	24.26752	123.7759	-0.1733574	0.05696447	-0.01004437	-0.9831589	0.03516388	0.1459045	-0.004657149	-315	15.39859	123.7759	
139.1329	COLLISION_NONE	NOT_SWITCH	 	 	-305.7934	23.58459	125.6481	-0.1733093	0.06149792	-0.01084374	-0.9828857	0.04909134	0.1255798	0.000243187	-315	14.92286	125.6481	
139.1529	COLLISION_NONE	NOT_SWITCH	 	 	-305.9449	22.90163	127.5201	-0.1732592	0.0658752	-0.01161557	-0.9826021	0.05271149	0.1118774	0.00508821	-315	14.46257	127.5201	
139.1729	COLLISION_NONE	NOT_SWITCH	 	 	-306.098	22.21865	129.392	-0.1732592	0.0658752	-0.01161557	-0.9826021	0.05271149	0.1118774	0.00508821	-315	14.01737	129.392	
139.1929	COLLISION_NONE	NOT_SWITCH	 	 	-306.2511	21.53568	131.2639	-0.1732106	0.06987154	-0.01232024	-0.982326	0.06889343	0.1177368	-0.01430118	-315	13.58684	131.2639	
139.2129	COLLISION_NONE	NOT_SWITCH	 	 	-306.4057	20.85269	133.1356	-0.1731646	0.07344198	-0.0129498	-0.9820655	0.05894566	0.1180725	-0.006612062	-315	13.17064	133.1356	
139.2329	COLLISION_NONE	NOT_SWITCH	 	 	-306.5619	20.16969	135.0072	-0.173124	0.07646254	-0.01348241	-0.9818349	0.06093979	0.1313171	0.01297557	-315	12.76841	135.0071	
139.2529	COLLISION_NONE	NOT_SWITCH	 	 	-306.7196	19.48668	136.8785	-0.1730896	0.0789249	-0.01391659	-0.9816401	0.05808258	0.1324768	0.02705312	-315	12.37973	136.8785	
139.2729	COLLISION_NONE	NOT_SWITCH	 	 	-306.879	18.80365	138.7497	-0.1730896	0.0789249	-0.01391659	-0.9816401	0.05808258	0.1324768	0.02705312	-315	12.00422	138.7498	
139.2929	COLLISION_NONE	NOT_SWITCH	 	 	-307.0383	18.12062	140.6209	-0.1730612	0.08090308	-0.01426539	-0.981479	0.04625034	0.1123657	0.0125252	-315	11.64146	140.6209	
139.3129	COLLISION_NONE	NOT_SWITCH	 	 	-307.1994	17.43759	142.492	-0.1730387	0.08243407	-0.01453535	-0.9813516	0.0455904	0.1218872	0.0009034872	-315	11.29108	142.4919	
139.3329	COLLISION_NONE	NOT_SWITCH	 	 	-307.3621	16.75454	144.3628	-0.1730223	0.0835365	-0.01472974	-0.9812584	0.06223869	0.124939	-0.01114595	-315	10.95269	144.3628	
139.353	COLLISION_NONE	NOT_SWITCH	 	 	-307.5266	16.07148	146.2334	-0.173012	0.0842196	-0.01485019	-0.9812	0.06139469	0.1131287	-0.02031732	-315	10.62591	146.2334	
139.373	COLLISION_NONE	NOT_SWITCH	 	 	-307.6928	15.38841	148.1038	-0.1730079	0.08448792	-0.0148975	-0.9811769	0.06403446	0.1294861	-0.03646624	-315	10.31037	148.1037	
139.393	COLLISION_NONE	NOT_SWITCH	 	 	-307.861	14.70533	149.9739	-0.1730101	0.08434406	-0.01487213	-0.9811893	0.05955124	0.09976196	-0.04334545	-315	10.00568	149.9739	
139.413	COLLISION_NONE	NOT_SWITCH	 	 	-308.031	14.02223	151.8439	-0.1730101	0.08434406	-0.01487213	-0.9811893	0.05955124	0.09976196	-0.04334545	-315	9.711474	151.8438	
139.433	COLLISION_NONE	NOT_SWITCH	 	 	-308.201	13.33914	153.7138	-0.1730185	0.08378892	-0.01477425	-0.9812368	0.04467869	0.0874939	-0.04806948	-315	9.42736	153.7138	
139.453	COLLISION_NONE	NOT_SWITCH	 	 	-308.3729	12.65603	155.5835	-0.173033	0.08282315	-0.01460395	-0.9813188	0.04753304	0.07623291	-0.05402875	-315	9.153026	155.5835	
139.473	COLLISION_NONE	NOT_SWITCH	 	 	-308.5468	11.97291	157.453	-0.1730533	0.0814469	-0.01436128	-0.981434	0.04785919	0.08370972	-0.05137956	-315	8.888124	157.453	
139.493	COLLISION_NONE	NOT_SWITCH	 	 	-308.7228	11.28978	159.3222	-0.1730791	0.07966024	-0.01404625	-0.9815807	0.04866695	0.09197998	-0.04180253	-315	8.632324	159.3222	
139.513	COLLISION_NONE	NOT_SWITCH	 	 	-308.9008	10.60663	161.1912	-0.1731101	0.07746275	-0.01365877	-0.9817565	0.03831863	0.07418823	-0.03554034	-315	8.385292	161.1912	
139.533	COLLISION_NONE	NOT_SWITCH	 	 	-309.0809	9.92347	163.06	-0.1731101	0.07746275	-0.01365877	-0.9817565	0.03831863	0.07418823	-0.03554034	-315	8.146716	163.06	
139.553	COLLISION_NONE	NOT_SWITCH	 	 	-309.261	9.240307	164.9288	-0.1731458	0.07485449	-0.01319886	-0.9819588	0.03059578	0.05905151	-0.03689086	-315	7.916266	164.9288	
139.573	COLLISION_NONE	NOT_SWITCH	 	 	-309.4433	8.557125	166.7973	-0.1731856	0.0718352	-0.01266648	-0.9821844	0.0305481	0.05551147	-0.03648388	-315	7.693673	166.7973	
139.593	COLLISION_NONE	NOT_SWITCH	 	 	-309.6277	7.873923	168.6656	-0.1732288	0.06840487	-0.01206162	-0.9824292	0.03327751	0.09085083	-0.01242542	-315	7.478641	168.6656	
139.613	COLLISION_NONE	NOT_SWITCH	 	 	-309.8142	7.190698	170.5338	-0.1732744	0.06457751	-0.01138676	-0.9826882	0.03936768	0.07928467	-0.02209198	-315	7.270898	170.5338	
139.633	COLLISION_NONE	NOT_SWITCH	 	 	-310.0028	6.507444	172.4017	-0.1733211	0.0604157	-0.01065292	-0.9829528	0.04312706	0.08337402	-0.01928985	-315	7.070167	172.4017	
139.653	COLLISION_NONE	NOT_SWITCH	 	 	-310.1935	5.82415	174.2696	-0.1733211	0.0604157	-0.01065292	-0.9829528	0.04312706	0.08337402	-0.01928985	-315	6.876191	174.2696	
139.673	COLLISION_NONE	NOT_SWITCH	 	 	-310.3842	5.140857	176.1374	-0.1733661	0.0561056	-0.009892929	-0.9832082	0.04767513	0.0921936	-0.006509542	-315	6.688704	176.1374	
139.693	COLLISION_NONE	NOT_SWITCH	 	 	-310.577	4.457499	178.0052	-0.1734084	0.05173533	-0.009122333	-0.9834479	0.05069542	0.1087646	-0.02261937	-315	6.507472	178.0052	
139.713	COLLISION_NONE	NOT_SWITCH	 	 	-310.7714	3.773874	179.8734	-0.173447	0.04739311	-0.008356684	-0.9836667	0.04682159	0.1149597	-0.03011656	-315	6.332216	179.8734	
139.733	COLLISION_NONE	NOT_SWITCH	 	 	-310.9648	3.090217	181.7419	-0.1734817	0.04311519	-0.00760237	-0.9838635	0.06312084	0.1105652	-0.04481888	-315	6.162741	181.7419	
139.753	COLLISION_NONE	NOT_SWITCH	 	 	-311.1571	2.406545	183.6104	-0.1654366	0.03898152	-0.006544334	-0.985428	0.05042362	0.1328735	-0.03240728	-315	5.998843	183.6104	
139.773	COLLISION_NONE	NOT_SWITCH	 	 	-311.3487	1.723431	185.4793	-0.1530551	0.0350519	-0.005432335	-0.987581	0.05056667	0.1225891	-0.02771485	-315	5.840301	185.4793	
139.793	COLLISION_NONE	NOT_SWITCH	 	 	-311.4973	1.735899	186.9338	-0.1359941	0.03149819	-0.004325966	-0.9901993	0.04117584	0.1272888	-0.01351571	-315	5.720511	186.9338	
139.813	COLLISION_NONE	NOT_SWITCH	 	 	-311.6087	1.748672	188.4908	-0.1359941	0.03149819	-0.004325966	-0.9901993	0.04117584	0.1272888	-0.01351571	-315	5.595648	188.4908	
139.8331	COLLISION_NONE	NOT_SWITCH	 	 	-311.7205	1.751227	190.054	-0.118743	0.02822858	-0.003377215	-0.9925179	0.055089	0.1278381	-0.01451993	-315	5.473701	190.054	
139.8531	COLLISION_NONE	NOT_SWITCH	 	 	-311.8188	1.760894	191.6795	-0.1005512	0.02520642	-0.002548272	-0.9946093	0.05848312	0.1208801	-0.01395643	-315	5.350398	191.6795	
139.8731	COLLISION_NONE	NOT_SWITCH	 	 	-311.9085	1.771135	193.3655	-0.08181962	0.02240976	-0.001840194	-0.9963935	0.05753803	0.1228638	-0.02821863	-315	5.22616	193.3655	
139.8931	COLLISION_NONE	NOT_SWITCH	 	 	-311.9908	1.780296	195.1116	-0.06449641	0.0198237	-0.001281479	-0.9977202	0.04185772	0.1059265	-0.04293501	-315	5.101291	195.1116	
139.9131	COLLISION_NONE	NOT_SWITCH	 	 	-312.0659	1.787404	196.913	-0.04738994	0.0174438	-0.0008277167	-0.9987238	0.04333591	0.1148376	-0.02986753	-315	4.976369	196.913	
139.9331	COLLISION_NONE	NOT_SWITCH	 	 	-312.1339	1.792808	198.767	-0.04738994	0.0174438	-0.0008277167	-0.9987238	0.04333591	0.1148376	-0.02986753	-315	4.851805	198.767	
139.9531	COLLISION_NONE	NOT_SWITCH	 	 	-312.2019	1.793889	200.6235	-0.03098286	0.01526579	-0.0004732603	-0.9994032	0.03175068	0.1129761	-0.0395273	-315	4.730982	200.6235	
139.9731	COLLISION_NONE	NOT_SWITCH	 	 	-312.2627	1.796781	202.5276	-0.01492384	0.01328749	-0.00019834	-0.9998003	0.03504658	0.1198425	-0.0440644	-315	4.610985	202.5276	
139.9931	COLLISION_NONE	NOT_SWITCH	 	 	-312.3161	1.798893	204.48	0.0009610773	0.01150764	1.106047E-05	-0.9999334	0.01124668	0.1196289	-0.03537524	-315	4.491913	204.48	
140.0131	COLLISION_NONE	NOT_SWITCH	 	 	-312.3623	1.802657	206.4786	0.01675691	0.01009916	0.0001692632	-0.9998085	0.004849434	0.1272278	-0.02876008	-315	4.374037	206.4786	
140.0331	COLLISION_NONE	NOT_SWITCH	 	 	-312.4084	1.807364	208.4771	0.03250416	0.009123057	0.0002967064	-0.9994299	-0.003651619	0.1073914	-0.04010022	-315	4.260066	208.4771	
140.0531	COLLISION_NONE	NOT_SWITCH	 	 	-312.4544	1.813013	210.4756	0.03250416	0.009123057	0.0002967064	-0.9994299	-0.003651619	0.1073914	-0.04010022	-315	4.149839	210.4756	
140.0731	COLLISION_NONE	NOT_SWITCH	 	 	-312.5004	1.818663	212.4741	0.04822106	0.008596703	0.0004150404	-0.9987996	0.001831055	0.1088867	-0.06179774	-315	4.043219	212.4741	
140.0931	COLLISION_NONE	NOT_SWITCH	 	 	-312.5464	1.825278	214.4725	0.06391477	0.008536062	0.0005467182	-0.9979187	-0.004974365	0.1228027	-0.0629282	-315	3.940068	214.4725	
140.1131	COLLISION_NONE	NOT_SWITCH	 	 	-312.5923	1.832899	216.4709	0.09523595	0.009659762	0.0009242012	-0.9954075	-0.01208305	0.1083374	-0.06078959	-315	3.840254	216.4709	
140.1331	COLLISION_NONE	NOT_SWITCH	 	 	-312.6382	1.842647	218.4691	0.1108595	0.010774	0.001201879	-0.993777	-0.008528709	0.1155701	-0.06186044	-315	3.743661	218.4691	
140.1531	COLLISION_NONE	NOT_SWITCH	 	 	-312.684	1.853629	220.4672	0.1264539	0.01224131	0.001560608	-0.9918957	-0.004238129	0.1239929	-0.05254018	-315	3.650157	220.4672	
140.1731	COLLISION_NONE	NOT_SWITCH	 	 	-312.7299	1.865973	222.4651	0.1420151	0.01406278	0.002017783	-0.9897625	-0.0008192062	0.1170044	-0.05197036	-315	3.559635	222.4651	
140.1931	COLLISION_NONE	NOT_SWITCH	 	 	-312.7757	1.87984	224.4628	0.1537021	0.0162371	0.002526037	-0.9879806	0.00385952	0.1256714	-0.04261625	-315	3.471979	224.4628	
140.2131	COLLISION_NONE	NOT_SWITCH	 	 	-312.8217	1.895433	226.4602	0.1674113	0.02143005	0.003639873	-0.9856475	0.008862495	0.1317139	-0.02249801	-315	3.387084	226.4602	
140.2331	COLLISION_NONE	NOT_SWITCH	 	 	-312.8678	1.914974	228.4569	0.1708627	0.02434966	0.00422387	-0.9849849	0.01194954	0.1417236	-0.03090215	-315	3.304868	228.4569	
140.2531	COLLISION_NONE	NOT_SWITCH	 	 	-312.9141	1.937105	230.4532	0.1722855	0.02748468	0.004809021	-0.9846518	0.01964569	0.1532898	-0.02913558	-315	3.225218	230.4532	
140.2731	COLLISION_NONE	NOT_SWITCH	 	 	-312.9606	1.962238	232.4489	0.1722855	0.02748468	0.004809021	-0.9846518	0.01964569	0.1532898	-0.02913558	-315	3.14804	232.449	
140.2932	COLLISION_NONE	NOT_SWITCH	 	 	-313.0072	1.987372	234.4447	0.1663763	0.0308632	0.005210109	-0.9855655	0.02103996	0.1331177	-0.04815984	-315	3.073229	234.4447	
140.3132	COLLISION_NONE	NOT_SWITCH	 	 	-313.0542	2.015991	236.4398	0.1577116	0.03445039	0.005505519	-0.9868687	0.02479935	0.1371765	-0.04535306	-315	3.000715	236.4398	
140.3332	COLLISION_NONE	NOT_SWITCH	 	 	-313.1017	2.048627	238.4343	0.1432169	0.03822749	0.005536065	-0.9889373	0.01642132	0.1434021	-0.01729298	-315	2.93042	238.4343	
140.3532	COLLISION_NONE	NOT_SWITCH	 	 	-313.1501	2.085838	240.428	0.131626	0.04211869	0.005597719	-0.9903885	0.01025677	0.1478577	-0.006811738	-315	2.862259	240.428	
140.3732	COLLISION_NONE	NOT_SWITCH	 	 	-313.1997	2.128166	242.4211	0.1215089	0.04614741	0.005655388	-0.9915009	0.01077938	0.1521912	-0.0002955198	-315	2.79616	242.421	
140.3932	COLLISION_NONE	NOT_SWITCH	 	 	-313.251	2.17612	244.4133	0.1121089	0.05032495	0.005685058	-0.9924045	0.01014996	0.137207	-0.005587578	-315	2.732045	244.4133	
140.4132	COLLISION_NONE	NOT_SWITCH	 	 	-313.3046	2.230152	246.4047	0.1121089	0.05032495	0.005685058	-0.9924045	0.01014996	0.137207	-0.005587578	-315	2.669847	246.4047	
140.4332	COLLISION_NONE	NOT_SWITCH	 	 	-313.3581	2.284184	248.3962	0.0992689	0.05459378	0.005454664	-0.9935469	0.003016472	0.1436462	-0.009367228	-315	2.60947	248.3962	
140.4532	COLLISION_NONE	NOT_SWITCH	 	 	-313.4146	2.344607	250.3868	0.0864341	0.05886636	0.005116181	-0.9945037	-0.00322628	0.1308289	0.0100702	-315	2.550876	250.3868	
140.4732	COLLISION_NONE	NOT_SWITCH	 	 	-313.4751	2.411499	252.3766	0.07293407	0.06306775	0.00462137	-0.99533	-0.0002641678	0.1266479	0.00329411	-315	2.494	252.3766	
140.4932	COLLISION_NONE	NOT_SWITCH	 	 	-313.5409	2.48456	254.3658	0.05795241	0.06712806	0.003905651	-0.9960523	-0.004051208	0.1225586	0.0004996061	-315	2.43878	254.3657	
140.5132	COLLISION_NONE	NOT_SWITCH	 	 	-313.6132	2.562855	256.3542	0.04128552	0.07094897	0.002939096	-0.9966208	-0.0148344	0.1355896	-0.00731957	-315	2.385154	256.3542	
140.5332	COLLISION_NONE	NOT_SWITCH	 	 	-313.6935	2.644479	258.342	0.02274094	0.07444336	0.001698066	-0.9969645	-0.01212311	0.1029663	-0.01081264	-315	2.333068	258.342	
140.5532	COLLISION_NONE	NOT_SWITCH	 	 	-313.7827	2.726494	260.3294	0.02274094	0.07444336	0.001698066	-0.9969645	-0.01212311	0.1029663	-0.01081264	-315	2.282463	260.3294	
140.5732	COLLISION_NONE	NOT_SWITCH	 	 	-313.8719	2.808509	262.3168	0.005637433	0.07745284	0.0004379578	-0.99698	0.01143456	0.1063232	-0.02336979	-315	2.233278	262.3168	
140.5932	COLLISION_NONE	NOT_SWITCH	 	 	-313.9698	2.88819	264.3037	-0.01074076	0.07990086	-0.0008609989	-0.9967446	0.01460266	0.1055603	-0.03399229	-315	2.185474	264.3037	
140.6132	COLLISION_NONE	NOT_SWITCH	 	 	-314.0756	2.963454	266.2901	-0.02675104	0.08182606	-0.002197094	-0.9962851	-0.005758286	0.09536743	-0.01742423	-315	2.139005	266.2902	
140.6332	COLLISION_NONE	NOT_SWITCH	 	 	-314.1885	3.032774	268.276	-0.04257109	0.08328491	-0.003561164	-0.9956097	0.0004425049	0.09448242	-0.02832127	-315	2.093831	268.276	
140.6532	COLLISION_NONE	NOT_SWITCH	 	 	-314.3079	3.094954	270.2613	-0.04257109	0.08328491	-0.003561164	-0.9956097	0.0004425049	0.09448242	-0.02832127	-315	2.049902	270.2614	
140.6732	COLLISION_NONE	NOT_SWITCH	 	 	-314.4273	3.157134	272.2466	-0.05828861	0.08430474	-0.004940082	-0.9947215	0.007531166	0.08450317	-0.02413571	-315	2.007172	272.2466	
140.6932	COLLISION_NONE	NOT_SWITCH	 	 	-314.5527	3.211127	274.2311	-0.07394633	0.08489874	-0.00631825	-0.9936218	0.01461887	0.07449341	-0.01994157	-315	1.96561	274.2311	
140.7132	COLLISION_NONE	NOT_SWITCH	 	 	-314.6836	3.255918	276.2148	-0.08956454	0.08507206	-0.007678476	-0.9923114	0.02604771	0.07647705	-0.006846547	-315	1.925185	276.2147	
140.7332	COLLISION_NONE	NOT_SWITCH	 	 	-314.8197	3.290437	278.1972	-0.104969	0.08482795	-0.00898689	-0.9908103	0.02988529	0.09780884	-0.01299191	-315	1.88586	278.1973	
140.7533	COLLISION_NONE	NOT_SWITCH	 	 	-314.9608	3.313499	280.1783	-0.1174189	0.08419403	-0.009991314	-0.9894566	0.005153656	0.09658813	-0.01125574	-315	1.847607	280.1783	
140.7733	COLLISION_NONE	NOT_SWITCH	 	 	-315.1067	3.323787	282.1577	-0.1278424	0.0831674	-0.01075882	-0.9882428	0.01214218	0.1004028	-0.01216745	-315	1.810394	282.1577	
140.7933	COLLISION_NONE	NOT_SWITCH	 	 	-315.2575	3.31981	284.1351	-0.1278424	0.0831674	-0.01075882	-0.9882428	0.01214218	0.1004028	-0.01216745	-315	1.77419	284.1351	
140.8133	COLLISION_NONE	NOT_SWITCH	 	 	-315.4083	3.315832	286.1125	-0.1347525	0.08178233	-0.0111606	-0.9874355	0.01582241	0.1075134	-0.01667082	-315	1.738928	286.1125	
140.8333	COLLISION_NONE	NOT_SWITCH	 	 	-315.5641	3.295923	288.0876	-0.1416611	0.08001177	-0.01148839	-0.9866095	0.009215355	0.1182556	-0.01392341	-315	1.704618	288.0876	
140.8533	COLLISION_NONE	NOT_SWITCH	 	 	-315.7249	3.25824	290.0601	-0.1485792	0.07785394	-0.01173456	-0.9857613	0.01263905	0.1112976	-0.01336157	-315	1.671234	290.0601	
140.8733	COLLISION_NONE	NOT_SWITCH	 	 	-315.8907	3.200759	292.0295	-0.1554962	0.0753068	-0.01188957	-0.9848901	0.02083015	0.1135559	0.003449202	-315	1.63875	292.0295	
140.8933	COLLISION_NONE	NOT_SWITCH	 	 	-316.0614	3.121286	293.9954	-0.1606304	0.07238927	-0.01181356	-0.9842856	0.02718258	0.102356	-0.002749085	-315	1.607146	293.9954	
140.9133	COLLISION_NONE	NOT_SWITCH	 	 	-316.2367	3.017469	295.9574	-0.1606304	0.07238927	-0.01181356	-0.9842856	0.02718258	0.102356	-0.002749085	-315	1.576395	295.9574	
