#Segway Trial Path#
#TimeStamp#	#PositionX#	#PositionY#	#PositionZ#	#OrientationX#	#OrientationY#	#OrientationZ#	#OrientationW#	
0	-322.4953	1.8	-250.3478	0	0.0008978063	0	0.9999996
0.02	-322.4704	1.8	-250.7458	0	0.003164412	0	0.999995
0.04	-322.4366	1.8	-251.182	0	0.005426843	0	0.9999853
0.06	-322.4033	1.8	-251.6189	0	0.007685196	0	0.9999705
0.08	-322.3705	1.8	-252.0558	0	0.009939517	0	0.9999506
0.09999999	-322.3383	1.8	-252.4927	0	0.01218983	0	0.9999257
0.12	-322.2715	1.8	-253.2274	0	0.01667845	0	0.9998609
0.14	-322.241	1.8	-253.6642	0	0.01891675	0	0.9998211
0.16	-322.2463	1.8	-253.8031	0	0.01891675	0	0.9998211
0.18	-322.2162	1.8	-254.2398	0	0.02115106	0	0.9997763
0.2	-322.1866	1.8	-254.6765	0	0.02338136	0	0.9997267
0.22	-322.1574	1.8	-255.1132	0	0.02560765	0	0.9996721
0.24	-322.1288	1.8	-255.5498	0	0.02782993	0	0.9996127
0.26	-322.1007	1.8	-255.9864	0	0.0300482	0	0.9995485
0.28	-322.0731	1.8	-256.4229	0	0.03226243	0	0.9994794
0.3	-322.046	1.8	-256.8593	0	0.03447266	0	0.9994057
0.32	-322.0193	1.8	-257.2957	0	0.03668525	0	0.9993269
0.34	-322.0295	1.8	-257.4343	0	0.03668525	0	0.9993269
0.36	-322.0032	1.8	-257.8706	0	0.0388906	0	0.9992435
0.38	-321.9774	1.8	-258.3069	0	0.04109031	0	0.9991555
0.4	-321.952	1.8	-258.7431	0	0.04328519	0	0.9990628
0.42	-321.9271	1.8	-259.1792	0	0.04548202	0	0.9989651
0.4400001	-321.9026	1.8	-259.6153	0	0.04767141	0	0.9988631
0.4600001	-321.8786	1.8	-260.0512	0	0.04986143	0	0.9987562
0.4800001	-321.8924	1.8	-260.1895	0	0.04986143	0	0.9987562
0.5000001	-321.8686	1.8	-260.6254	0	0.05204335	0	0.9986448
0.52	-321.8453	1.8	-261.0612	0	0.05422559	0	0.9985287
0.54	-321.8224	1.8	-261.4969	0	0.05639955	0	0.9984083
0.56	-321.7999	1.8	-261.9325	0	0.05857373	0	0.9982831
0.58	-321.8162	1.8	-262.0705	0	0.05857373	0	0.9982831
0.6	-321.7939	1.8	-262.506	0	0.06074599	0	0.9981533
0.6199999	-321.7719	1.8	-262.9399	0	0.06290886	0	0.9980193
0.6399999	-321.7504	1.8	-263.3752	0	0.065065	0	0.9978811
0.6599999	-321.7684	1.8	-263.5129	0	0.065065	0	0.9978811
0.6799999	-321.7472	1.8	-263.9481	0	0.06721575	0	0.9977385
0.6999999	-321.7263	1.8	-264.3832	0	0.06936815	0	0.9975912
0.7199998	-321.7056	1.8	-264.8167	0	0.07151294	0	0.9974397
0.7399998	-321.6854	1.8	-265.2515	0	0.07365191	0	0.997284
0.7599998	-321.7058	1.8	-265.3889	0	0.07365191	0	0.997284
0.7799998	-321.6859	1.8	-265.8236	0	0.07579231	0	0.9971237
0.7999998	-321.666	1.8	-266.2568	0	0.07793136	0	0.9969587
0.8199998	-321.6467	1.8	-266.6912	0	0.08006769	0	0.9967895
0.8399997	-321.6277	1.8	-267.1255	0	0.08219425	0	0.9966164
0.8599997	-321.6505	1.8	-267.2626	0	0.08219425	0	0.9966164
0.8799997	-321.6316	1.8	-267.6967	0	0.08431387	0	0.9964393
0.8999997	-321.6549	1.8	-267.8337	0	0.08431387	0	0.9964393
0.9199997	-321.6361	1.8	-268.2677	0	0.08642799	0	0.9962581
0.9399996	-321.6176	1.8	-268.7015	0	0.08853732	0	0.9960729
0.9599996	-321.5994	1.8	-269.1352	0	0.09064222	0	0.9958836
0.9799996	-321.5815	1.8	-269.5688	0	0.09274287	0	0.9956901
0.9999996	-321.5638	1.8	-270.0022	0	0.09484572	0	0.995492
1.02	-321.5901	1.8	-270.1386	0	0.09484572	0	0.995492
1.04	-321.5724	1.8	-270.5718	0	0.09694125	0	0.9952901
1.06	-321.555	1.8	-271.0049	0	0.09903108	0	0.9950843
1.08	-321.5378	1.8	-271.4378	0	0.101116	0	0.9948747
1.1	-321.5209	1.8	-271.8705	0	0.1031965	0	0.994661
1.12	-321.5494	1.8	-272.0065	0	0.1031965	0	0.994661
1.14	-321.5325	1.8	-272.439	0	0.1052726	0	0.9944434
1.159999	-321.5157	1.8	-272.8713	0	0.1073446	0	0.9942219
1.179999	-321.4991	1.8	-273.3035	0	0.1094188	0	0.9939957
1.199999	-321.4828	1.8	-273.7355	0	0.1114921	0	0.9937654
1.219999	-321.5136	1.8	-273.8709	0	0.1114921	0	0.9937654
1.239999	-321.4971	1.8	-274.3026	0	0.1135565	0	0.9935315
1.259999	-321.4807	1.8	-274.7342	0	0.1156144	0	0.9932942
1.279999	-321.4646	1.8	-275.1655	0	0.1176671	0	0.9930531
1.299999	-321.4486	1.8	-275.5966	0	0.1197214	0	0.9928076
1.319999	-321.4816	1.8	-275.7316	0	0.1197214	0	0.9928076
1.339999	-321.4654	1.8	-276.1624	0	0.1217681	0	0.9925586
1.359999	-321.4493	1.8	-276.5931	0	0.123809	0	0.9923061
1.379999	-321.4333	1.8	-277.0236	0	0.1258513	0	0.9920492
1.399999	-321.4171	1.8	-277.4524	0	0.1278859	0	0.9917889
1.419999	-321.4014	1.8	-277.8824	0	0.1299209	0	0.9915244
1.439999	-321.3857	1.8	-278.3123	0	0.1319478	0	0.9912567
1.459999	-321.3701	1.8	-278.7418	0	0.1339749	0	0.9909847
1.479999	-321.3018	1.8	-279.4651	0	0.1380064	0	0.9904314
1.499999	-321.2874	1.8	-279.8954	0	0.1400139	0	0.9901496
1.519999	-321.2725	1.8	-280.3241	0	0.1420168	0	0.9898642
1.539999	-321.2576	1.8	-280.7526	0	0.1440153	0	0.9895754
1.559999	-321.2428	1.8	-281.1808	0	0.1460097	0	0.9892832
1.579999	-321.1729	1.8	-281.9036	0	0.1499924	0	0.9886872
1.599999	-321.1586	1.8	-282.3311	0	0.1519776	0	0.9883839
1.619999	-321.1442	1.8	-282.7583	0	0.1539634	0	0.9880766
1.639999	-321.1297	1.8	-283.1852	0	0.1559413	0	0.9877663
1.659999	-321.1147	1.8	-283.6104	0	0.157913	0	0.987453
1.679999	-321.042	1.8	-284.3311	0	0.1618513	0	0.9868152
1.699999	-321.0278	1.8	-284.757	0	0.163817	0	0.9864908
1.719999	-321.0134	1.8	-285.1825	0	0.1657745	0	0.9861637
1.739999	-320.9988	1.8	-285.6078	0	0.1677323	0	0.9858326
1.759999	-320.9836	1.8	-286.0313	0	0.1696818	0	0.9854989
1.779999	-320.9073	1.8	-286.7495	0	0.1735634	0	0.9848227
1.799999	-320.8926	1.8	-287.1735	0	0.1755034	0	0.9844788
1.819999	-320.8777	1.8	-287.5972	0	0.1774359	0	0.9841324
1.839999	-320.8625	1.8	-288.0206	0	0.1793627	0	0.9837831
1.859999	-320.7825	1.8	-288.7365	0	0.1832082	0	0.9830741
1.879999	-320.7673	1.8	-289.1589	0	0.1851245	0	0.9827151
1.899999	-320.7516	1.8	-289.5809	0	0.1870351	0	0.9823533
1.919999	-320.7356	1.8	-290.0025	0	0.1889407	0	0.9819885
1.939999	-320.7191	1.8	-290.4238	0	0.1908482	0	0.9816196
1.959999	-320.6333	1.8	-291.1365	0	0.194649	0	0.980873
1.979999	-320.6165	1.8	-291.5566	0	0.1965416	0	0.9804955
1.999999	-320.5992	1.8	-291.9763	0	0.1984283	0	0.9801154
2.019999	-320.5813	1.8	-292.3956	0	0.2003099	0	0.9797326
2.039999	-320.5629	1.8	-292.8144	0	0.2021932	0	0.9793457
2.059999	-320.4698	1.8	-293.5233	0	0.2059394	0	0.9785647
2.079999	-320.4507	1.8	-293.9409	0	0.2078048	0	0.9781703
2.099999	-320.4309	1.8	-294.358	0	0.2096657	0	0.9777731
2.119999	-320.4103	1.8	-294.7745	0	0.2115287	0	0.9773718
2.139999	-320.389	1.8	-295.1905	0	0.2133844	0	0.9769683
2.159999	-320.2869	1.8	-295.895	0	0.2170892	0	0.9761518
2.179999	-320.2645	1.8	-296.3096	0	0.2189379	0	0.9757388
2.199999	-320.2411	1.8	-296.7236	0	0.2207785	0	0.975324
2.219999	-320.2169	1.8	-297.137	0	0.222613	0	0.9749069
2.239999	-320.191	1.8	-297.5483	0	0.2244425	0	0.9744874
2.259999	-320.0777	1.8	-298.2475	0	0.2280883	0	0.9736404
2.279999	-320.1394	1.8	-298.3719	0	0.2280883	0	0.9736404
2.299999	-320.111	1.8	-298.7825	0	0.229905	0	0.9732131
2.319999	-320.0814	1.8	-299.1924	0	0.2317239	0	0.9727816
2.339998	-320.0505	1.8	-299.6015	0	0.2335357	0	0.9723483
2.359998	-320.0183	1.8	-300.0097	0	0.2353419	0	0.9719127
2.379998	-319.9849	1.8	-300.4171	0	0.2371496	0	0.9714732
2.399998	-319.95	1.8	-300.8237	0	0.2389498	0	0.971032
2.419998	-319.9136	1.8	-301.2293	0	0.2407505	0	0.9705871
2.439998	-319.9786	1.8	-301.3521	0	0.2407505	0	0.9705871
2.459998	-319.9387	1.8	-301.7561	0	0.2425494	0	0.9701391
2.479998	-319.8972	1.8	-302.159	0	0.2443393	0	0.9696898
2.499998	-319.8539	1.8	-302.5608	0	0.2461228	0	0.9692387
2.519998	-319.8089	1.8	-302.9615	0	0.247901	0	0.9687854
2.539998	-319.7614	1.8	-303.3597	0	0.2496746	0	0.9683298
2.559998	-319.7126	1.8	-303.758	0	0.251444	0	0.9678718
2.579998	-319.7802	1.8	-303.8794	0	0.251444	0	0.9678718
2.599998	-319.7268	1.8	-304.2753	0	0.2532092	0	0.9674115
2.619998	-319.6713	1.8	-304.6697	0	0.2549705	0	0.9669489
2.639998	-319.6135	1.8	-305.0627	0	0.2567278	0	0.9664837
2.659998	-319.5533	1.8	-305.4541	0	0.2584874	0	0.9660146
2.679998	-319.4905	1.8	-305.8438	0	0.26024	0	0.965544
2.699998	-319.4252	1.8	-306.2318	0	0.2619871	0	0.9650714
2.719998	-319.4955	1.8	-306.3516	0	0.2619871	0	0.9650714
2.739998	-319.4241	1.8	-306.736	0	0.2637295	0	0.9645967
2.759998	-319.3498	1.8	-307.1183	0	0.2654676	0	0.9641198
2.779998	-319.2725	1.8	-307.4983	0	0.2672016	0	0.9636406
2.799998	-319.1919	1.8	-307.8759	0	0.2689317	0	0.9631593
2.819998	-319.2638	1.8	-307.9948	0	0.2689317	0	0.9631593
2.839998	-319.1759	1.8	-308.3675	0	0.2706578	0	0.9626756
2.859998	-319.0844	1.8	-308.7374	0	0.2723862	0	0.9621881
2.879998	-319.1565	1.8	-308.8544	0	0.2723862	0	0.9621881
2.899998	-319.0563	1.8	-309.2171	0	0.2741076	0	0.961699
2.919998	-318.9528	1.8	-309.5776	0	0.2758236	0	0.9612083
2.939998	-318.8451	1.8	-309.9343	0	0.2775349	0	0.9607156
2.959998	-318.7329	1.8	-310.287	0	0.2792481	0	0.960219
2.979998	-318.616	1.8	-310.6353	0	0.2809542	0	0.9597212
2.999998	-318.6909	1.8	-310.7523	0	0.2809542	0	0.9597212
3.019998	-318.5637	1.8	-311.091	0	0.2826609	0	0.9592199
3.039998	-318.4314	1.8	-311.4242	0	0.2843599	0	0.9587176
3.059998	-318.2935	1.8	-311.7513	0	0.2860531	0	0.9582137
3.079998	-318.15	1.8	-312.0718	0	0.2877415	0	0.9577081
3.099998	-318.0004	1.8	-312.3849	0	0.2894316	0	0.9571987
3.119998	-318.0774	1.8	-312.5005	0	0.2894316	0	0.9571987
3.139998	-317.915	1.8	-312.7971	0	0.2911146	0	0.9566882
3.159998	-317.7464	1.8	-313.0841	0	0.2927922	0	0.9561761
3.179998	-317.5712	1.8	-313.3605	0	0.2944712	0	0.9556604
3.199998	-317.3894	1.8	-313.6249	0	0.296149	0	0.9551418
3.219998	-317.2008	1.8	-313.8759	0	0.2978182	0	0.9546226
3.239998	-317.2798	1.8	-313.9902	0	0.2978182	0	0.9546226
3.259998	-317.0784	1.8	-314.211	0	0.2994812	0	0.9541022
3.279998	-316.8715	1.8	-314.4146	0	0.3011391	0	0.9535802
3.299998	-316.6597	1.8	-314.5988	0	0.3027927	0	0.9530565
3.319998	-316.4439	1.8	-314.7612	0	0.3044422	0	0.9525309
3.339998	-316.5244	1.8	-314.8744	0	0.3044422	0	0.9525309
3.359998	-316.305	1.8	-314.9899	0	0.3060877	0	0.9520034
3.379997	-316.0868	1.8	-315.0807	0	0.3077355	0	0.951472
3.399997	-315.8722	1.8	-315.1443	0	0.3093764	0	0.9509397
3.419997	-315.6642	1.8	-315.1787	0	0.311012	0	0.950406
3.439997	-315.7464	1.8	-315.2907	0	0.311012	0	0.950406
3.459997	-315.5587	1.8	-315.2716	0	0.3126491	0	0.9498687
3.479997	-315.3837	1.8	-315.2295	0	0.314279	0	0.9493307
3.499997	-314.981	1.8	-314.9861	0	0.3175293	0	0.9482484
3.519997	-314.899	1.8	-314.8487	0	0.319148	0	0.9477049
3.539997	-314.9821	1.8	-314.9582	0	0.3207612	0	0.9471601
3.559997	-315.0666	1.8	-315.0685	0	0.3223697	0	0.9466138
3.579997	-314.9574	1.8	-314.9497	0	0.3239741	0	0.946066
3.599997	-315.0426	1.8	-315.0595	0	0.3271802	0	0.944962
3.619997	-314.9458	1.8	-314.9289	0	0.3287745	0	0.9444085
3.639997	-315.0321	1.8	-315.0378	0	0.3303643	0	0.9438535
3.659997	-314.9297	1.8	-314.9134	0	0.3319561	0	0.9432949
3.679997	-315.0168	1.8	-315.0217	0	0.3335409	0	0.9427357
3.699997	-315.1041	1.8	-315.1297	0	0.3367045	0	0.9416104
3.719997	-315.0033	1.8	-315.0041	0	0.3382829	0	0.9410444
3.739997	-314.9008	1.8	-314.8799	0	0.3398537	0	0.9404783
3.759997	-314.9897	1.8	-314.9867	0	0.3414248	0	0.9399091
3.779997	-315.0788	1.8	-315.0932	0	0.344546	0	0.9387695
3.799997	-314.9738	1.8	-314.9691	0	0.3460992	0	0.938198
3.819997	-315.0641	1.8	-315.0748	0	0.3476541	0	0.9376228
3.839997	-314.9583	1.8	-314.9514	0	0.3492022	0	0.9370474
3.859997	-315.0492	1.8	-315.0565	0	0.3507449	0	0.936471
3.879997	-314.9434	1.8	-314.935	0	0.3538175	0	0.9353145
3.899997	-315.0354	1.8	-315.0392	0	0.355348	0	0.9347341
3.919997	-314.9279	1.8	-314.9192	0	0.3568747	0	0.9341522
3.939997	-315.0205	1.8	-315.0227	0	0.3568747	0	0.9341522
3.959997	-315.1131	1.8	-315.1263	0	0.3599232	0	0.932982
3.979997	-315.0057	1.8	-315.0063	0	0.361442	0	0.9323946
3.999997	-314.8972	1.8	-314.8872	0	0.3629557	0	0.9318064
4.019997	-314.9912	1.8	-314.9896	0	0.364465	0	0.9312171
4.039997	-314.8808	1.8	-314.8723	0	0.3659704	0	0.9306266
4.059997	-314.9754	1.8	-314.974	0	0.3689788	0	0.9294378
4.079997	-314.865	1.799999	-314.8567	0	0.3704746	0	0.9288426
4.099997	-314.9606	1.8	-314.9575	0	0.371972	0	0.9282439
4.119997	-315.0566	1.8	-315.058	0	0.3734624	0	0.9276453
4.139997	-314.9444	1.8	-314.9424	0	0.3764374	0	0.9264421
4.159997	-315.0413	1.8	-315.042	0	0.3779157	0	0.9258401
4.179997	-314.9274	1.8	-314.926	0	0.3793895	0	0.9252371
4.199997	-315.025	1.8	-315.0249	0	0.3808593	0	0.924633
4.219997	-314.9113	1.8	-314.9108	0	0.3823254	0	0.9240278
4.239997	-315.0095	1.8	-315.0091	0	0.3852555	0	0.92281
4.259997	-314.8947	1.8	-314.8961	0	0.3867123	0	0.9222005
4.279997	-314.9938	1.8	-314.9935	0	0.3881648	0	0.92159
4.299997	-314.8781	1.8	-314.8815	0	0.3896134	0	0.9209785
4.319997	-314.9778	1.8	-314.9782	0	0.3910643	0	0.9203634
4.339997	-315.0778	1.8	-315.0746	0	0.3939538	0	0.9191303
4.359997	-314.9604	1.8	-314.9622	0	0.3953918	0	0.9185126
4.379997	-315.0613	1.8	-315.0576	0	0.3968245	0	0.9178945
4.399997	-314.944	1.8	-314.9473	0	0.3982528	0	0.9172757
4.419997	-315.0455	1.8	-315.0422	0	0.3996772	0	0.916656
4.439997	-314.9274	1.8	-314.9326	0	0.402515	0	0.9154134
4.459997	-315.0298	1.8	-315.0265	0	0.4039286	0	0.9147905
4.479997	-314.9102	1.8	-314.9186	0	0.4053388	0	0.9141666
4.499997	-315.0132	1.8	-315.0119	0	0.4067456	0	0.9135415
4.519997	-314.8935	1.8	-314.9041	0	0.4081489	0	0.9129154
4.539997	-314.997	1.8	-314.9967	0	0.4109453	0	0.9116601
4.559997	-314.8756	1.8	-314.8909	0	0.4123384	0	0.9110308
4.579997	-314.98	1.8	-314.9826	0	0.4137281	0	0.9104006
4.599997	-314.8588	1.8	-314.8766	0	0.4151202	0	0.9097666
4.619997	-314.9637	1.8	-314.9677	0	0.4165061	0	0.909133
4.639997	-315.0689	1.8	-315.0584	0	0.419264	0	0.9078644
4.659997	-314.9461	1.8	-314.9542	0	0.4206372	0	0.9072289
4.679996	-315.0522	1.8	-315.044	0	0.4220068	0	0.9065927
4.699996	-314.929	1.8	-314.9402	0	0.4233788	0	0.9059528
4.719996	-315.0356	1.8	-315.0293	0	0.4261112	0	0.9046709
4.739996	-314.9113	1.8	-314.9268	0	0.4274708	0	0.9040291
4.759996	-315.0187	1.8	-315.015	0	0.4288254	0	0.9033874
4.779996	-314.8936	1.8	-314.9135	0	0.4301757	0	0.9027452
4.799996	-315.0016	1.8	-315.001	0	0.4315223	0	0.9021024
4.819996	-315.1097	1.8	-315.0882	0	0.4342048	0	0.9008142
4.839996	-314.983	1.8	-314.9864	0	0.4355468	0	0.9001662
4.859996	-314.8565	1.8	-314.8867	0	0.4368826	0	0.8995186
4.879996	-314.9657	1.8	-314.9726	0	0.4382136	0	0.8988708
4.899996	-315.0752	1.8	-315.0582	0	0.4395407	0	0.8982227
4.919996	-314.9478	1.8	-314.9595	0	0.4421926	0	0.8969201
4.939996	-315.058	1.8	-315.0441	0	0.4435107	0	0.8962691
4.959996	-314.9299	1.8	-314.9466	0	0.4448247	0	0.8956177
4.979996	-315.0406	1.8	-315.0305	0	0.4461351	0	0.8949657
4.999996	-314.9119	1.8	-314.9336	0	0.447442	0	0.894313
5.019996	-315.0231	1.8	-315.0169	0	0.450046	0	0.8930054
5.039996	-314.8935	1.8	-314.9213	0	0.4513431	0	0.8923506
5.059996	-315.0054	1.8	-315.0036	0	0.452637	0	0.8916949
5.079996	-314.8739	1.8	-314.9081	0	0.4539276	0	0.8910386
5.099996	-314.9863	1.8	-314.9898	0	0.4552151	0	0.8903815
5.119996	-315.0989	1.8	-315.0711	0	0.4577861	0	0.8890624
5.139996	-314.9681	1.8	-314.9771	0	0.4590669	0	0.8884018
5.159996	-315.0814	1.8	-315.0575	0	0.4603429	0	0.8877412
5.179996	-314.9499	1.8	-314.9646	0	0.4616152	0	0.8870803
5.199996	-315.0636	1.8	-315.0443	0	0.4641492	0	0.885757
5.219996	-314.9314	1.8	-314.9524	0	0.4654113	0	0.8850945
5.239996	-315.0459	1.8	-315.0311	0	0.4666703	0	0.8844314
5.259996	-314.9128	1.8	-314.9405	0	0.4679317	0	0.8837647
5.279996	-315.0276	1.8	-315.0186	0	0.4691871	0	0.8830988
5.299996	-315.1428	1.8	-315.0963	0	0.4716851	0	0.8817672
5.319996	-315.0093	1.8	-315.0062	0	0.4729286	0	0.8811007
5.339996	-314.8751	1.8	-314.9171	0	0.4741689	0	0.880434
5.359996	-314.9911	1.8	-314.9936	0	0.4754059	0	0.8797665
5.379996	-314.8557	1.8	-314.9063	0	0.4766399	0	0.8790987
5.399996	-314.9722	1.8	-314.9821	0	0.4791042	0	0.8777581
5.419996	-314.8367	1.799999	-314.895	0	0.4803316	0	0.877087
5.439996	-314.9538	1.8	-314.9698	0	0.4815546	0	0.8764161
5.459996	-315.071	1.8	-315.0443	0	0.4827738	0	0.8757451
5.479996	-314.9345	1.8	-314.9589	0	0.4839896	0	0.8750738
5.499996	-315.0522	1.8	-315.0327	0	0.4864116	0	0.8737298
5.519996	-314.9155	1.8	-314.9475	0	0.487618	0	0.8730571
5.539996	-315.0338	1.8	-315.0204	0	0.4888269	0	0.8723809
5.559996	-314.8962	1.8	-314.9367	0	0.4900299	0	0.8717057
5.579996	-315.0149	1.8	-315.0089	0	0.4912285	0	0.8710307
5.599996	-315.1337	1.8	-315.0807	0	0.4936149	0	0.8696806
5.619996	-314.9958	1.8	-314.9975	0	0.4948033	0	0.869005
5.639996	-314.8573	1.8	-314.9154	0	0.4959885	0	0.868329
5.659996	-314.977	1.8	-314.986	0	0.4971708	0	0.8676527
5.679996	-314.8374	1.8	-314.9056	0	0.4983556	0	0.8669727
5.699996	-314.9574	1.8	-314.9755	0	0.5007148	0	0.8656123
5.719995	-315.0779	1.8	-315.0448	0	0.5018885	0	0.8649323
5.739995	-314.9382	1.8	-314.9646	0	0.5030575	0	0.8642529
5.759995	-315.059	1.8	-315.0332	0	0.5042228	0	0.8635737
5.779995	-314.9187	1.8	-314.9542	0	0.5053846	0	0.8628942
5.799995	-315.0399	1.8	-315.0221	0	0.5076989	0	0.8615346
5.819995	-314.899	1.8	-314.9441	0	0.5088515	0	0.8608543
5.839995	-315.0207	1.8	-315.011	0	0.5100013	0	0.8601737
5.859995	-314.8792	1.8	-314.9342	0	0.5111535	0	0.8594894
5.879995	-315.0013	1.8	-315.0005	0	0.5123001	0	0.8588065
5.899995	-315.1235	1.8	-315.0665	0	0.5145811	0	0.8574417
5.919995	-314.9817	1.8	-314.9902	0	0.5157166	0	0.8567593
5.939995	-314.8392	1.8	-314.915	0	0.516849	0	0.8560766
5.959995	-314.9622	1.8	-314.9797	0	0.5179784	0	0.8553937
5.979995	-315.0853	1.8	-315.0441	0	0.519105	0	0.8547105
5.999995	-314.9423	1.8	-314.9701	0	0.5213575	0	0.8533384
6.019995	-315.0659	1.8	-315.0334	0	0.5224768	0	0.8526536
6.039995	-314.9223	1.8	-314.9605	0	0.5235925	0	0.8519689
6.059995	-315.0463	1.8	-315.0232	0	0.5247051	0	0.8512841
6.079995	-314.9024	1.8	-314.9509	0	0.5258146	0	0.8505992
6.099995	-315.0266	1.8	-315.013	0	0.528025	0	0.8492289
6.119995	-314.8821	1.8	-314.942	0	0.5291259	0	0.8485433
6.139995	-315.0069	1.8	-315.0031	0	0.530224	0	0.8478577
6.159995	-314.8618	1.8	-314.933	0	0.5313193	0	0.8471716
6.179995	-314.9869	1.8	-314.9935	0	0.533515	0	0.8457906
6.199995	-314.8413	1.8	-314.9247	0	0.534606	0	0.8451015
6.219995	-314.9668	1.8	-314.9842	0	0.5356975	0	0.84441
6.239995	-314.8209	1.799999	-314.916	0	0.5367826	0	0.8437207
6.259995	-314.9467	1.8	-314.9749	0	0.537863	0	0.8430323
6.279995	-315.0728	1.8	-315.0334	0	0.5400131	0	0.8416566
6.299995	-314.9264	1.8	-314.9662	0	0.541089	0	0.8409653
6.319995	-315.0528	1.8	-315.0238	0	0.5421593	0	0.8402757
6.339995	-314.906	1.8	-314.9576	0	0.5432255	0	0.8395869
6.359995	-315.0314	1.8	-315.0139	0	0.5442936	0	0.8388948
6.379995	-315.1583	1.8	-315.0705	0	0.546414	0	0.8375152
6.399995	-315.0111	1.8	-315.0049	0	0.5474687	0	0.8368262
6.419995	-314.8622	1.8	-314.9397	0	0.5485203	0	0.8361373
6.439995	-314.9897	1.8	-314.9951	0	0.5495743	0	0.8354449
6.459995	-314.8414	1.8	-314.9323	0	0.5506228	0	0.8347542
6.479995	-314.9691	1.8	-314.987	0	0.5527162	0	0.8333696
6.499995	-315.0971	1.8	-315.041	0	0.5534705	0	0.8328688
6.519995	-315.2252	1.8	-315.0948	0	0.5542209	0	0.8323696
6.539995	-315.3533	1.8	-315.1484	0	0.5549691	0	0.831871
6.559995	-315.4816	1.8	-315.2018	0	0.5557159	0	0.8313723
6.579995	-315.61	1.8	-315.2549	0	0.5572152	0	0.8303682
6.599995	-315.7386	1.8	-315.3075	0	0.5579612	0	0.8298671
6.619995	-315.8672	1.8	-315.36	0	0.5587061	0	0.8293657
6.639995	-315.996	1.8	-315.4121	0	0.5594502	0	0.828864
6.659995	-316.1248	1.8	-315.4641	0	0.5609418	0	0.8278552
6.679995	-316.2539	1.8	-315.5156	0	0.5616921	0	0.8273463
6.699995	-316.383	1.8	-315.5669	0	0.562438	0	0.8268394
6.719995	-316.5122	1.8	-315.6179	0	0.5631868	0	0.8263297
6.739995	-316.6415	1.8	-315.6687	0	0.5639314	0	0.8258217
6.759995	-316.7709	1.8	-315.7193	0	0.5654227	0	0.8248013
6.779994	-316.9005	1.8	-315.7693	0	0.5661693	0	0.824289
6.799994	-317.0288	1.8	-315.8187	0	0.5669121	0	0.8237784
6.819994	-317.1585	1.8	-315.8683	0	0.5676525	0	0.8232683
6.839994	-317.2884	1.8	-315.9177	0	0.5683916	0	0.8227581
6.859994	-317.4183	1.8	-315.9669	0	0.5698674	0	0.8217367
6.879994	-317.5485	1.8	-316.0156	0	0.5706096	0	0.8212215
6.899994	-317.6787	1.8	-316.064	0	0.5713487	0	0.8207074
6.919994	-317.809	1.8	-316.1122	0	0.572086	0	0.8201936
6.939994	-317.9394	1.8	-316.1602	0	0.5728222	0	0.8196797
6.959994	-318.0698	1.8	-316.208	0	0.5742922	0	0.8186504
6.979994	-318.2005	1.8	-316.2553	0	0.5750316	0	0.8181312
6.999994	-318.3312	1.8	-316.3023	0	0.5757679	0	0.8176132
7.019994	-318.462	1.8	-316.3492	0	0.5765024	0	0.8170955
7.039994	-318.5929	1.8	-316.3957	0	0.5768695	0	0.8168364
7.059994	-318.5932	1.8	-316.3958	0	0.577053	0	0.8167068
7.079994	-318.5932	1.8	-316.3958	0	0.5771447	0	0.8166419
7.099994	-318.5932	1.8	-316.3958	0	0.5771447	0	0.8166419
7.119994	-318.5932	1.8	-316.3958	0	0.5771906	0	0.8166095
7.139994	-318.5932	1.8	-316.3958	0	0.5771906	0	0.8166095
7.159994	-318.5932	1.8	-316.3958	0	0.5772135	0	0.8165933
7.179994	-318.5932	1.8	-316.3958	0	0.577225	0	0.8165852
7.199994	-318.5932	1.8	-316.3958	0	0.5772307	0	0.8165811
7.219994	-318.5932	1.8	-316.3958	0	0.5772307	0	0.8165811
7.239994	-318.5932	1.8	-316.3958	0	0.5772336	0	0.8165791
7.259994	-318.5932	1.8	-316.3958	0	0.5772336	0	0.8165791
7.279994	-318.5932	1.8	-316.3958	0	0.577235	0	0.8165781
7.299994	-318.5932	1.8	-316.3958	0	0.577235	0	0.8165781
7.319994	-318.5932	1.8	-316.3958	0	0.5772357	0	0.8165776
7.339994	-318.5932	1.8	-316.3958	0	0.5772361	0	0.8165774
7.359994	-318.5932	1.8	-316.3958	0	0.5772361	0	0.8165774
7.379994	-318.5932	1.8	-316.3958	0	0.5772362	0	0.8165773
7.399994	-318.5932	1.8	-316.3958	0	0.5772363	0	0.8165772
7.419994	-318.5932	1.8	-316.3958	0	0.5772363	0	0.8165772
7.439994	-318.5932	1.8	-316.3958	0	0.5772364	0	0.8165771
7.459994	-318.5932	1.8	-316.3958	0	0.5772364	0	0.8165771
7.479994	-318.5932	1.8	-316.3958	0	0.5772364	0	0.8165771
7.499994	-318.5932	1.8	-316.3958	0	0.5772364	0	0.8165771
7.519994	-318.5932	1.8	-316.3958	0	0.5772364	0	0.8165771
7.539994	-318.5932	1.8	-316.3958	0	0.5772364	0	0.8165771
7.559994	-318.5932	1.8	-316.3958	0	0.5772364	0	0.8165771
7.579994	-318.5932	1.8	-316.3958	0	0.5772364	0	0.8165771
7.599994	-318.5932	1.8	-316.3958	0	0.5772364	0	0.8165771
7.619994	-318.5932	1.8	-316.3958	0	0.5772364	0	0.8165771
7.639994	-318.5932	1.8	-316.3958	0	0.5772364	0	0.8165771
7.659994	-318.5932	1.8	-316.3958	0	0.5772364	0	0.8165771
7.679994	-318.5932	1.8	-316.3958	0	0.5772364	0	0.8165771
7.699994	-318.5932	1.8	-316.3958	0	0.5772364	0	0.8165771
7.719994	-318.5932	1.8	-316.3958	0	0.5772364	0	0.8165771
7.739994	-318.5932	1.8	-316.3958	0	0.5772364	0	0.8165771
7.759994	-318.5932	1.8	-316.3958	0	0.5772364	0	0.8165771
7.779994	-318.5932	1.8	-316.3958	0	0.5772364	0	0.8165771
7.799994	-318.5932	1.8	-316.3958	0	0.5772364	0	0.8165771
7.819993	-318.5932	1.8	-316.3958	0	0.5772364	0	0.8165771
7.839993	-318.5932	1.8	-316.3958	0	0.5772364	0	0.8165771
7.859993	-318.5932	1.8	-316.3958	0	0.5772364	0	0.8165771
7.879993	-318.5932	1.8	-316.3958	0	0.5772364	0	0.8165771
7.899993	-318.5932	1.8	-316.3958	0	0.5772364	0	0.8165771
7.919993	-318.5932	1.8	-316.3958	0	0.5772364	0	0.8165771
7.939993	-318.5932	1.8	-316.3958	0	0.5772364	0	0.8165771
7.959993	-318.5932	1.8	-316.3958	0	0.5772364	0	0.8165771
7.979993	-318.5932	1.8	-316.3958	0	0.5772364	0	0.8165771
7.999993	-318.5932	1.8	-316.3958	0	0.5772364	0	0.8165771
8.019994	-318.5932	1.8	-316.3958	0	0.5772364	0	0.8165771
8.039994	-318.5932	1.8	-316.3958	0	0.5772364	0	0.8165771
8.059995	-318.5932	1.8	-316.3958	0	0.5772364	0	0.8165771
8.079995	-318.5932	1.8	-316.3958	0	0.5772364	0	0.8165771
8.099996	-318.5932	1.8	-316.3958	0	0.5772364	0	0.8165771
8.119996	-318.5932	1.8	-316.3958	0	0.5772364	0	0.8165771
8.139997	-318.5932	1.8	-316.3958	0	0.5772364	0	0.8165771
8.159997	-318.5932	1.8	-316.3958	0	0.5772364	0	0.8165771
8.179997	-318.5932	1.8	-316.3958	0	0.5772364	0	0.8165771
8.199998	-318.5932	1.8	-316.3958	0	0.5772364	0	0.8165771
8.219998	-318.5932	1.8	-316.3958	0	0.5772364	0	0.8165771
8.239999	-318.5932	1.8	-316.3958	0	0.5772364	0	0.8165771
8.259999	-318.5932	1.8	-316.3958	0	0.5772364	0	0.8165771
8.28	-318.5932	1.8	-316.3958	0	0.5772364	0	0.8165771
8.3	-318.5932	1.8	-316.3958	0	0.5772364	0	0.8165771
8.320001	-318.5932	1.8	-316.3958	0	0.5772364	0	0.8165771
8.340001	-318.5932	1.8	-316.3958	0	0.5772364	0	0.8165771
8.360002	-318.5932	1.8	-316.3958	0	0.5772364	0	0.8165771
8.380002	-318.5932	1.8	-316.3958	0	0.5772364	0	0.8165771
8.400002	-318.5932	1.8	-316.3958	0	0.5772364	0	0.8165771
8.420003	-318.5932	1.8	-316.3958	0	0.5772364	0	0.8165771
8.440003	-318.5932	1.8	-316.3958	0	0.5772364	0	0.8165771
8.460004	-318.5932	1.8	-316.3958	0	0.5772364	0	0.8165771
8.480004	-318.5932	1.8	-316.3958	0	0.5772364	0	0.8165771
8.500005	-318.5932	1.8	-316.3958	0	0.5772364	0	0.8165771
8.520005	-318.5932	1.8	-316.3958	0	0.5772364	0	0.8165771
8.540006	-318.5932	1.8	-316.3958	0	0.5772364	0	0.8165771
8.560006	-318.5932	1.8	-316.3958	0	0.5772364	0	0.8165771
8.580007	-318.5932	1.8	-316.3958	0	0.5772364	0	0.8165771
8.600007	-318.5932	1.8	-316.3958	0	0.5772364	0	0.8165771
8.620008	-318.5932	1.8	-316.3958	0	0.5772364	0	0.8165771
8.640008	-318.5932	1.8	-316.3958	0	0.5772364	0	0.8165771
8.660008	-318.5932	1.8	-316.3958	0	0.5772364	0	0.8165771
8.680009	-318.5932	1.8	-316.3958	0	0.5772364	0	0.8165771
8.700009	-318.5932	1.8	-316.3958	0	0.5772364	0	0.8165771
8.72001	-318.5932	1.8	-316.3958	0	0.5772364	0	0.8165771
8.74001	-318.5932	1.8	-316.3958	0	0.5772364	0	0.8165771
8.760011	-318.5932	1.8	-316.3958	0	0.5772364	0	0.8165771
8.780011	-318.5932	1.8	-316.3958	0	0.5772364	0	0.8165771
8.800012	-318.5932	1.8	-316.3958	0	0.5772364	0	0.8165771
8.820012	-318.5932	1.8	-316.3958	0	0.5772364	0	0.8165771
8.840013	-318.5932	1.8	-316.3958	0	0.5772364	0	0.8165771
8.860013	-318.5932	1.8	-316.3958	0	0.5772364	0	0.8165771
8.880013	-318.5932	1.8	-316.3958	0	0.5772364	0	0.8165771
8.900014	-318.5932	1.8	-316.3958	0	0.5772364	0	0.8165771
8.920014	-318.5932	1.8	-316.3958	0	0.5772364	0	0.8165771
8.940015	-318.5932	1.8	-316.3958	0	0.5772364	0	0.8165771
8.960015	-318.5932	1.8	-316.3958	0	0.5772364	0	0.8165771
8.980016	-318.5932	1.8	-316.3958	0	0.5772364	0	0.8165771
9.000016	-318.5932	1.8	-316.3958	0	0.5772364	0	0.8165771
9.020017	-318.5932	1.8	-316.3958	0	0.5772364	0	0.8165771
9.040017	-318.5932	1.8	-316.3958	0	0.5772364	0	0.8165771
9.060018	-318.5932	1.8	-316.3958	0	0.5772364	0	0.8165771
9.080018	-318.5932	1.8	-316.3958	0	0.5772364	0	0.8165771
9.100019	-318.5932	1.8	-316.3958	0	0.5772364	0	0.8165771
9.120019	-318.5932	1.8	-316.3958	0	0.5772364	0	0.8165771
9.140019	-318.5932	1.8	-316.3958	0	0.5772364	0	0.8165771
9.16002	-318.5932	1.8	-316.3958	0	0.5772364	0	0.8165771
9.18002	-318.5932	1.8	-316.3958	0	0.5772364	0	0.8165771
9.200021	-318.5932	1.8	-316.3958	0	0.5772364	0	0.8165771
9.220021	-318.5932	1.8	-316.3958	0	0.5772364	0	0.8165771
9.240022	-318.5932	1.8	-316.3958	0	0.5772364	0	0.8165771
9.260022	-318.5932	1.8	-316.3958	0	0.5772364	0	0.8165771
9.280023	-318.5932	1.8	-316.3958	0	0.5772364	0	0.8165771
9.300023	-318.5932	1.8	-316.3958	0	0.5772364	0	0.8165771
9.320024	-318.5932	1.8	-316.3958	0	0.5772364	0	0.8165771
9.340024	-318.5932	1.8	-316.3958	0	0.5772364	0	0.8165771
9.360024	-318.5932	1.8	-316.3958	0	0.5772364	0	0.8165771
9.380025	-318.5932	1.8	-316.3958	0	0.5772364	0	0.8165771
9.400025	-318.5932	1.8	-316.3958	0	0.5772364	0	0.8165771
9.420026	-318.5932	1.8	-316.3958	0	0.5772364	0	0.8165771
9.440026	-318.5932	1.8	-316.3958	0	0.5772364	0	0.8165771
9.460027	-318.5932	1.8	-316.3958	0	0.5772364	0	0.8165771
9.480027	-318.5932	1.8	-316.3958	0	0.5772364	0	0.8165771
9.500028	-318.5932	1.8	-316.3958	0	0.5772364	0	0.8165771
9.520028	-318.5932	1.8	-316.3958	0	0.5772364	0	0.8165771
9.540029	-318.5932	1.8	-316.3958	0	0.5772364	0	0.8165771
9.560029	-318.5932	1.8	-316.3958	0	0.5772364	0	0.8165771
9.580029	-318.5932	1.8	-316.3958	0	0.5772364	0	0.8165771
9.60003	-318.5932	1.8	-316.3958	0	0.5772364	0	0.8165771
9.62003	-318.5932	1.8	-316.3958	0	0.5772364	0	0.8165771
9.640031	-318.5932	1.8	-316.3958	0	0.5772364	0	0.8165771
9.660031	-318.5932	1.8	-316.3958	0	0.5772364	0	0.8165771
9.680032	-318.5932	1.8	-316.3958	0	0.5772364	0	0.8165771
9.700032	-318.5932	1.8	-316.3958	0	0.5776025	0	0.8163182
9.720033	-318.7242	1.8	-316.442	0	0.5776025	0	0.8163182
9.740033	-318.8552	1.8	-316.4883	0	0.5781516	0	0.8159294
9.760034	-318.9863	1.8	-316.5343	0	0.5787918	0	0.8154754
9.780034	-319.1175	1.8	-316.5802	0	0.5794774	0	0.8149884
9.800035	-319.2487	1.8	-316.6258	0	0.5794774	0	0.8149884
9.820035	-319.3799	1.8	-316.6714	0	0.5801854	0	0.8144845
9.840035	-319.5112	1.8	-316.7168	0	0.5809044	0	0.8139719
9.860036	-319.6426	1.8	-316.762	0	0.5816286	0	0.8134545
9.880036	-319.7741	1.8	-316.8069	0	0.5816286	0	0.8134545
9.900037	-319.9055	1.8	-316.8518	0	0.5823551	0	0.8129345
9.920037	-320.0371	1.8	-316.8965	0	0.5830827	0	0.8124128
9.940038	-320.1687	1.8	-316.941	0	0.5838105	0	0.8118899
9.960038	-320.3004	1.8	-316.9852	0	0.5845433	0	0.8113624
9.980039	-320.4322	1.8	-317.0292	0	0.5852734	0	0.8108361
10.00004	-320.5641	1.8	-317.073	0	0.5860017	0	0.8103099
10.02004	-320.696	1.8	-317.1165	0	0.5867289	0	0.8097835
10.04004	-320.8281	1.8	-317.1598	0	0.5867289	0	0.8097835
10.06004	-320.9601	1.8	-317.203	0	0.5874554	0	0.8092566
10.08004	-321.0922	1.8	-317.2461	0	0.5881812	0	0.8087292
10.10004	-321.2244	1.8	-317.2889	0	0.5889065	0	0.8082013
10.12004	-321.3566	1.8	-317.3315	0	0.5896364	0	0.8076689
10.14004	-321.489	1.8	-317.3738	0	0.5896364	0	0.8076689
10.16004	-321.6213	1.8	-317.4161	0	0.5903632	0	0.8071377
10.18004	-321.7537	1.8	-317.4582	0	0.5910882	0	0.8066069
10.20004	-321.8862	1.8	-317.5	0	0.5918122	0	0.8060759
10.22004	-322.0173	1.8	-317.5412	0	0.5918122	0	0.8060759
10.24004	-322.1485	1.8	-317.5824	0	0.5925406	0	0.8055407
10.26005	-322.2811	1.8	-317.6237	0	0.5932657	0	0.8050068
10.28005	-322.4138	1.8	-317.6649	0	0.5939889	0	0.8044733
10.30005	-322.5466	1.8	-317.7058	0	0.5947109	0	0.8039396
10.32005	-322.678	1.8	-317.746	0	0.5947109	0	0.8039396
10.34005	-322.8095	1.8	-317.7862	0	0.5954322	0	0.8034056
10.36005	-322.9424	1.8	-317.8266	0	0.5961528	0	0.802871
10.38005	-323.0754	1.8	-317.8668	0	0.5968728	0	0.8023359
10.40005	-323.2085	1.8	-317.9068	0	0.5968728	0	0.8023359
10.42005	-323.3415	1.8	-317.9467	0	0.5975924	0	0.8018001
10.44005	-323.4747	1.8	-317.9864	0	0.5983114	0	0.8012637
10.46005	-323.6079	1.8	-318.0259	0	0.5990298	0	0.8007267
10.48005	-323.7411	1.8	-318.0651	0	0.5997479	0	0.8001891
10.50005	-323.8745	1.8	-318.1041	0	0.5997479	0	0.8001891
10.52005	-324.0079	1.8	-318.143	0	0.6004654	0	0.7996507
10.54005	-324.1413	1.8	-318.1818	0	0.6011876	0	0.7991079
10.56005	-324.2748	1.8	-318.2203	0	0.6019068	0	0.7985664
10.58005	-324.4084	1.8	-318.2586	0	0.6019068	0	0.7985664
10.60005	-324.5419	1.8	-318.2968	0	0.6026241	0	0.7980252
10.62005	-324.6756	1.8	-318.3349	0	0.6033403	0	0.7974838
10.64005	-324.8093	1.8	-318.3727	0	0.6040558	0	0.7969421
10.66005	-324.943	1.8	-318.4102	0	0.6040558	0	0.7969421
10.68005	-325.0768	1.8	-318.4477	0	0.6047706	0	0.7963998
10.70006	-325.2106	1.8	-318.485	0	0.6054848	0	0.7958569
10.72006	-325.3445	1.8	-318.5221	0	0.6061985	0	0.7953134
10.74006	-325.4785	1.8	-318.5589	0	0.6069117	0	0.7947693
10.76006	-325.6125	1.8	-318.5955	0	0.6069117	0	0.7947693
10.78006	-325.7466	1.8	-318.6321	0	0.6076244	0	0.7942246
10.80006	-325.8806	1.8	-318.6685	0	0.6083366	0	0.7936792
10.82006	-326.0148	1.8	-318.7046	0	0.6090483	0	0.7931332
10.84006	-326.149	1.8	-318.7404	0	0.6097595	0	0.7925865
10.86006	-326.2819	1.8	-318.7757	0	0.6097595	0	0.7925865
10.88006	-326.4148	1.8	-318.8109	0	0.6104702	0	0.7920392
10.90006	-326.5491	1.8	-318.8463	0	0.6111805	0	0.7914913
10.92006	-326.6836	1.8	-318.8814	0	0.6118902	0	0.7909427
10.94006	-326.8181	1.8	-318.9163	0	0.6126045	0	0.7903896
10.96006	-326.9512	1.8	-318.9506	0	0.6126045	0	0.7903896
10.98006	-327.0843	1.8	-318.9849	0	0.6140254	0	0.7892864
11.00006	-327.2204	1.8	-319.0194	0	0.6147338	0	0.7887347
11.02006	-327.3551	1.8	-319.0534	0	0.6154413	0	0.7881827
11.04006	-327.4899	1.8	-319.0871	0	0.6161482	0	0.7876302
11.06006	-327.6248	1.8	-319.1205	0	0.6168546	0	0.7870772
11.08006	-327.7597	1.8	-319.1537	0	0.6182657	0	0.7859692
11.10006	-327.8947	1.8	-319.1864	0	0.6189705	0	0.7854143
11.12006	-328.0298	1.8	-319.2189	0	0.6196748	0	0.7848588
11.14007	-328.1649	1.8	-319.2511	0	0.6203786	0	0.7843026
11.16007	-328.3001	1.8	-319.2831	0	0.6210818	0	0.7837458
11.18007	-328.4354	1.8	-319.3148	0	0.6224868	0	0.7826303
11.20007	-328.5707	1.8	-319.3461	0	0.6231886	0	0.7820716
11.22007	-328.7062	1.8	-319.3771	0	0.6238899	0	0.7815123
11.24007	-328.8416	1.8	-319.4079	0	0.6245906	0	0.7809524
11.26007	-328.9772	1.8	-319.4384	0	0.6252909	0	0.7803918
11.28007	-329.1128	1.8	-319.4688	0	0.6266899	0	0.7792687
11.30007	-329.2485	1.8	-319.4985	0	0.6273887	0	0.7787063
11.32007	-329.3842	1.8	-319.5281	0	0.6280869	0	0.7781432
11.34007	-329.52	1.8	-319.5574	0	0.6287847	0	0.7775795
11.36007	-329.6559	1.8	-319.5865	0	0.6294819	0	0.7770152
11.38007	-329.7918	1.8	-319.6154	0	0.6308748	0	0.7758846
11.40007	-329.9278	1.8	-319.6437	0	0.6315706	0	0.7753184
11.42007	-330.0639	1.8	-319.6718	0	0.6322658	0	0.7747516
11.44007	-330.2	1.8	-319.6996	0	0.6329605	0	0.7741842
11.46007	-330.3362	1.8	-319.7273	0	0.6343533	0	0.7730433
11.48007	-330.4724	1.8	-319.7544	0	0.6350489	0	0.772472
11.50007	-330.6088	1.8	-319.7813	0	0.6357428	0	0.771901
11.52007	-330.7451	1.8	-319.8079	0	0.6364356	0	0.7713298
11.54007	-330.8815	1.8	-319.8343	0	0.6371276	0	0.7707585
11.56007	-331.018	1.8	-319.8604	0	0.6385095	0	0.7696139
11.58008	-331.1545	1.8	-319.8861	0	0.6392046	0	0.7690368
11.60008	-331.2911	1.8	-319.9115	0	0.6398966	0	0.768461
11.62008	-331.4277	1.8	-319.9366	0	0.6405919	0	0.7678816
11.64008	-331.5644	1.8	-319.9615	0	0.6412834	0	0.7673041
11.66008	-331.7011	1.8	-319.9862	0	0.6426612	0	0.7661504
11.68008	-331.838	1.8	-320.0103	0	0.6433486	0	0.7655734
11.70008	-331.9748	1.8	-320.0343	0	0.6440352	0	0.7649959
11.72008	-332.1117	1.8	-320.058	0	0.6447261	0	0.7644137
11.74008	-332.2487	1.8	-320.0814	0	0.6454141	0	0.763833
11.76008	-332.3857	1.8	-320.1046	0	0.6467851	0	0.7626723
11.78008	-332.5227	1.8	-320.1273	0	0.6474693	0	0.7620916
11.80008	-332.6584	1.8	-320.1495	0	0.6481527	0	0.7615104
11.82008	-332.7955	1.8	-320.1717	0	0.6488405	0	0.7609245
11.84008	-332.9327	1.8	-320.1936	0	0.6495252	0	0.7603401
11.86008	-333.0699	1.8	-320.2153	0	0.65089	0	0.7591721
11.88008	-333.2072	1.8	-320.2365	0	0.651571	0	0.7585877
11.90008	-333.3445	1.8	-320.2575	0	0.6522562	0	0.7579986
11.92008	-333.4819	1.8	-320.2782	0	0.6529383	0	0.7574111
11.94008	-333.6194	1.8	-320.2987	0	0.6536186	0	0.7568241
11.96008	-333.7568	1.8	-320.3189	0	0.654981	0	0.7556453
11.98008	-333.8943	1.8	-320.3386	0	0.6556611	0	0.7550553
12.00008	-334.0319	1.8	-320.3581	0	0.6563394	0	0.7544658
12.02009	-334.1695	1.8	-320.3773	0	0.6570165	0	0.7538762
12.04009	-334.3071	1.8	-320.3963	0	0.6583732	0	0.7526917
12.06009	-334.4448	1.8	-320.4148	0	0.6590505	0	0.7520987
12.08009	-334.5826	1.8	-320.433	0	0.6597309	0	0.7515019
12.10009	-334.7203	1.8	-320.451	0	0.6604077	0	0.7509072
12.12009	-334.8581	1.8	-320.4688	0	0.6610873	0	0.750309
12.14009	-334.9959	1.8	-320.4863	0	0.662437	0	0.7491177
12.16009	-335.1338	1.8	-320.5033	0	0.6631094	0	0.7485225
12.18009	-335.2717	1.8	-320.52	0	0.6637809	0	0.747927
12.20009	-335.4096	1.8	-320.5365	0	0.6644518	0	0.7473312
12.22009	-335.5476	1.8	-320.5528	0	0.6651219	0	0.7467348
12.24009	-335.6856	1.8	-320.5688	0	0.6664605	0	0.7455404
12.26009	-335.8237	1.8	-320.5843	0	0.6671337	0	0.744938
12.28009	-335.9618	1.8	-320.5996	0	0.6678041	0	0.7443371
12.30009	-336.0999	1.8	-320.6146	0	0.6684726	0	0.7437367
12.32009	-336.238	1.8	-320.6294	0	0.6691401	0	0.7431363
12.34009	-336.3762	1.8	-320.6439	0	0.6704726	0	0.7419344
12.36009	-336.513	1.8	-320.6577	0	0.6711379	0	0.7413326
12.38009	-336.6512	1.8	-320.6715	0	0.6718026	0	0.7407302
12.40009	-336.7895	1.8	-320.685	0	0.6724668	0	0.7401273
12.42009	-336.9278	1.8	-320.6983	0	0.6731304	0	0.7395238
12.44009	-337.0662	1.8	-320.7113	0	0.6744631	0	0.7383086
12.4601	-337.2045	1.8	-320.7238	0	0.6751263	0	0.7377023
12.4801	-337.3429	1.8	-320.7361	0	0.6757883	0	0.7370958
12.5001	-337.4813	1.8	-320.7481	0	0.6764495	0	0.7364891
12.5201	-337.6198	1.8	-320.7599	0	0.67711	0	0.7358819
12.5401	-337.7582	1.8	-320.7715	0	0.6784291	0	0.7346659
12.5601	-337.8967	1.8	-320.7825	0	0.6790925	0	0.7340527
12.5801	-338.0352	1.8	-320.7933	0	0.6797531	0	0.7334411
12.6001	-338.1737	1.8	-320.8038	0	0.6804118	0	0.73283
12.6201	-338.3123	1.8	-320.8141	0	0.6817263	0	0.7316074
12.6401	-337.6351	1.8	-320.766	0	0.6823871	0	0.7309911
12.6601	-336.7596	1.8	-320.7057	0	0.6830449	0	0.7303764
12.6801	-335.8839	1.8	-320.647	0	0.6837009	0	0.7297623
12.7001	-335.0082	1.8	-320.5898	0	0.6843559	0	0.7291482
12.7201	-334.1324	1.8	-320.5343	0	0.6876233	0	0.7260677
12.7401	-333.2563	1.8	-320.4887	0	0.6897017	0	0.7240937
12.7601	-332.3798	1.8	-320.4461	0	0.6918867	0	0.7220062
12.7801	-331.5031	1.8	-320.4087	0	0.6941211	0	0.7198583
12.8001	-330.6262	1.8	-320.3767	0	0.6963768	0	0.7176763
12.8201	-329.7491	1.8	-320.3503	0	0.7009022	0	0.7132574
12.8401	-328.8721	1.8	-320.3387	0	0.7031614	0	0.7110304
12.8601	-327.9946	1.8	-320.3289	0	0.7054151	0	0.7087945
12.88011	-327.1171	1.8	-320.3247	0	0.7076625	0	0.7065506
12.90011	-326.2397	1.8	-320.3261	0	0.7099033	0	0.7042992
12.92011	-325.3622	1.8	-320.333	0	0.7143639	0	0.6997744
12.94011	-324.4854	1.8	-320.3548	0	0.7165835	0	0.6975014
12.96011	-323.6082	1.8	-320.3785	0	0.7187959	0	0.6952212
12.98011	-322.7312	1.8	-320.4077	0	0.721001	0	0.692934
13.00011	-321.8545	1.8	-320.4426	0	0.7231989	0	0.6906399
13.02011	-320.9779	1.8	-320.4829	0	0.7275727	0	0.6860306
13.04011	-320.1026	1.8	-320.5381	0	0.7297486	0	0.6837155
13.06011	-319.2269	1.8	-320.5952	0	0.7319172	0	0.6813936
13.08011	-318.3517	1.8	-320.6579	0	0.7333037	0	0.6799012
13.10011	-317.4766	1.8	-320.7241	0	0.7343047	0	0.6788201
13.12011	-316.6017	1.8	-320.7929	0	0.7340145	0	0.6791338
13.14011	-315.7269	1.8	-320.8629	0	0.7314757	0	0.6818677
13.16011	-314.8518	1.8	-320.9244	0	0.7272848	0	0.6863358
13.18011	-313.9763	1.8	-320.9753	0	0.7221678	0	0.6917179
13.20011	-313.1003	1.8	-321.0131	0	0.7106722	0	0.7035233
13.22011	-312.2261	1.8	-321.0132	0	0.7046212	0	0.7095838
13.24011	-311.3487	1.8	-321.007	0	0.6984603	0	0.7156489
13.26011	-310.4724	1.8	-320.9858	0	0.6922179	0	0.7216886
13.28011	-309.5967	1.8	-320.9494	0	0.6859085	0	0.7276879
13.30011	-308.7217	1.8	-320.8978	0	0.6731154	0	0.7395376
13.32012	-307.8526	1.8	-320.8064	0	0.666638	0	0.7453817
13.34012	-306.9806	1.8	-320.7088	0	0.660109	0	0.7511699
13.36012	-306.1113	1.8	-320.5963	0	0.6535292	0	0.7569013
13.38012	-305.2441	1.8	-320.4686	0	0.6468994	0	0.7625754
13.40012	-304.3793	1.8	-320.3258	0	0.6334923	0	0.7737491
13.42012	-303.5245	1.8	-320.144	0	0.626716	0	0.7792478
13.44012	-302.6675	1.8	-319.9559	0	0.6198921	0	0.7846871
13.46012	-301.8148	1.8	-319.7531	0	0.6130208	0	0.7900667
13.48012	-300.9657	1.8	-319.5355	0	0.606103	0	0.7953863
13.50012	-300.1205	1.8	-319.3031	0	0.5930399	0	0.8051731
13.52012	-299.2885	1.8	-319.0344	0	0.5876969	0	0.8090813
13.54012	-298.4539	1.8	-318.763	0	0.5833927	0	0.8121903
13.56012	-297.6226	1.8	-318.483	0	0.5815994	0	0.8134754
13.58012	-296.7923	1.8	-318.1991	0	0.5810667	0	0.8138559
13.60012	-295.9622	1.8	-317.9141	0	0.5815797	0	0.8134895
13.62012	-295.1318	1.8	-317.6302	0	0.5821515	0	0.8130804
13.64012	-294.301	1.8	-317.3475	0	0.5828018	0	0.8126144
13.66012	-293.4698	1.8	-317.0661	0	0.5834911	0	0.8121196
13.68012	-292.6381	1.8	-316.786	0	0.5855998	0	0.8106003
13.70012	-291.8047	1.8	-316.5112	0	0.5873333	0	0.8093452
13.72012	-290.9704	1.8	-316.2391	0	0.5893169	0	0.8079019
13.74012	-290.1348	1.8	-315.9711	0	0.5915889	0	0.8062397
13.76013	-289.2977	1.8	-315.7078	0	0.5941672	0	0.8043416
13.78013	-288.459	1.8	-315.4499	0	0.6004732	0	0.7996449
13.80013	-287.6159	1.8	-315.2094	0	0.6040579	0	0.7969404
13.82013	-286.771	1.8	-314.9723	0	0.6079251	0	0.7939944
13.84013	-285.9241	1.8	-314.7435	0	0.6120059	0	0.7908533
13.86013	-285.075	1.8	-314.5233	0	0.616184	0	0.7876023
13.88013	-284.2236	1.8	-314.3122	0	0.6247092	0	0.7808575
13.90013	-283.3675	1.8	-314.1259	0	0.629132	0	0.7772985
13.92013	-282.5092	1.8	-313.943	0	0.6339191	0	0.7733994
13.94013	-281.6493	1.8	-313.7708	0	0.6392685	0	0.7689837
13.96013	-280.7871	1.8	-313.6106	0	0.6449571	0	0.7642189
13.98013	-279.9228	1.8	-313.4631	0	0.6571487	0	0.7537609
14.00013	-279.0555	1.8	-313.3524	0	0.6635025	0	0.7481742
14.02013	-278.1844	1.8	-313.2476	0	0.6699074	0	0.7424448
14.04013	-277.3125	1.8	-313.1577	0	0.6763119	0	0.7366155
14.06013	-276.4391	1.8	-313.0829	0	0.68269	0	0.7307082
14.08013	-275.5647	1.8	-313.0233	0	0.6953207	0	0.7186997
14.10013	-274.691	1.8	-313.0038	0	0.701563	0	0.7126075
14.12013	-273.8136	1.8	-312.9901	0	0.7077534	0	0.7064596
14.14013	-272.9371	1.8	-312.9916	0	0.7138907	0	0.7002572
14.16013	-272.0608	1.8	-313.0084	0	0.7199739	0	0.6940012
14.18013	-271.1848	1.8	-313.0405	0	0.7319759	0	0.6813305
14.20014	-270.3139	1.8	-313.1125	0	0.7378937	0	0.674917
14.22014	-269.44	1.8	-313.1905	0	0.7437552	0	0.6684521
14.24014	-268.5684	1.8	-313.2836	0	0.749288	0	0.6622444
14.26014	-267.6984	1.8	-313.3912	0	0.7588273	0	0.651292
14.28014	-266.8348	1.8	-313.5327	0	0.7626404	0	0.6468228
14.30014	-265.969	1.8	-313.676	0	0.7656262	0	0.6432858
14.32014	-265.1048	1.8	-313.8272	0	0.7674006	0	0.6411681
14.34014	-264.2413	1.8	-313.9832	0	0.7685726	0	0.6397627
14.36014	-263.3783	1.8	-314.1424	0	0.7701655	0	0.6378441
14.38014	-262.5164	1.8	-314.3075	0	0.7708116	0	0.6370631
14.40014	-261.6545	1.8	-314.4727	0	0.7701876	0	0.6378174
14.42014	-260.7923	1.8	-314.6363	0	0.768729	0	0.6395746
14.44014	-259.9294	1.8	-314.7959	0	0.766782	0	0.6419076
14.46014	-259.0657	1.8	-314.9503	0	0.761857	0	0.6477453
14.48014	-258.1996	1.8	-315.0872	0	0.7591212	0	0.6509494
14.50014	-257.3324	1.8	-315.2211	0	0.7562401	0	0.6542942
14.52014	-256.4642	1.8	-315.3473	0	0.7532105	0	0.6577795
14.54014	-255.5949	1.8	-315.4654	0	0.7500297	0	0.6614042
14.56014	-254.7245	1.8	-315.5752	0	0.7432729	0	0.6689884
14.58014	-253.8525	1.8	-315.6614	0	0.7397968	0	0.6728305
14.60014	-252.9789	1.8	-315.7444	0	0.7362834	0	0.6766734
14.62014	-252.1048	1.8	-315.8183	0	0.7327414	0	0.6805072
14.64015	-251.2299	1.8	-315.8831	0	0.729175	0	0.6843273
14.66015	-250.3545	1.8	-315.9387	0	0.7219771	0	0.6919171
14.68015	-249.4788	1.8	-315.97	0	0.7183473	0	0.6956847
14.70015	-248.6017	1.8	-315.9981	0	0.7146976	0	0.6994337
14.72015	-247.7247	1.8	-316.0171	0	0.7110282	0	0.7031636
14.74015	-246.8476	1.8	-316.0269	0	0.7073392	0	0.7068743
14.76015	-245.9704	1.8	-316.0275	0	0.6999032	0	0.7142377
14.78015	-245.0945	1.8	-316.0037	0	0.6961564	0	0.7178901
14.80015	-244.2173	1.8	-315.9767	0	0.6923906	0	0.7215229
14.82015	-243.3409	1.8	-315.9406	0	0.6886058	0	0.725136
14.84015	-242.4648	1.8	-315.8954	0	0.6811677	0	0.7321274
14.86015	-241.5912	1.8	-315.8264	0	0.6776111	0	0.7354205
14.88015	-240.7166	1.8	-315.7547	0	0.6744274	0	0.7383412
14.90015	-239.8428	1.8	-315.6755	0	0.6716548	0	0.7408643
14.92015	-238.9697	1.8	-315.5897	0	0.6690852	0	0.7431857
14.94015	-238.097	1.8	-315.4979	0	0.6643812	0	0.7473939
14.96015	-237.2264	1.8	-315.3914	0	0.6621113	0	0.7494055
14.98015	-236.3555	1.8	-315.2832	0	0.6598585	0	0.7513899
15.00015	-235.4854	1.8	-315.1699	0	0.657766	0	0.7532223
15.02015	-234.6159	1.8	-315.0517	0	0.6558294	0	0.7549092
15.04015	-233.747	1.8	-314.929	0	0.6552216	0	0.7554368
15.06015	-232.8783	1.8	-314.8038	0	0.655572	0	0.7551327
15.08016	-232.0094	1.8	-314.6806	0	0.6560856	0	0.7546865
15.10016	-231.1404	1.8	-314.5585	0	0.6566806	0	0.7541687
15.12016	-230.2711	1.8	-314.4378	0	0.6573161	0	0.753615
15.14016	-229.4017	1.8	-314.3186	0	0.6607785	0	0.750581
15.16016	-228.5312	1.8	-314.2093	0	0.6634029	0	0.7482624
15.18016	-227.66	1.8	-314.1042	0	0.6664346	0	0.7455636
15.20016	-226.7882	1.8	-314.0061	0	0.6698148	0	0.7425283
15.22016	-225.9155	1.8	-313.916	0	0.673436	0	0.7392456
15.24016	-225.042	1.8	-313.8344	0	0.6814725	0	0.7318438
15.26016	-224.1678	1.8	-313.778	0	0.6858223	0	0.7277691
15.28016	-223.2919	1.8	-313.7259	0	0.690405	0	0.7234231
15.30016	-222.4158	1.8	-313.6849	0	0.6951618	0	0.7188534
15.32016	-221.5393	1.8	-313.6555	0	0.7051976	0	0.7090108
15.34016	-220.6642	1.8	-313.6585	0	0.7102852	0	0.703914
15.36016	-219.7868	1.8	-313.6664	0	0.7153661	0	0.6987498
15.38016	-218.9102	1.8	-313.687	0	0.7204245	0	0.6935334
15.40016	-218.0339	1.8	-313.7202	0	0.7254523	0	0.6882725
15.42016	-217.1583	1.8	-313.7662	0	0.7351925	0	0.6778584
15.44016	-216.2868	1.8	-313.8453	0	0.7395936	0	0.6730537
15.46016	-215.4131	1.8	-313.9278	0	0.7431908	0	0.6690797
15.48016	-214.5407	1.8	-314.0196	0	0.7459032	0	0.6660545
15.50016	-213.669	1.8	-314.1185	0	0.747557	0	0.6641977
15.52017	-212.7976	1.8	-314.2217	0	0.7495371	0	0.6619625
15.54017	-211.927	1.8	-314.3323	0	0.7502619	0	0.6611409
15.56017	-211.0564	1.8	-314.4427	0	0.7509201	0	0.660393
15.58017	-210.186	1.8	-314.5548	0	0.751545	0	0.6596819
15.60017	-209.3158	1.8	-314.6685	0	0.7521528	0	0.6589888
15.62017	-208.4458	1.8	-314.7839	0	0.752208	0	0.6589257
15.64017	-207.5761	1.8	-314.9008	0	0.7510914	0	0.6601983
15.66017	-206.7058	1.8	-315.0134	0	0.7495496	0	0.6619483
15.68017	-205.835	1.8	-315.1219	0	0.7477232	0	0.6640106
15.70017	-204.9637	1.8	-315.2256	0	0.7457505	0	0.6662254
15.72017	-204.0918	1.8	-315.3242	0	0.7414361	0	0.6710235
15.74017	-203.2187	1.8	-315.4077	0	0.7391971	0	0.6734893
15.76017	-202.3449	1.8	-315.4892	0	0.7369323	0	0.6759667
15.78017	-201.4707	1.8	-315.5648	0	0.7346503	0	0.678446
15.80017	-200.5961	1.8	-315.6345	0	0.7323556	0	0.6809224
15.82017	-199.7209	1.8	-315.6983	0	0.7277356	0	0.6858578
15.84017	-198.8452	1.8	-315.7462	0	0.725412	0	0.688315
15.86017	-197.9689	1.8	-315.7923	0	0.7232927	0	0.6905416
15.88017	-197.0923	1.8	-315.8329	0	0.7225407	0	0.6913285
15.90017	-196.2156	1.8	-315.8716	0	0.7227514	0	0.6911081
15.92017	-195.3389	1.8	-315.9107	0	0.7231997	0	0.6906391
15.94018	-194.4622	1.8	-315.9511	0	0.7237376	0	0.6900753
15.96018	-193.5856	1.8	-315.9929	0	0.7243158	0	0.6894684
15.98018	-192.7091	1.8	-316.0361	0	0.7249181	0	0.6888351
16.00018	-191.8326	1.8	-316.0809	0	0.7261407	0	0.6875461
16.02018	-190.9565	1.8	-316.1298	0	0.7267553	0	0.6868966
16.04018	-190.0802	1.8	-316.1793	0	0.7273701	0	0.6862454
16.06018	-189.2041	1.8	-316.2303	0	0.7279893	0	0.6855885
16.08018	-188.3281	1.8	-316.2829	0	0.7286059	0	0.6849332
16.10018	-187.4522	1.8	-316.3371	0	0.729835	0	0.6836234
16.12018	-186.5766	1.8	-316.3954	0	0.7304481	0	0.6829681
16.14018	-185.701	1.8	-316.4543	0	0.7310606	0	0.6823125
16.16018	-184.8255	1.8	-316.5148	0	0.7316724	0	0.6816564
16.18018	-183.9501	1.8	-316.5768	0	0.7322837	0	0.6809998
16.20018	-183.0748	1.8	-316.6404	0	0.7335042	0	0.6796849
16.22018	-182.1999	1.8	-316.7083	0	0.7341136	0	0.6790267
16.24018	-181.3249	1.8	-316.7766	0	0.7347224	0	0.6783679
16.26018	-180.4501	1.8	-316.8465	0	0.7353306	0	0.6777085
16.28018	-179.5755	1.8	-316.9179	0	0.7359383	0	0.6770487
16.30018	-178.7009	1.8	-316.9909	0	0.7371582	0	0.6757202
16.32018	-177.8268	1.8	-317.0682	0	0.7377651	0	0.6750575
16.34018	-176.9526	1.8	-317.1459	0	0.7369956	0	0.6758976
16.36018	-176.0783	1.8	-317.2217	0	0.7353958	0	0.6776378
16.38018	-175.2037	1.8	-317.2933	0	0.7331664	0	0.6800494
16.40018	-174.3288	1.8	-317.3592	0	0.7272254	0	0.6863988
16.42019	-173.4534	1.8	-317.4052	0	0.7236856	0	0.6901299
16.44019	-172.5769	1.8	-317.4468	0	0.7198817	0	0.6940969
16.46019	-171.7003	1.8	-317.4789	0	0.715861	0	0.6982429
16.48019	-170.8235	1.8	-317.5007	0	0.7075015	0	0.7067119
16.50019	-169.9477	1.8	-317.495	0	0.7032345	0	0.7109581
16.52019	-169.0702	1.8	-317.4854	0	0.6989295	0	0.7151906
16.54019	-168.1933	1.8	-317.4653	0	0.6945928	0	0.7194032
16.56019	-167.3168	1.8	-317.4346	0	0.6902274	0	0.7235925
16.58019	-166.4407	1.8	-317.3932	0	0.681342	0	0.7319652
16.60019	-165.5677	1.8	-317.3238	0	0.6768603	0	0.7361115
16.62019	-164.6933	1.8	-317.2503	0	0.6722962	0	0.7402824
16.64019	-163.8203	1.8	-317.1661	0	0.667754	0	0.7443821
16.66019	-162.9484	1.8	-317.0713	0	0.6632108	0	0.7484327
16.68019	-162.0777	1.8	-316.9658	0	0.6586551	0	0.752445
16.70019	-161.2083	1.8	-316.8498	0	0.6503454	0	0.7596387
16.72019	-160.3437	1.8	-316.708	0	0.6470265	0	0.7624675
16.74019	-159.4778	1.8	-316.5652	0	0.6444625	0	0.7646359
16.76019	-158.613	1.8	-316.4166	0	0.6435212	0	0.7654283
16.78019	-157.7485	1.8	-316.2659	0	0.6433936	0	0.7655356
16.80019	-156.884	1.8	-316.1149	0	0.6441559	0	0.7648943
16.82019	-156.0191	1.8	-315.9659	0	0.6447401	0	0.7644018
16.84019	-155.1541	1.8	-315.818	0	0.6453748	0	0.7638661
16.8602	-154.2888	1.8	-315.6714	0	0.6467474	0	0.7627043
16.8802	-153.4231	1.8	-315.528	0	0.648721	0	0.7610263
16.9002	-152.5566	1.8	-315.389	0	0.6541439	0	0.7563702
16.9202	-151.6884	1.8	-315.2663	0	0.6573407	0	0.7535936
16.9402	-150.819	1.8	-315.1471	0	0.6607461	0	0.7506096
16.9602	-149.9488	1.8	-315.0358	0	0.6642476	0	0.7475126
16.9802	-149.0776	1.8	-314.9327	0	0.6713432	0	0.7411467
17.0002	-148.2049	1.8	-314.8517	0	0.6748952	0	0.7379136
17.0202	-147.3308	1.8	-314.7736	0	0.6784384	0	0.7346573
17.0402	-146.4563	1.8	-314.7039	0	0.6820444	0	0.7313108
17.0602	-145.5812	1.8	-314.6428	0	0.6855981	0	0.7279803
17.0802	-144.7055	1.8	-314.5902	0	0.6927978	0	0.721132
17.1002	-143.8296	1.8	-314.5607	0	0.6964	0	0.7176538
17.1202	-142.9525	1.8	-314.5344	0	0.6999919	0	0.7141508
17.1402	-142.0754	1.8	-314.5168	0	0.7035695	0	0.7106264
17.1602	-141.1982	1.8	-314.508	0	0.7071312	0	0.7070823
17.1802	-140.321	1.8	-314.508	0	0.714203	0	0.6999386
17.2002	-139.445	1.8	-314.5315	0	0.7176408	0	0.6964135
17.2202	-138.5678	1.8	-314.5578	0	0.7210256	0	0.6929084
17.2402	-137.6912	1.8	-314.5927	0	0.7243049	0	0.6894799
17.2602	-136.815	1.8	-314.6358	0	0.7274532	0	0.6861573
17.2802	-135.9392	1.8	-314.687	0	0.7319517	0	0.6813566
17.30021	-135.0647	1.8	-314.7548	0	0.7331066	0	0.6801138
17.32021	-134.1896	1.8	-314.8206	0	0.7339923	0	0.6791578
17.34021	-133.3146	1.8	-314.8885	0	0.7347391	0	0.6783499
17.36021	-132.4398	1.8	-314.9585	0	0.7354161	0	0.6776159
17.38021	-131.5652	1.8	-315.0302	0	0.736682	0	0.6762394
17.40021	-130.6909	1.8	-315.1062	0	0.7372968	0	0.6755689
17.42021	-129.8167	1.8	-315.1827	0	0.7379111	0	0.6748979
17.44021	-128.9426	1.8	-315.2609	0	0.7385205	0	0.674231
17.46021	-128.0686	1.8	-315.3406	0	0.7391315	0	0.6735612
17.48021	-127.1948	1.8	-315.4219	0	0.7403435	0	0.6722288
17.50021	-126.3214	1.8	-315.5074	0	0.740947	0	0.6715635
17.52021	-125.4481	1.8	-315.5934	0	0.7404577	0	0.672103
17.54021	-124.5746	1.8	-315.6781	0	0.7392822	0	0.6733958
17.56021	-123.7008	1.8	-315.7598	0	0.7355411	0	0.6774802
17.58021	-122.8264	1.8	-315.8292	0	0.732825	0	0.6804172
17.60021	-121.9513	1.8	-315.8942	0	0.7288323	0	0.6846923
17.62021	-121.0759	1.8	-315.9489	0	0.7238228	0	0.6899859
17.64021	-120.2001	1.8	-315.991	0	0.7182747	0	0.6957597
17.66021	-119.3238	1.8	-316.019	0	0.7064044	0	0.7078084
17.68021	-118.4499	1.8	-316.0082	0	0.700265	0	0.713883
17.70021	-117.5726	1.8	-315.9913	0	0.694041	0	0.7199355
17.72021	-116.6966	1.8	-315.9593	0	0.6877484	0	0.7259492
17.74022	-115.8214	1.8	-315.9121	0	0.6813954	0	0.7319156
17.76022	-114.9471	1.8	-315.8496	0	0.6685241	0	0.7436905
17.78022	-114.1526	1.8	-315.7581	0	0.6620098	0	0.7494951
17.80022	-113.4703	1.8	-315.6741	0	0.6554447	0	0.7552432
17.82022	-112.9734	1.8	-315.6036	0	0.6488293	0	0.760934
17.84022	-112.6969	1.8	-315.5626	0	0.6421644	0	0.766567
17.86022	-112.5494	1.8	-315.5374	0	0.6286883	0	0.7776574
17.88022	-112.5499	1.8	-315.5375	0	0.6218781	0	0.7831141
17.90022	-112.6853	1.8	-315.569	0	0.6150206	0	0.7885111
17.92022	-112.82	1.8	-315.6028	0	0.6081161	0	0.793848
17.94022	-112.9541	1.8	-315.639	0	0.6011655	0	0.7991246
17.96022	-113.0861	1.8	-315.6771	0	0.5871273	0	0.8094946
17.98022	-113.2194	1.8	-315.7207	0	0.5800408	0	0.8145874
18.00022	-113.3507	1.8	-315.7661	0	0.5729102	0	0.8196182
18.02022	-113.4811	1.8	-315.8139	0	0.565736	0	0.8245865
18.04022	-113.6107	1.8	-315.8639	0	0.5512588	0	0.8343343
18.06022	-113.7383	1.8	-315.9184	0	0.543957	0	0.8391131
18.08022	-113.8651	1.8	-315.9751	0	0.5366137	0	0.843828
18.10022	-114.148	1.8	-316.1075	0	0.5292296	0	0.8484787
18.12022	-114.8937	1.8	-316.4728	0	0.5218052	0	0.8530647
18.14022	-115.6744	1.8	-316.8721	0	0.5068376	0	0.8620415
18.16022	-116.4331	1.8	-317.305	0	0.4992957	0	0.8664317
18.18023	-117.1923	1.8	-317.745	0	0.4917157	0	0.8707558
18.20023	-117.9429	1.8	-318.1975	0	0.4840983	0	0.8750136
18.22023	-118.6856	1.8	-318.6631	0	0.4764441	0	0.8792048
18.24023	-119.42	1.8	-319.1416	0	0.4610273	0	0.887386
18.26023	-120.1295	1.8	-319.6517	0	0.4532659	0	0.8913754
18.28023	-120.8386	1.8	-320.1686	0	0.44547	0	0.8952969
18.30023	-121.5378	1.8	-320.6972	0	0.4376402	0	0.8991502
18.32023	-122.2277	1.8	-321.2379	0	0.4297771	0	0.902935
18.34023	-122.9081	1.8	-321.7905	0	0.4139533	0	0.9102981
18.36023	-123.5604	1.8	-322.3719	0	0.4059938	0	0.9138759
18.38023	-124.2115	1.8	-322.9601	0	0.3980033	0	0.917384
18.40023	-124.8517	1.8	-323.5589	0	0.3899826	0	0.9208223
18.42023	-125.4813	1.8	-324.1687	0	0.3819322	0	0.9241904
18.44023	-126.1002	1.8	-324.7895	0	0.3657447	0	0.9307153
18.46023	-126.6881	1.8	-325.4359	0	0.3576088	0	0.9338715
18.48023	-127.2742	1.8	-326.089	0	0.3494457	0	0.9369566
18.50023	-127.8483	1.8	-326.7513	0	0.3412561	0	0.9399704
18.52023	-128.4107	1.8	-327.4236	0	0.3330404	0	0.9429126
18.54023	-128.9613	1.8	-328.1057	0	0.3165336	0	0.9485813
18.56023	-129.4785	1.8	-328.8101	0	0.3082437	0	0.9513075
18.58023	-129.4785	1.8	-328.562	0	0.2999304	0	0.9539611
18.60023	-129.4785	1.8	-328.5521	0	0.2915942	0	0.9565421
18.62024	-129.4785	1.8	-328.5438	0	0.2748558	0	0.9614855
18.64024	-128.9953	1.8	-327.7759	0	0.2664549	0	0.9638475
18.66024	-128.5453	1.8	-327.0251	0	0.2580337	0	0.966136
18.68024	-128.1082	1.8	-326.2654	0	0.2495929	0	0.9683509
18.70024	-127.6844	1.8	-325.4982	0	0.241133	0	0.9704921
18.72024	-127.2741	1.8	-324.7237	0	0.2241589	0	0.9745527
18.74024	-126.9008	1.8	-323.9335	0	0.2156459	0	0.9764717
18.76024	-126.5312	1.8	-323.1377	0	0.2071164	0	0.9783163
18.78024	-126.1759	1.8	-322.3364	0	0.1985712	0	0.9800864
18.80024	-125.8346	1.8	-321.5291	0	0.1900109	0	0.981782
18.82024	-125.5075	1.8	-320.7159	0	0.1728475	0	0.9849486
18.84024	-125.2189	1.8	-319.891	0	0.1642458	0	0.9864195
18.86024	-124.9345	1.8	-319.0609	0	0.1556315	0	0.9878153
18.88024	-124.6649	1.8	-318.2269	0	0.1470053	0	0.9891357
18.90024	-124.4099	1.8	-317.3883	0	0.138368	0	0.9903809
18.92024	-124.1696	1.8	-316.5454	0	0.1210624	0	0.9926449
18.94024	-123.9687	1.8	-315.6949	0	0.1123954	0	0.9936635
18.96024	-123.7727	1.8	-314.8396	0	0.1037199	0	0.9946066
18.98024	-123.5918	1.8	-313.982	0	0.09503649	0	0.9954738
19.00024	-123.4258	1.8	-313.1213	0	0.08634584	0	0.9962652
19.02024	-123.2749	1.8	-312.2579	0	0.06894547	0	0.9976205
19.04025	-123.1641	1.8	-311.3911	0	0.06023708	0	0.9981841
19.06025	-123.0585	1.8	-310.52	0	0.0515241	0	0.9986718
19.08025	-122.9682	1.8	-309.6481	0	0.04280719	0	0.9990834
19.10025	-122.8931	1.8	-308.7748	0	0.03408702	0	0.9994189
19.12025	-122.8333	1.8	-307.9003	0	0.01663957	0	0.9998616
19.14025	-122.8137	1.8	-307.0267	0	0.007913605	0	0.9999687
19.16025	-122.7998	1.8	-306.1493	0	-0.0008129589	0	0.9999997
19.18025	-122.8011	1.8	-305.2728	0	-0.009539461	0	0.9999545
19.20025	-122.8177	1.8	-304.3965	0	-0.02698962	0	0.9996358
19.22025	-122.8743	1.8	-303.5244	0	-0.03571195	0	0.9993622
19.24025	-122.9369	1.8	-302.6492	0	-0.04443156	0	0.9990125
19.26025	-123.0146	1.8	-301.7761	0	-0.05314779	0	0.9985867
19.28025	-123.1075	1.8	-300.9045	0	-0.06062904	0	0.9981604
19.30025	-123.2136	1.8	-300.0341	0	-0.06511895	0	0.9978775
19.32025	-123.2686	1.8	-299.6056	0	-0.06527042	0	0.9978676
19.34025	-123.2952	1.8	-299.3976	0	-0.06489222	0	0.9978923
19.36025	-123.2997	1.8	-299.3622	0	-0.06425554	0	0.9979334
19.38025	-123.2537	1.8	-299.7179	0	-0.06348962	0	0.9979825
19.40025	-123.1544	1.8	-300.495	0	-0.06086331	0	0.9981461
19.42025	-123.0368	1.8	-301.4596	0	-0.058277	0	0.9983005
19.44025	-122.9346	1.8	-302.3308	0	-0.05508982	0	0.9984815
19.46025	-122.8381	1.8	-303.2029	0	-0.0513965	0	0.9986783
19.48026	-122.748	1.8	-304.0757	0	-0.04734699	0	0.9988785
19.50026	-122.665	1.8	-304.9492	0	-0.03864713	0	0.999253
19.52026	-122.6023	1.8	-305.8235	0	-0.03436121	0	0.9994096
19.54026	-122.542	1.8	-306.699	0	-0.03032206	0	0.9995402
19.56026	-122.4888	1.8	-307.5748	0	-0.02671434	0	0.9996431
19.58026	-122.442	1.8	-308.4509	0	-0.02352773	0	0.9997233
19.60026	-122.4007	1.8	-309.3274	0	-0.0200166	0	0.9997996
19.62026	-122.3681	1.8	-310.2043	0	-0.0188335	0	0.9998226
19.64026	-122.335	1.8	-311.0813	0	-0.01952196	0	0.9998094
19.66026	-122.3008	1.8	-311.9583	0	-0.02145441	0	0.9997699
19.68026	-122.2631	1.8	-312.835	0	-0.0247279	0	0.9996942
19.70026	-122.2198	1.8	-313.7114	0	-0.03428534	0	0.9994121
19.72026	-122.1549	1.8	-314.5853	0	-0.04052762	0	0.9991785
19.74026	-122.0838	1.8	-315.4598	0	-0.04790427	0	0.998852
19.76026	-122	1.8	-316.3326	0	-0.05594865	0	0.9984337
19.78026	-121.9021	1.8	-317.2038	0	-0.07286303	0	0.9973419
19.80026	-121.7661	1.8	-318.0672	0	-0.08147997	0	0.996675
19.82026	-121.6236	1.8	-318.933	0	-0.0901326	0	0.9959298
19.84026	-121.4664	1.8	-319.7953	0	-0.09879932	0	0.9951074
19.86026	-121.2941	1.8	-320.6547	0	-0.107469	0	0.9942085
19.88026	-121.107	1.8	-321.511	0	-0.1247962	0	0.9921824
19.90026	-120.8814	1.8	-322.3553	0	-0.1334484	0	0.9910558
19.92027	-120.6493	1.8	-323.2014	0	-0.1420912	0	0.9898536
19.94027	-120.4029	1.8	-324.0426	0	-0.1507235	0	0.988576
19.96027	-120.1418	1.8	-324.8793	0	-0.1593444	0	0.9872231
19.98027	-119.8661	1.8	-325.7114	0	-0.1765495	0	0.9842918
20.00027	-119.5535	1.8	-326.5274	0	-0.1851322	0	0.9827136
20.02027	-119.2343	1.8	-327.3447	0	-0.1937009	0	0.9810607
20.04027	-118.9012	1.8	-328.1555	0	-0.2022547	0	0.979333
20.06027	-118.5541	1.8	-328.9604	0	-0.2107932	0	0.9775307
20.08027	-118.5542	1.8	-328.5921	0	-0.2278214	0	0.973703
20.10027	-118.5542	1.8	-328.5773	0	-0.2363098	0	0.9716778
20.12027	-118.5554	1.8	-328.5626	0	-0.2447802	0	0.9695787
20.14027	-118.5554	1.8	-328.5526	0	-0.2532319	0	0.9674056
20.16027	-118.5554	1.8	-328.5441	0	-0.2616643	0	0.9651589
20.18027	-118.5554	1.8	-328.5371	0	-0.2784688	0	0.9604453
20.20027	-118.5554	1.8	-328.5312	0	-0.2868396	0	0.9579787
20.22027	-118.5554	1.8	-328.5262	0	-0.2951885	0	0.9554391
20.24027	-118.5554	1.8	-328.522	0	-0.303515	0	0.9528267
20.26027	-118.5554	1.8	-328.5185	0	-0.3200979	0	0.9473845
20.28027	-118.5554	1.8	-328.5155	0	-0.328353	0	0.944555
20.30027	-118.8076	1.8	-328.1967	0	-0.3365833	0	0.9416537
20.32027	-119.3638	1.8	-327.518	0	-0.3447878	0	0.9386806
20.34027	-119.9311	1.8	-326.8498	0	-0.3529661	0	0.9356361
20.36028	-120.51	1.8	-326.1916	0	-0.3692414	0	0.9293335
20.38028	-121.1166	1.8	-325.5625	0	-0.3773373	0	0.9260759
20.40028	-121.7298	1.8	-324.9349	0	-0.3854043	0	0.9227478
20.42028	-122.3531	1.8	-324.3187	0	-0.3934421	0	0.9193494
20.44028	-122.9871	1.8	-323.7135	0	-0.4014498	0	0.915881
20.46028	-123.6316	1.8	-323.1194	0	-0.417373	0	0.9087353
20.48028	-124.3007	1.8	-322.5572	0	-0.4252872	0	0.9050584
20.50028	-124.9761	1.8	-321.9971	0	-0.433169	0	0.9013127
20.52028	-125.6605	1.8	-321.4494	0	-0.4410179	0	0.8974984
20.54028	-126.3543	1.8	-320.9138	0	-0.4488331	0	0.8936156
20.56028	-127.0573	1.8	-320.3903	0	-0.4643605	0	0.8856463
20.58028	-127.7814	1.8	-319.9011	0	-0.4720714	0	0.8815603
20.60028	-128.5118	1.8	-319.4148	0	-0.4797464	0	0.8774072
20.62028	-129.2496	1.8	-318.9416	0	-0.4873849	0	0.8731872
20.64028	-129.9956	1.8	-318.4814	0	-0.4949862	0	0.8689008
20.66028	-130.7495	1.8	-318.0343	0	-0.5100753	0	0.8601298
20.68028	-131.5208	1.8	-317.6235	0	-0.5175618	0	0.8556458
20.70028	-132.298	1.8	-317.2161	0	-0.524659	0	0.8513125
20.72028	-133.081	1.8	-316.822	0	-0.5303267	0	0.8477935
20.74028	-133.8696	1.8	-316.4383	0	-0.5344948	0	0.8451717
20.76028	-134.6621	1.8	-316.0622	0	-0.5359647	0	0.8442404
20.78028	-135.4577	1.8	-315.6913	0	-0.5343336	0	0.8452737
20.80029	-136.2503	1.8	-315.3149	0	-0.5310415	0	0.8473458
20.82029	-137.0399	1.8	-314.9324	0	-0.5264722	0	0.8501924
20.84029	-137.8252	1.8	-314.5415	0	-0.5205488	0	0.8538319
20.86029	-138.6048	1.8	-314.1399	0	-0.5067158	0	0.8621132
20.88029	-139.0936	1.8	-313.8685	0	-0.4993654	0	0.8663915
20.90029	-139.5055	1.8	-313.6302	0	-0.4918824	0	0.8706617
20.92029	-139.7949	1.8	-313.4565	0	-0.4843143	0	0.8748941
20.94029	-140.0193	1.8	-313.316	0	-0.4690082	0	0.8831939
20.96029	-140.0304	1.8	-313.3091	0	-0.4612893	0	0.8872499
20.98029	-139.9382	1.8	-313.3738	0	-0.4535322	0	0.89124
21.00029	-139.7809	1.8	-313.4883	0	-0.445739	0	0.895163
21.02029	-139.4565	1.8	-313.7333	0	-0.4379111	0	0.8990183
21.04029	-139.0624	1.8	-314.0419	0	-0.4221549	0	0.9065238
21.06029	-138.2121	1.8	-314.7595	0	-0.4142281	0	0.9101732
21.08029	-137.5387	1.8	-315.3436	0	-0.4062697	0	0.9137533
21.10029	-136.8881	1.8	-315.9303	0	-0.3982803	0	0.9172638
21.12029	-136.2476	1.8	-316.5286	0	-0.3902606	0	0.9207045
21.14029	-135.6177	1.8	-317.1381	0	-0.3741327	0	0.9273753
21.16029	-135.0181	1.8	-317.7738	0	-0.3660257	0	0.9306048
21.18029	-134.4203	1.8	-318.4162	0	-0.3578908	0	0.9337635
21.20029	-133.8344	1.8	-319.0681	0	-0.3497286	0	0.9368511
21.22029	-133.2599	1.8	-319.7301	0	-0.3415399	0	0.9398673
21.2403	-132.6971	1.8	-320.402	0	-0.3343156	0	0.9424612
21.2603	-132.4204	1.8	-320.7334	0	-0.3325397	0	0.9430892
21.2803	-132.2876	1.8	-320.8952	0	-0.3312282	0	0.9435507
21.3003	-132.2008	1.8	-321.0036	0	-0.3301488	0	0.9439289
21.3203	-132.1142	1.8	-321.1123	0	-0.3291855	0	0.9442653
21.3403	-132.0278	1.8	-321.2211	0	-0.3273976	0	0.9448867
21.3603	-131.9419	1.8	-321.3303	0	-0.3265324	0	0.9451861
21.3803	-131.8561	1.8	-321.4396	0	-0.3256756	0	0.9454816
21.4003	-131.7706	1.8	-321.549	0	-0.3248169	0	0.9457769
21.4203	-131.6852	1.8	-321.6587	0	-0.3239633	0	0.9460697
21.4403	-131.6001	1.8	-321.7684	0	-0.3222616	0	0.9466507
21.4603	-131.5153	1.8	-321.8785	0	-0.3214117	0	0.9469396
21.4803	-131.4307	1.8	-321.9887	0	-0.3205619	0	0.9472276
21.5003	-131.3463	1.8	-322.0991	0	-0.319712	0	0.9475148
21.5203	-131.2622	1.8	-322.2097	0	-0.3180115	0	0.9480869
21.5403	-131.1784	1.8	-322.3205	0	-0.317161	0	0.9483718
21.5603	-131.0948	1.8	-322.4315	0	-0.3163102	0	0.9486558
21.5803	-131.0114	1.8	-322.5426	0	-0.3154591	0	0.9489391
21.6003	-130.9283	1.8	-322.6539	0	-0.3146079	0	0.9492217
21.6203	-130.8453	1.8	-322.7654	0	-0.3128954	0	0.9497876
21.6403	-130.7636	1.8	-322.8759	0	-0.3120418	0	0.9500684
21.66031	-130.6812	1.8	-322.9878	0	-0.3111888	0	0.9503481
21.68031	-130.599	1.8	-323.0998	0	-0.3103297	0	0.950629
21.70031	-130.5171	1.8	-323.212	0	-0.3086827	0	0.9511651
21.72031	-130.4355	1.8	-323.3245	0	-0.2997951	0	0.9540037
21.74031	-130.3559	1.8	-323.4383	0	-0.2927861	0	0.956178
21.76031	-130.2781	1.8	-323.5533	0	-0.2850962	0	0.9584989
21.78031	-130.2022	1.8	-323.6696	0	-0.2770544	0	0.9608542
21.80031	-130.1283	1.8	-323.7872	0	-0.2688261	0	0.9631888
21.82031	-130.0563	1.8	-323.906	0	-0.2521011	0	0.9677009
21.84031	-129.9887	1.8	-324.0273	0	-0.2436678	0	0.9698588
21.86031	-129.9237	1.8	-324.1483	0	-0.2352056	0	0.9719456
21.88031	-129.8602	1.8	-324.2719	0	-0.2267202	0	0.97396
21.90031	-129.7989	1.8	-324.3965	0	-0.2182149	0	0.9759007
21.92031	-129.7397	1.8	-324.5222	0	-0.2011518	0	0.9795601
21.94031	-129.6851	1.8	-324.6497	0	-0.1925963	0	0.9812781
21.96031	-129.6326	1.8	-324.7784	0	-0.184026	0	0.9829214
21.98031	-129.5824	1.8	-324.9078	0	-0.1754416	0	0.9844899
22.00031	-129.5344	1.8	-325.0382	0	-0.1582332	0	0.9874018
22.02031	-129.4911	1.8	-325.17	0	-0.1496106	0	0.988745
22.04031	-129.4504	1.8	-325.3013	0	-0.1409766	0	0.9900129
22.06031	-129.4117	1.8	-325.4347	0	-0.1323319	0	0.9912055
22.08031	-129.3752	1.8	-325.5687	0	-0.123677	0	0.9923226
22.10032	-129.3415	1.8	-325.7019	0	-0.1150128	0	0.993364
22.12032	-129.3098	1.8	-325.8372	0	-0.1063398	0	0.9943299
22.14032	-129.2807	1.8	-325.9715	0	-0.09765868	0	0.99522
22.16032	-129.2537	1.8	-326.1077	0	-0.08897014	0	0.9960343
22.18032	-129.2291	1.8	-326.2444	0	-0.07157339	0	0.9974354
22.20032	-129.2094	1.8	-326.3818	0	-0.06286651	0	0.998022
22.22032	-129.1919	1.8	-326.5196	0	-0.05415484	0	0.9985326
22.24032	-129.1769	1.8	-326.6576	0	-0.04543905	0	0.9989672
22.26032	-129.1643	1.8	-326.7959	0	-0.03671979	0	0.9993256
22.28032	-129.1541	1.8	-326.9344	0	-0.01927357	0	0.9998143
22.30032	-129.1541	1.8	-326.9355	0	-0.01054792	0	0.9999444
22.32032	-129.1582	1.8	-326.7414	0	-0.00182147	0	0.9999983
22.34032	-129.1595	1.8	-326.3585	0	0.00690512	0	0.9999762
22.36032	-129.1507	1.8	-325.7166	0	0.02435606	0	0.9997033
22.38032	-129.0942	1.8	-324.653	0	0.03307908	0	0.9994528
22.40032	-129.0363	1.8	-323.776	0	0.04179958	0	0.999126
22.42032	-128.9633	1.8	-322.9026	0	0.0505169	0	0.9987232
22.44032	-128.8749	1.8	-322.0305	0	0.05923037	0	0.9982443
22.46032	-128.7714	1.8	-321.1602	0	0.07664313	0	0.9970586
22.48032	-128.6285	1.8	-320.298	0	0.08534108	0	0.9963518
22.50032	-128.4793	1.8	-319.4334	0	0.09403254	0	0.9955692
22.52032	-128.3153	1.8	-318.5723	0	0.1027168	0	0.9947107
22.54033	-128.1363	1.8	-317.7143	0	0.1113933	0	0.9937764
22.56033	-127.9423	1.8	-316.8595	0	0.1287201	0	0.991681
22.58033	-127.7101	1.8	-316.017	0	0.1373692	0	0.9905199
22.60033	-127.4713	1.8	-315.1727	0	0.1460077	0	0.9892834
22.62033	-127.2182	1.8	-314.3335	0	0.1546352	0	0.9879717
22.64033	-126.9505	1.8	-313.4989	0	0.1632509	0	0.9865846
22.66033	-126.6683	1.8	-312.6691	0	0.1804443	0	0.9835852
22.68033	-126.3492	1.8	-311.8555	0	0.1890207	0	0.9819731
22.70033	-126.0235	1.8	-311.0407	0	0.1975828	0	0.9802862
22.72033	-125.6841	1.8	-310.2326	0	0.2061297	0	0.9785247
22.74033	-125.3306	1.8	-309.4305	0	0.214661	0	0.9766887
22.76033	-124.9632	1.8	-308.6348	0	0.2235149	0	0.9747006
22.78033	-124.7826	1.8	-308.2426	0	0.2255735	0	0.9742262
22.80033	-124.6956	1.8	-308.0522	0	0.2270392	0	0.9738857
22.82033	-124.6812	1.8	-308.0204	0	0.2282086	0	0.9736123
22.84033	-124.712	1.8	-308.0823	0	0.2292297	0	0.9733724
22.86033	-124.774	1.8	-308.2066	0	0.2310864	0	0.9729332
22.88033	-124.8365	1.8	-308.3307	0	0.2319775	0	0.9727212
22.90033	-124.8985	1.8	-308.4534	0	0.2328592	0	0.9725105
22.92033	-124.9615	1.8	-308.5772	0	0.2337422	0	0.9722986
22.94033	-125.0246	1.8	-308.701	0	0.2354943	0	0.9718758
22.96033	-125.0876	1.8	-308.8232	0	0.2363673	0	0.9716638
22.98034	-125.1514	1.8	-308.9466	0	0.2372394	0	0.9714512
23.00034	-125.2154	1.8	-309.0699	0	0.238111	0	0.971238
23.02034	-125.2797	1.8	-309.1931	0	0.2389823	0	0.971024
23.04034	-125.3442	1.8	-309.3162	0	0.2407302	0	0.9705921
23.06034	-125.4084	1.8	-309.4377	0	0.2416101	0	0.9703735
23.08034	-125.4736	1.8	-309.5604	0	0.2435909	0	0.9698781
23.10034	-125.5392	1.8	-309.6828	0	0.2471169	0	0.9689857
23.12034	-125.6057	1.8	-309.8048	0	0.2524064	0	0.9676214
23.14034	-125.6736	1.8	-309.926	0	0.2668968	0	0.9637251
23.16034	-126.1513	1.8	-310.7276	0	0.2749043	0	0.9614716
23.18034	-126.6134	1.8	-311.4707	0	0.2830885	0	0.9590938
23.20034	-127.0892	1.8	-312.2068	0	0.2913498	0	0.9566166
23.22034	-127.5777	1.8	-312.9346	0	0.299638	0	0.954053
23.24034	-128.0788	1.8	-313.6538	0	0.3162066	0	0.9486904
23.26034	-128.6106	1.8	-314.3473	0	0.3244673	0	0.945897
23.28034	-129.1492	1.8	-315.0399	0	0.3327063	0	0.9430305
23.30034	-129.6991	1.8	-315.7225	0	0.3409216	0	0.9400917
23.32034	-130.2609	1.8	-316.3954	0	0.3491116	0	0.9370812
23.34034	-130.8343	1.8	-317.0583	0	0.3654122	0	0.9308458
23.36034	-131.4357	1.8	-317.6923	0	0.3735213	0	0.9276216
23.38034	-132.0437	1.8	-318.3249	0	0.381602	0	0.9243268
23.40034	-132.662	1.8	-318.9463	0	0.3896536	0	0.9209615
23.42035	-133.291	1.8	-319.5567	0	0.3976755	0	0.9175261
23.44035	-133.9305	1.8	-320.1561	0	0.413628	0	0.910446
23.46035	-134.5949	1.8	-320.7238	0	0.4215573	0	0.9068018
23.48035	-135.2657	1.8	-321.2894	0	0.4259157	0	0.9047629
23.50035	-135.7668	1.8	-321.7113	0	0.4284965	0	0.9035434
23.52035	-136.0982	1.8	-321.9895	0	0.4314416	0	0.9021409
23.54035	-136.0996	1.8	-321.9906	0	0.4324771	0	0.901645
23.56035	-136.208	1.8	-322.0776	0	0.4333988	0	0.9012023
23.58035	-136.3165	1.8	-322.1643	0	0.4342692	0	0.9007831
23.60035	-136.4252	1.8	-322.2509	0	0.4351082	0	0.9003782
23.62035	-136.5341	1.8	-322.3372	0	0.4367461	0	0.8995848
23.64035	-136.6433	1.8	-322.4231	0	0.4375625	0	0.899188
23.66035	-136.7526	1.8	-322.5088	0	0.4383737	0	0.8987929
23.68035	-136.8621	1.8	-322.5944	0	0.4391821	0	0.8983981
23.70035	-136.9717	1.8	-322.6797	0	0.439989	0	0.8980032
23.72035	-137.0815	1.8	-322.7648	0	0.4416002	0	0.897212
23.74035	-137.1916	1.8	-322.8496	0	0.4424049	0	0.8968155
23.76035	-137.3018	1.8	-322.9341	0	0.4432092	0	0.8964182
23.78035	-137.4122	1.8	-323.0185	0	0.4440132	0	0.8960203
23.80035	-137.5228	1.8	-323.1027	0	0.4448167	0	0.8956217
23.82035	-137.6335	1.8	-323.1866	0	0.4464228	0	0.8948222
23.84035	-137.7445	1.8	-323.2702	0	0.4472309	0	0.8944185
23.86036	-137.8557	1.8	-323.3535	0	0.4480359	0	0.8940156
23.88036	-137.9669	1.8	-323.4367	0	0.4488391	0	0.8936126
23.90036	-138.0784	1.8	-323.5196	0	0.4504757	0	0.8927887
23.92036	-138.1902	1.8	-323.6022	0	0.4580304	0	0.8889365
23.94036	-138.1904	1.8	-323.6024	0	0.464234	0	0.8857126
23.96036	-137.9336	1.8	-323.4247	0	0.4711804	0	0.8820369
23.98036	-137.5371	1.8	-323.1595	0	0.4784787	0	0.8780992
24.00036	-136.9779	1.8	-322.7987	0	0.4934478	0	0.8697754
24.02036	-136.1215	1.8	-322.2935	0	0.5009722	0	0.8654634
24.04036	-135.3661	1.8	-321.8531	0	0.5084822	0	0.8610725
24.06036	-134.5994	1.8	-321.43	0	0.5159655	0	0.8566094
24.08036	-133.8247	1.8	-321.0201	0	0.5234153	0	0.8520777
24.10036	-133.0429	1.8	-320.6237	0	0.5382022	0	0.8428158
24.12036	-132.2462	1.8	-320.2647	0	0.5455358	0	0.8380875
24.14036	-131.4438	1.8	-319.9095	0	0.5528283	0	0.8332952
24.16036	-130.6363	1.8	-319.5686	0	0.5600789	0	0.8284394
24.18036	-129.823	1.8	-319.2419	0	0.5672868	0	0.8235203
24.20036	-129.004	1.8	-318.9294	0	0.5815728	0	0.8134944
24.22036	-128.1741	1.8	-318.6557	0	0.5886496	0	0.8083884
24.24036	-127.3391	1.8	-318.3863	0	0.5956817	0	0.8032207
24.26036	-126.5003	1.8	-318.1317	0	0.6026683	0	0.7979919
24.28036	-125.6573	1.8	-317.8918	0	0.6096091	0	0.7927023
24.30037	-124.8102	1.8	-317.6667	0	0.6202848	0	0.7843767
24.32037	-124.175	1.8	-317.5105	0	0.6225212	0	0.782603
24.34037	-123.7558	1.8	-317.4071	0	0.623988	0	0.7814339
24.36037	-123.5527	1.8	-317.3565	0	0.6250758	0	0.7805641
24.38037	-123.5189	1.8	-317.3479	0	0.625969	0	0.779848
24.40037	-123.5863	1.8	-317.3628	0	0.6275117	0	0.7786071
24.42037	-123.7903	1.8	-317.4073	0	0.628239	0	0.7780204
24.44037	-123.9261	1.8	-317.4366	0	0.6289512	0	0.7774449
24.46037	-124.062	1.8	-317.4656	0	0.6296555	0	0.7768744
24.48037	-124.1979	1.8	-317.4944	0	0.6303558	0	0.7763064
24.50037	-124.3339	1.8	-317.5229	0	0.6317552	0	0.7751681
24.52037	-124.47	1.8	-317.5509	0	0.6324531	0	0.7745986
24.54037	-124.6061	1.8	-317.5787	0	0.6331492	0	0.7740299
24.56037	-124.7423	1.8	-317.6063	0	0.633844	0	0.7734609
24.58037	-124.8785	1.8	-317.6336	0	0.6352311	0	0.7723221
24.60037	-125.0148	1.8	-317.6604	0	0.6359237	0	0.7717519
24.62037	-125.1512	1.8	-317.6869	0	0.6366158	0	0.7711812
24.64037	-125.2876	1.8	-317.7132	0	0.6373073	0	0.7706098
24.66037	-125.4241	1.8	-317.7393	0	0.6379983	0	0.7700378
24.68037	-125.5606	1.8	-317.7651	0	0.6386887	0	0.7694653
24.70037	-125.6957	1.8	-317.7904	0	0.6400681	0	0.7683181
24.72038	-125.8338	1.8	-317.8158	0	0.640762	0	0.7677395
24.74038	-125.9705	1.8	-317.8406	0	0.6414529	0	0.7671625
24.76038	-126.1072	1.8	-317.8652	0	0.642142	0	0.7665857
24.78038	-126.244	1.8	-317.8896	0	0.64283	0	0.7660089
24.80038	-126.3809	1.8	-317.9137	0	0.6442086	0	0.76485
24.82038	-126.5178	1.8	-317.9373	0	0.6448969	0	0.7642697
24.84038	-126.6547	1.8	-317.9607	0	0.6455834	0	0.7636899
24.86038	-126.7917	1.8	-317.9838	0	0.6462687	0	0.76311
24.88038	-126.9287	1.8	-318.0067	0	0.6469532	0	0.7625297
24.90038	-127.0658	1.8	-318.0294	0	0.6483252	0	0.7613636
24.92038	-127.203	1.8	-318.0515	0	0.6490103	0	0.7607796
24.94038	-127.3402	1.8	-318.0734	0	0.6496985	0	0.760192
24.96038	-127.4774	1.8	-318.095	0	0.6503832	0	0.7596064
24.98038	-127.6147	1.8	-318.1164	0	0.6510658	0	0.7590213
25.00038	-127.7506	1.8	-318.1373	0	0.6524275	0	0.7578512
25.02038	-127.8894	1.8	-318.1582	0	0.6531072	0	0.7572655
25.04038	-128.0268	1.8	-318.1786	0	0.6537862	0	0.7566793
25.06038	-128.1643	1.8	-318.1988	0	0.6544648	0	0.7560925
25.08038	-128.3018	1.8	-318.2187	0	0.6558201	0	0.7549173
25.10038	-128.4394	1.8	-318.2381	0	0.656497	0	0.7543287
25.12038	-128.577	1.8	-318.2573	0	0.6571733	0	0.7537395
25.14038	-128.7146	1.8	-318.2762	0	0.6578492	0	0.7531497
25.16039	-128.8523	1.8	-318.2949	0	0.6585245	0	0.7525594
25.18039	-128.99	1.8	-318.3133	0	0.6598734	0	0.7513769
25.20039	-129.1278	1.8	-318.3313	0	0.6605519	0	0.7507805
25.22039	-129.2656	1.8	-318.349	0	0.6612275	0	0.7501855
25.24039	-129.4034	1.8	-318.3664	0	0.6619061	0	0.7495868
25.26039	-129.5413	1.8	-318.3836	0	0.6625811	0	0.7489902
25.28039	-129.6792	1.8	-318.4005	0	0.6639259	0	0.7477984
25.30039	-129.8171	1.8	-318.417	0	0.6646016	0	0.747198
25.32039	-129.9551	1.8	-318.4332	0	0.6652741	0	0.7465993
25.34039	-130.0931	1.8	-318.4492	0	0.6659448	0	0.7460011
25.36039	-130.2312	1.8	-318.4649	0	0.6666142	0	0.7454029
25.38039	-130.3692	1.8	-318.4803	0	0.6679509	0	0.7442054
25.40039	-130.5074	1.8	-318.4953	0	0.6686182	0	0.7436059
25.42039	-130.6455	1.8	-318.51	0	0.669285	0	0.7430059
25.44039	-130.7837	1.8	-318.5244	0	0.6699512	0	0.7424052
25.46039	-130.9219	1.8	-318.5387	0	0.6706216	0	0.7417997
25.48039	-131.0601	1.8	-318.5526	0	0.6719548	0	0.7405922
25.50039	-131.1984	1.8	-318.5661	0	0.6726193	0	0.7399887
25.52039	-131.3367	1.8	-318.5793	0	0.6732879	0	0.7393805
25.54039	-131.475	1.8	-318.5923	0	0.6739533	0	0.7387739
25.56039	-131.6134	1.8	-318.605	0	0.6752794	0	0.737562
25.58039	-131.7518	1.8	-318.6172	0	0.6759411	0	0.7369557
25.6004	-131.8902	1.8	-318.6292	0	0.676602	0	0.736349
25.6204	-132.0286	1.8	-318.6409	0	0.6772623	0	0.7357417
25.6404	-132.1671	1.8	-318.6524	0	0.677922	0	0.7351339
25.6604	-132.3056	1.8	-318.6636	0	0.6792468	0	0.73391
25.6804	-132.4441	1.8	-318.6743	0	0.679906	0	0.7332994
25.7004	-132.5826	1.8	-318.6848	0	0.680564	0	0.7326887
25.7204	-132.7212	1.8	-318.695	0	0.6812259	0	0.7320733
25.7404	-132.8597	1.8	-318.705	0	0.6818848	0	0.7314596
25.7604	-132.9983	1.8	-318.7148	0	0.6831977	0	0.7302334
25.7804	-133.137	1.8	-318.724	0	0.6838574	0	0.7296156
25.8004	-133.2756	1.8	-318.7329	0	0.6845142	0	0.7289996
25.8204	-133.4143	1.8	-318.7417	0	0.6851737	0	0.7283798
25.8404	-133.5529	1.8	-318.7502	0	0.6858297	0	0.7277621
25.8604	-133.6916	1.8	-318.7584	0	0.6871364	0	0.7265285
25.8804	-133.8303	1.8	-318.7661	0	0.6877882	0	0.7259115
25.9004	-133.9691	1.8	-318.7736	0	0.6884392	0	0.7252941
25.9204	-134.1078	1.8	-318.7808	0	0.6890896	0	0.7246762
25.9404	-134.2466	1.8	-318.7878	0	0.689744	0	0.7240533
25.9604	-134.3853	1.8	-318.7946	0	0.6910453	0	0.7228114
25.9804	-134.5241	1.8	-318.8008	0	0.691694	0	0.7221907
26.0004	-134.6629	1.8	-318.8068	0	0.6923418	0	0.7215697
26.0204	-134.8018	1.8	-318.8125	0	0.6929889	0	0.7209483
26.04041	-134.9406	1.8	-318.818	0	0.6936353	0	0.7203263
26.06041	-135.078	1.8	-318.8232	0	0.6949311	0	0.7190763
26.08041	-135.2168	1.8	-318.8279	0	0.6955782	0	0.7184505
26.10041	-135.3557	1.8	-318.8324	0	0.696228	0	0.7178207
26.12041	-135.4945	1.8	-318.8366	0	0.6968745	0	0.7171931
26.14041	-135.6334	1.8	-318.8406	0	0.6975189	0	0.7165663
26.16041	-135.7723	1.8	-318.8444	0	0.6988044	0	0.7153128
26.18041	-135.9112	1.8	-318.8476	0	0.699446	0	0.7146855
26.20041	-136.0501	1.8	-318.8506	0	0.7000868	0	0.7140577
26.22041	-136.189	1.8	-318.8534	0	0.7007317	0	0.713425
26.24041	-136.3279	1.8	-318.8559	0	0.7013736	0	0.7127939
26.26041	-136.4668	1.8	-318.8581	0	0.7026598	0	0.711526
26.28041	-136.6057	1.8	-318.8599	0	0.7033037	0	0.7108896
26.30041	-136.7447	1.8	-318.8614	0	0.703944	0	0.7102554
26.32041	-136.8836	1.8	-318.8626	0	0.7045869	0	0.7096177
26.34041	-137.0225	1.8	-318.8636	0	0.7052262	0	0.7089825
26.36041	-137.1615	1.8	-318.8643	0	0.7064992	0	0.7077139
26.38041	-137.3004	1.8	-318.8645	0	0.7071387	0	0.707075
26.40041	-137.4393	1.8	-318.8645	0	0.7077751	0	0.7064379
26.42041	-137.5783	1.8	-318.8643	0	0.7084097	0	0.7058015
26.44041	-137.7172	1.8	-318.8637	0	0.7096756	0	0.7045286
26.46041	-137.8561	1.8	-318.8627	0	0.7103075	0	0.7038916
26.48042	-137.9951	1.8	-318.8615	0	0.7109386	0	0.703254
26.50042	-138.134	1.8	-318.86	0	0.7115692	0	0.702616
26.52042	-138.2729	1.8	-318.8582	0	0.7121992	0	0.7019774
26.54042	-138.4118	1.8	-318.8562	0	0.7134574	0	0.7006986
26.56042	-138.5507	1.8	-318.8537	0	0.7140857	0	0.7000584
26.58042	-138.6882	1.8	-318.851	0	0.7147133	0	0.6994176
26.60042	-138.8271	1.8	-318.848	0	0.7153449	0	0.6987717
26.62042	-138.966	1.8	-318.8447	0	0.7159736	0	0.6981274
26.64042	-139.1049	1.8	-318.8412	0	0.7172266	0	0.69684
26.66042	-139.2437	1.8	-318.8372	0	0.717856	0	0.6961915
26.68042	-139.3826	1.8	-318.8329	0	0.7184826	0	0.6955449
26.70042	-139.5215	1.8	-318.8284	0	0.7191074	0	0.694899
26.72042	-139.6603	1.8	-318.8237	0	0.719731	0	0.694253
26.74042	-139.7991	1.8	-318.8187	0	0.7209758	0	0.6929603
26.76042	-139.938	1.8	-318.8131	0	0.7215972	0	0.6923132
26.78042	-140.0768	1.8	-318.8074	0	0.7222179	0	0.6916656
26.80042	-140.2156	1.8	-318.8014	0	0.7228425	0	0.6910129
26.82042	-140.3544	1.8	-318.7951	0	0.7234643	0	0.6903619
26.84042	-140.4932	1.8	-318.7886	0	0.7247033	0	0.6890611
26.86042	-140.6319	1.8	-318.7816	0	0.7253258	0	0.6884058
26.88042	-140.7707	1.8	-318.7743	0	0.7259497	0	0.6877478
26.90042	-140.9094	1.8	-318.7668	0	0.7265697	0	0.6870928
26.92043	-141.0481	1.8	-318.7591	0	0.7271874	0	0.686439
26.94043	-141.1868	1.8	-318.7511	0	0.7284234	0	0.6851274
26.96043	-141.3255	1.8	-318.7426	0	0.72904	0	0.6844711
26.98043	-141.4642	1.8	-318.7338	0	0.7296549	0	0.6838156
27.00043	-141.6028	1.8	-318.7248	0	0.7302729	0	0.6831555
27.02043	-141.74	1.8	-318.7156	0	0.7315077	0	0.6818333
27.04043	-141.88	1.8	-318.7058	0	0.732125	0	0.6811703
27.06043	-142.0186	1.8	-318.6958	0	0.7327388	0	0.68051
27.08043	-142.1571	1.8	-318.6855	0	0.7333504	0	0.6798509
27.10043	-142.2957	1.8	-318.675	0	0.7339607	0	0.6791919
27.12043	-142.4342	1.8	-318.6643	0	0.73457	0	0.6785329
27.14043	-142.5727	1.8	-318.6533	0	0.7351786	0	0.6778736
27.16043	-142.7112	1.8	-318.642	0	0.736398	0	0.6765487
27.18043	-142.8496	1.8	-318.6302	0	0.7370067	0	0.6758854
27.20043	-142.988	1.8	-318.6183	0	0.7376138	0	0.6752229
27.22043	-143.1264	1.8	-318.606	0	0.7382197	0	0.6745604
27.24043	-143.2648	1.8	-318.5935	0	0.7388248	0	0.6738976
27.26043	-143.4031	1.8	-318.5808	0	0.7400328	0	0.6725708
27.28043	-143.5414	1.8	-318.5675	0	0.7406358	0	0.6719067
27.30043	-143.6797	1.8	-318.554	0	0.7412383	0	0.6712421
27.32043	-143.818	1.8	-318.5403	0	0.7418444	0	0.6705721
27.34044	-143.9562	1.8	-318.5263	0	0.7430537	0	0.6692318
27.36044	-144.0944	1.8	-318.5118	0	0.7436564	0	0.668562
27.38044	-144.2325	1.8	-318.4971	0	0.7442572	0	0.6678932
27.40044	-144.3706	1.8	-318.4821	0	0.7448567	0	0.6672246
27.42044	-144.5087	1.8	-318.4669	0	0.7454552	0	0.6665558
27.44044	-144.6468	1.8	-318.4514	0	0.7466543	0	0.6652122
27.46044	-144.7848	1.8	-318.4354	0	0.7472529	0	0.6645398
27.48044	-144.9228	1.8	-318.4192	0	0.7478498	0	0.663868
27.50044	-145.0608	1.8	-318.4027	0	0.7484456	0	0.6631963
27.52044	-145.1987	1.8	-318.386	0	0.7490404	0	0.6625243
27.54044	-145.3366	1.8	-318.369	0	0.750228	0	0.6611792
27.56044	-145.4744	1.8	-318.3515	0	0.7508209	0	0.6605059
27.58044	-145.6122	1.8	-318.3338	0	0.751413	0	0.6598321
27.60044	-145.75	1.8	-318.3159	0	0.7520047	0	0.6591579
27.62044	-145.8877	1.8	-318.2977	0	0.7525999	0	0.6584782
27.64044	-146.0254	1.8	-318.2792	0	0.7537832	0	0.6571233
27.66044	-146.1631	1.8	-318.2603	0	0.7543728	0	0.6564463
27.68044	-146.3007	1.8	-318.2411	0	0.7549616	0	0.655769
27.70044	-146.4382	1.8	-318.2216	0	0.7555539	0	0.6550866
27.72044	-146.5758	1.8	-318.202	0	0.7561434	0	0.6544061
27.74044	-146.7133	1.8	-318.182	0	0.7573178	0	0.6530465
27.76044	-146.8507	1.8	-318.1616	0	0.7579036	0	0.6523667
27.78045	-146.9881	1.8	-318.1409	0	0.7584886	0	0.6516864
27.80045	-147.1254	1.8	-318.12	0	0.7590729	0	0.6510057
27.82045	-147.2627	1.8	-318.0988	0	0.7596566	0	0.6503245
27.84045	-147.4	1.8	-318.0774	0	0.7608221	0	0.6489605
27.86045	-147.5372	1.8	-318.0555	0	0.7614039	0	0.6482778
27.88045	-147.6744	1.8	-318.0333	0	0.7619852	0	0.6475946
27.90045	-147.8115	1.8	-318.0109	0	0.7625657	0	0.6469107
27.92045	-147.9485	1.8	-317.9883	0	0.7637292	0	0.6455368
27.94045	-148.0855	1.8	-317.9651	0	0.76431	0	0.644849
27.96045	-148.2225	1.8	-317.9417	0	0.7648892	0	0.6441619
27.98045	-148.3594	1.8	-317.9181	0	0.7654672	0	0.6434749
28.00045	-148.4963	1.8	-317.8942	0	0.7660444	0	0.6427877
28.02045	-148.6331	1.8	-317.8701	0	0.7671965	0	0.6414122
28.04045	-148.7698	1.8	-317.8454	0	0.7677715	0	0.6407237
28.06045	-148.9065	1.8	-317.8206	0	0.768346	0	0.6400348
28.08045	-149.0432	1.8	-317.7954	0	0.7689197	0	0.6393453
28.10045	-149.1798	1.8	-317.7701	0	0.769493	0	0.6386554
28.12045	-149.3163	1.8	-317.7445	0	0.7706375	0	0.6372739
28.14045	-149.4528	1.8	-317.7184	0	0.7712128	0	0.6365774
28.16045	-149.5892	1.8	-317.692	0	0.7717896	0	0.6358781
28.18045	-149.7256	1.8	-317.6655	0	0.7723626	0	0.6351818
28.20045	-149.8619	1.8	-317.6386	0	0.7729336	0	0.6344869
28.22046	-149.9982	1.8	-317.6116	0	0.7740718	0	0.6330979
28.24046	-150.1343	1.8	-317.584	0	0.7746395	0	0.6324031
28.26046	-150.2704	1.8	-317.5562	0	0.7752065	0	0.6317078
28.28046	-150.4065	1.8	-317.5282	0	0.7757729	0	0.6310123
28.30046	-150.5425	1.8	-317.4999	0	0.7763386	0	0.6303161
28.32046	-150.5426	1.8	-317.4999	0	0.7774681	0	0.6289223
28.34046	-149.9317	1.8	-317.6299	0	0.778032	0	0.6282247
28.36046	-149.4192	1.8	-317.7404	0	0.7785952	0	0.6275266
28.38046	-148.6077	1.8	-317.9168	0	0.7791577	0	0.6268279
28.40046	-147.7504	1.8	-318.1048	0	0.7802809	0	0.6254291
28.42046	-146.8941	1.8	-318.2968	0	0.7797605	0	0.626078
28.44046	-146.0373	1.8	-318.4864	0	0.7779878	0	0.6282795
28.46046	-145.1795	1.8	-318.6712	0	0.7754497	0	0.6314093
28.48046	-144.3203	1.8	-318.849	0	0.7725173	0	0.6349937
28.50046	-143.4596	1.8	-319.0188	0	0.766186	0	0.6426189
28.52046	-142.5957	1.8	-319.1658	0	0.7630941	0	0.6462874
28.54046	-141.7301	1.8	-319.3102	0	0.7603776	0	0.6494813
28.56046	-140.8636	1.8	-319.4474	0	0.7579791	0	0.6522789
28.58046	-139.996	1.8	-319.5782	0	0.7558039	0	0.654798
28.60046	-139.1275	1.8	-319.7032	0	0.7515532	0	0.6596726
28.62046	-138.2573	1.8	-319.8132	0	0.7495091	0	0.6619942
28.64046	-137.3865	1.8	-319.9216	0	0.7487817	0	0.6628168
28.66047	-136.7363	1.8	-320.0026	0	0.748715	0	0.662892
28.68047	-136.3068	1.8	-320.0561	0	0.748979	0	0.6625938
28.70047	-136.0981	1.8	-320.0822	0	0.7494079	0	0.6621086
28.72047	-136.0613	1.8	-320.0868	0	0.7504709	0	0.6609035
28.74047	-136.2267	1.8	-320.0659	0	0.7510428	0	0.6602535
28.76047	-136.3645	1.8	-320.0481	0	0.7516245	0	0.6595913
28.78047	-136.5023	1.8	-320.03	0	0.7522107	0	0.6589227
28.80047	-136.64	1.8	-320.0117	0	0.7527989	0	0.6582506
28.82047	-136.7777	1.8	-319.9932	0	0.7539768	0	0.6569012
28.84047	-136.9153	1.8	-319.9742	0	0.7545654	0	0.6562249
28.86047	-137.0529	1.8	-319.9549	0	0.7551535	0	0.655548
28.88047	-137.189	1.8	-319.9356	0	0.7557412	0	0.6548705
28.90047	-137.3265	1.8	-319.9158	0	0.7563325	0	0.6541874
28.92047	-137.464	1.8	-319.8958	0	0.7575143	0	0.6528186
28.94047	-137.6014	1.8	-319.8752	0	0.7581012	0	0.652137
28.96047	-137.7388	1.8	-319.8545	0	0.7586867	0	0.6514558
28.98047	-137.8761	1.8	-319.8335	0	0.7592711	0	0.6507745
29.00047	-138.0134	1.8	-319.8123	0	0.7598547	0	0.650093
29.02047	-138.1507	1.8	-319.7907	0	0.7610241	0	0.6487237
29.04047	-138.2879	1.8	-319.7687	0	0.7616078	0	0.6480383
29.06047	-138.425	1.8	-319.7465	0	0.762194	0	0.6473487
29.08047	-138.5621	1.8	-319.724	0	0.762777	0	0.6466616
29.10048	-138.6992	1.8	-319.7013	0	0.7633622	0	0.6459707
29.12048	-138.8362	1.8	-319.6783	0	0.7645281	0	0.6445904
29.14048	-138.9731	1.8	-319.6548	0	0.7651088	0	0.6439011
29.16048	-139.11	1.8	-319.631	0	0.7656874	0	0.6432129
29.18048	-139.2469	1.8	-319.6071	0	0.7662647	0	0.642525
29.20048	-139.3837	1.8	-319.5828	0	0.7668411	0	0.641837
29.22048	-139.5205	1.8	-319.5583	0	0.7679977	0	0.6404526
29.24048	-139.6571	1.8	-319.5334	0	0.768573	0	0.6397622
29.26048	-139.7938	1.8	-319.5082	0	0.769147	0	0.6390719
29.28048	-139.9303	1.8	-319.4827	0	0.7697201	0	0.6383814
29.30048	-140.0669	1.8	-319.457	0	0.7708644	0	0.6369994
29.32048	-140.2033	1.8	-319.4308	0	0.7714354	0	0.6363076
29.34048	-140.3397	1.8	-319.4044	0	0.7720059	0	0.6356153
29.36048	-140.4761	1.8	-319.3777	0	0.7725758	0	0.6349226
29.38048	-140.6124	1.8	-319.3508	0	0.7731491	0	0.6342244
29.40048	-140.7486	1.8	-319.3237	0	0.7742887	0	0.6328326
29.42048	-140.8848	1.8	-319.296	0	0.7748565	0	0.6321372
29.44048	-141.0209	1.8	-319.2681	0	0.7754275	0	0.6314367
29.46048	-141.1569	1.8	-319.24	0	0.7759957	0	0.6307382
29.48048	-141.2929	1.8	-319.2116	0	0.7765622	0	0.6300406
29.50048	-141.4275	1.8	-319.1833	0	0.7776921	0	0.6286455
29.52048	-141.5647	1.8	-319.1538	0	0.7782557	0	0.6279474
29.54049	-141.7005	1.8	-319.1245	0	0.7788228	0	0.6272441
29.56049	-141.8363	1.8	-319.0948	0	0.7793872	0	0.6265427
29.58049	-141.972	1.8	-319.065	0	0.7799538	0	0.625837
29.60049	-142.1076	1.8	-319.0349	0	0.781079	0	0.6244321
29.62049	-142.2431	1.8	-319.0043	0	0.7816434	0	0.6237255
29.64049	-142.3772	1.8	-318.9738	0	0.7822049	0	0.6230213
29.66049	-142.5126	1.8	-318.9427	0	0.7827686	0	0.622313
29.68049	-142.6479	1.8	-318.9114	0	0.7833291	0	0.6216074
29.70049	-142.7832	1.8	-318.8799	0	0.7844448	0	0.6201987
29.72049	-142.9184	1.8	-318.8478	0	0.7850051	0	0.6194894
29.74049	-143.0536	1.8	-318.8155	0	0.7855626	0	0.6187823
29.76049	-143.1886	1.8	-318.783	0	0.7861223	0	0.618071
29.78049	-143.3236	1.8	-318.7502	0	0.7866789	0	0.6173624
29.80049	-143.4586	1.8	-318.7172	0	0.7877929	0	0.6159402
29.82049	-143.5934	1.8	-318.6836	0	0.7883503	0	0.6152267
29.84049	-143.7282	1.8	-318.6499	0	0.7889044	0	0.614516
29.86049	-143.8629	1.8	-318.6159	0	0.7894566	0	0.6138064
29.88049	-143.9975	1.8	-318.5816	0	0.7905574	0	0.612388
29.90049	-144.132	1.8	-318.5469	0	0.7911066	0	0.6116784
29.92049	-144.2665	1.8	-318.5119	0	0.7916589	0	0.6109633
29.94049	-144.4009	1.8	-318.4767	0	0.7922125	0	0.6102454
29.96049	-144.5352	1.8	-318.4413	0	0.7927625	0	0.6095307
29.9805	-144.6695	1.8	-318.4055	0	0.7938607	0	0.6080996
30.0005	-144.8037	1.8	-318.3694	0	0.7944081	0	0.6073843
30.0205	-144.9377	1.8	-318.3329	0	0.7949538	0	0.60667
30.0405	-145.0717	1.8	-318.2963	0	0.7954982	0	0.605956
30.0605	-145.2057	1.8	-318.2594	0	0.7960417	0	0.6052418
30.0805	-145.3396	1.8	-318.2222	0	0.7971264	0	0.6038125
30.1005	-145.4733	1.8	-318.1846	0	0.7976677	0	0.6030973
30.1205	-145.607	1.8	-318.1467	0	0.7982084	0	0.6023815
30.1405	-145.7406	1.8	-318.1086	0	0.7987483	0	0.6016653
30.1605	-145.8741	1.8	-318.0703	0	0.7992877	0	0.6009486
30.1805	-146.0076	1.8	-318.0317	0	0.8003645	0	0.5995138
30.2005	-146.1409	1.8	-317.9926	0	0.8009058	0	0.5987905
30.2205	-146.2742	1.8	-317.9533	0	0.8014444	0	0.5980693
30.2405	-146.4074	1.8	-317.9138	0	0.8019814	0	0.5973489
30.2605	-146.5405	1.8	-317.874	0	0.8025174	0	0.5966287
30.2805	-146.6736	1.8	-317.834	0	0.8035926	0	0.5951799
30.3005	-146.8064	1.8	-317.7934	0	0.8041271	0	0.5944574
30.3205	-146.9393	1.8	-317.7527	0	0.8046643	0	0.5937301
30.3405	-147.072	1.8	-317.7117	0	0.8051986	0	0.5930052
30.3605	-147.2047	1.8	-317.6705	0	0.8062628	0	0.5915576
30.3805	-147.3372	1.8	-317.6288	0	0.8067933	0	0.5908338
30.40051	-147.4697	1.8	-317.5868	0	0.8073231	0	0.5901096
30.42051	-147.6021	1.8	-317.5446	0	0.8078522	0	0.5893852
30.44051	-147.7344	1.8	-317.5022	0	0.8083805	0	0.5886603
30.46051	-147.8666	1.8	-317.4596	0	0.8094409	0	0.5872014
30.48051	-147.9987	1.8	-317.4165	0	0.8099682	0	0.5864738
30.50051	-148.1307	1.8	-317.3731	0	0.8104944	0	0.5857463
30.52051	-148.2626	1.8	-317.3295	0	0.8110198	0	0.5850188
30.54051	-148.3944	1.8	-317.2857	0	0.8115443	0	0.5842909
30.56051	-148.5262	1.8	-317.2416	0	0.8125913	0	0.582834
30.58051	-148.6578	1.8	-317.1971	0	0.8131175	0	0.5820997
30.60051	-148.7893	1.8	-317.1523	0	0.8136411	0	0.5813675
30.62051	-148.9207	1.8	-317.1073	0	0.8141669	0	0.5806309
30.64051	-149.0521	1.8	-317.062	0	0.8146898	0	0.5798972
30.66051	-149.1833	1.8	-317.0165	0	0.8157305	0	0.5784322
30.68051	-149.3145	1.8	-316.9706	0	0.8162493	0	0.5776998
30.70051	-149.4455	1.8	-316.9243	0	0.8167673	0	0.5769673
30.72051	-149.5764	1.8	-316.8779	0	0.8172882	0	0.5762291
30.74051	-149.7073	1.8	-316.8312	0	0.8178067	0	0.5754932
30.76051	-149.8381	1.8	-316.7843	0	0.8188446	0	0.5740153
30.78051	-149.9687	1.8	-316.7369	0	0.8193603	0	0.5732789
30.80051	-150.0992	1.8	-316.6893	0	0.8198748	0	0.5725429
30.82051	-150.2296	1.8	-316.6415	0	0.820392	0	0.5718016
30.84052	-150.36	1.8	-316.5934	0	0.8209065	0	0.5710627
30.86052	-150.4902	1.8	-316.5451	0	0.8219311	0	0.569587
30.88052	-150.6203	1.8	-316.4963	0	0.8224419	0	0.5688491
30.90052	-150.7503	1.8	-316.4473	0	0.822952	0	0.568111
30.92052	-150.8802	1.8	-316.398	0	0.8234649	0	0.5673673
30.94052	-151.0101	1.8	-316.3485	0	0.8244877	0	0.5658798
30.96052	-151.1397	1.8	-316.2986	0	0.8249973	0	0.5651367
30.98052	-151.2693	1.8	-316.2484	0	0.825505	0	0.5643948
31.00052	-151.3987	1.8	-316.1979	0	0.8260115	0	0.5636533
31.02052	-151.5281	1.8	-316.1473	0	0.826517	0	0.5629117
31.04052	-151.6574	1.8	-316.0964	0	0.8275258	0	0.5614278
31.06052	-151.7865	1.8	-316.045	0	0.8280327	0	0.5606799
31.08052	-151.9155	1.8	-315.9935	0	0.828537	0	0.5599343
31.10052	-152.0444	1.8	-315.9417	0	0.8290399	0	0.5591895
31.12052	-152.1732	1.8	-315.8896	0	0.8295416	0	0.558445
31.14052	-152.3019	1.8	-315.8373	0	0.8305477	0	0.5569474
31.16052	-152.4304	1.8	-315.7846	0	0.831048	0	0.5562008
31.18052	-152.5589	1.8	-315.7316	0	0.831547	0	0.5554545
31.20052	-152.6872	1.8	-315.6784	0	0.8320451	0	0.554708
31.2