#Segway Trial Path#
#TimeStamp#	#PositionX#	#PositionY#	#PositionZ#	#OrientationX#	#OrientationY#	#OrientationZ#	#OrientationW#	
0	-283.705	1.8	-314.9218	0	0.0004484974	0	0.9999999
0.02	-283.7073	1.8	-314.9614	0	0.0004484974	0	0.9999999
0.04	-284.0097	1.8	-315.0009	0	0.001121243	0	0.9999994
0.06	-284.61	1.8	-315.1371	0	0.002747041	0	0.9999962
0.08	-284.9107	1.8	-315.2734	0	0.003616	0	0.9999935
0.09999999	-285.2117	1.8	-315.4082	0	0.004498971	0	0.9999899
0.12	-285.5129	1.8	-315.5402	0	0.005388947	0	0.9999855
0.14	-285.8143	1.8	-315.6722	0	0.006282422	0	0.9999803
0.16	-286.116	1.8	-315.8028	0	0.007177643	0	0.9999743
0.18	-286.4178	1.8	-315.9319	0	0.008073736	0	0.9999674
0.2	-286.7198	1.8	-316.0596	0	0.008976657	0	0.9999597
0.22	-287.0221	1.8	-316.1858	0	0.009876592	0	0.9999512
0.24	-287.3245	1.8	-316.3105	0	0.01077503	0	0.9999419
0.26	-287.3275	1.8	-316.4495	0	0.01077503	0	0.9999419
0.28	-287.63	1.8	-316.5712	0	0.01167911	0	0.9999318
0.3	-287.9326	1.8	-316.6899	0	0.01257961	0	0.9999209
0.32	-288.2354	1.8	-316.8086	0	0.01347831	0	0.9999092
0.34	-288.5384	1.8	-316.9257	0	0.01438251	0	0.9998966
0.36	-288.8415	1.8	-317.0412	0	0.01528305	0	0.9998832
0.38	-288.8457	1.8	-317.1801	0	0.01528305	0	0.9998832
0.4	-289.1488	1.8	-317.2924	0	0.01618175	0	0.9998691
0.42	-289.4519	1.8	-317.4032	0	0.01707953	0	0.9998541
0.4400001	-289.7552	1.8	-317.5123	0	0.01797684	0	0.9998384
0.4600001	-290.0586	1.8	-317.6198	0	0.01887392	0	0.9998219
0.4800001	-290.362	1.8	-317.7257	0	0.01977725	0	0.9998044
0.5000001	-290.3675	1.8	-317.8645	0	0.01977725	0	0.9998044
0.52	-290.6708	1.8	-317.967	0	0.02068371	0	0.9997861
0.54	-290.9741	1.8	-318.0678	0	0.02158533	0	0.999767
0.56	-291.2774	1.8	-318.1669	0	0.02248452	0	0.9997472
0.58	-291.5808	1.8	-318.2643	0	0.02338248	0	0.9997266
0.6	-291.5873	1.8	-318.4031	0	0.02338248	0	0.9997266
0.6199999	-291.8904	1.8	-318.497	0	0.02427983	0	0.9997053
0.6399999	-292.1935	1.8	-318.5891	0	0.02517685	0	0.999683
0.6599999	-292.4966	1.8	-318.6795	0	0.02608009	0	0.9996599
0.6799999	-292.7996	1.8	-318.768	0	0.02698004	0	0.999636
0.6999999	-292.8071	1.8	-318.9068	0	0.02698004	0	0.999636
0.7199998	-293.1098	1.8	-318.9917	0	0.02787834	0	0.9996113
0.7399998	-293.4123	1.8	-319.0748	0	0.02877579	0	0.9995859
0.7599998	-293.7148	1.8	-319.156	0	0.02967281	0	0.9995597
0.7799998	-294.0171	1.8	-319.2354	0	0.0305696	0	0.9995326
0.7999998	-294.0255	1.8	-319.374	0	0.0305696	0	0.9995326
0.8199998	-294.3273	1.8	-319.4496	0	0.03146626	0	0.9995048
0.8399997	-294.6289	1.8	-319.5232	0	0.03236285	0	0.9994762
#Segway Trial Way Points#
#TimeStamp#	#WayPointID#	#WayPonitX#	#WayPonitY#	#WayPonitZ#	
0	0	-315	10	-315
0	4	-315	10	-122.5
0	5	-122.5	10	-315
0	15	0	10	-315
0	19	0	10	-153
0	23	-115	10	-115
0	16	-153	10	0
0	20	-115	10	115
0	24	0	10	0
0	22	115	10	-115
0	18	153	10	0
0	21	115	10	115
0	17	0	10	153
0	13	0	10	315
0	6	-122.5	10	315
0	7	-315	10	122.5
0.8599997	1	-315	10	315
