#Walking Trial Path#
#TimeStamp#	#PositionX#	#PositionY#	#PositionZ#	#OrientationX#	#OrientationY#	#OrientationZ#	#OrientationW#	
0	-302.3846	1.8	-315.3969	0	0.0005478767	0	0.9999999
0.02	-302.2697	1.8	-315.4261	0	0.001369526	0	0.9999991
0.04	-302.1766	1.8	-315.4593	0	0.002327075	0	0.9999973
0.06	-302.105	1.8	-315.4965	0	0.003352572	0	0.9999944
0.08	-302.0544	1.8	-315.5378	0	0.004412532	0	0.9999903
0.09999999	-302.014	1.8	-315.5805	0	0.006575358	0	0.9999784
0.12	-301.9814	1.8	-315.6217	0	0.007664555	0	0.9999707
0.14	-301.9527	1.8	-315.6633	0	0.007664555	0	0.9999707
0.16	-301.9241	1.8	-315.7049	0	0.008755855	0	0.9999617
0.18	-301.9002	1.8	-315.7489	0	0.009848037	0	0.9999515
0.2	-301.88	1.8	-315.7961	0	0.01094033	0	0.9999402
0.22	-301.8613	1.8	-315.8459	0	0.01203282	0	0.9999276
0.24	-301.8429	1.8	-315.8963	0	0.01312558	0	0.9999139
0.26	-301.8245	1.8	-315.9468	0	0.01312558	0	0.9999139
0.28	-301.8061	1.8	-315.9974	0	0.01421912	0	0.9998989
0.3	-301.7879	1.8	-316.0479	0	0.0153137	0	0.9998828
0.32	-301.7697	1.8	-316.0985	0	0.01640862	0	0.9998654
0.34	-301.7517	1.8	-316.1492	0	0.01750404	0	0.9998468
0.36	-301.7338	1.8	-316.1999	0	0.01859903	0	0.999827
0.38	-301.716	1.8	-316.2506	0	0.01969264	0	0.9998061
0.4	-301.6983	1.8	-316.3014	0	0.01969264	0	0.9998061
0.42	-301.6806	1.8	-316.3522	0	0.02078556	0	0.999784
0.4400001	-301.663	1.8	-316.403	0	0.02187811	0	0.9997607
0.4600001	-301.6456	1.8	-316.4538	0	0.02297047	0	0.9997362
0.4800001	-301.6282	1.8	-316.5047	0	0.02406288	0	0.9997105
0.5000001	-301.611	1.8	-316.5556	0	0.02515546	0	0.9996836
0.52	-301.5938	1.8	-316.6066	0	0.02515546	0	0.9996836
0.54	-301.5767	1.8	-316.6576	0	0.02624862	0	0.9996555
0.56	-301.5594	1.8	-316.7086	0	0.02734203	0	0.9996262
0.58	-301.5424	1.8	-316.7596	0	0.02843458	0	0.9995957
0.6	-301.5256	1.8	-316.8106	0	0.02952618	0	0.9995641
0.6199999	-301.5089	1.8	-316.8618	0	0.02952618	0	0.9995641
0.6399999	-301.4922	1.8	-316.9129	0	0.03061828	0	0.9995312
0.6599999	-301.4757	1.8	-316.964	0	0.03171077	0	0.9994972
0.6799999	-301.4592	1.8	-317.0152	0	0.0328036	0	0.9994619
0.6999999	-301.4428	1.8	-317.0664	0	0.03389608	0	0.9994254
0.7199998	-301.4266	1.8	-317.1176	0	0.03389608	0	0.9994254
0.7399998	-301.4104	1.8	-317.1689	0	0.03498805	0	0.9993878
0.7599998	-301.3942	1.8	-317.2202	0	0.03608006	0	0.9993489
0.7799998	-301.3782	1.8	-317.2715	0	0.03717273	0	0.9993089
0.7999998	-301.3623	1.8	-317.3228	0	0.03826555	0	0.9992676
0.8199998	-301.3465	1.8	-317.3742	0	0.0393571	0	0.9992253
0.8399997	-301.3308	1.8	-317.4257	0	0.0393571	0	0.9992253
0.8599997	-301.3151	1.8	-317.4771	0	0.04044815	0	0.9991817
0.8799997	-301.2995	1.8	-317.5283	0	0.0415391	0	0.9991369
0.8999997	-301.2841	1.8	-317.5797	0	0.0426303	0	0.999091
0.9199997	-301.2687	1.8	-317.6313	0	0.04372175	0	0.9990438
0.9399996	-301.2535	1.8	-317.6825	0	0.04481414	0	0.9989954
0.9599996	-301.2384	1.8	-317.7341	0	0.04481414	0	0.9989954
0.9799996	-301.2233	1.8	-317.7857	0	0.04590696	0	0.9989457
0.9999996	-301.2083	1.8	-317.8373	0	0.04699964	0	0.9988949
1.02	-301.1931	1.8	-317.889	0	0.04809271	0	0.9988429
1.04	-301.1783	1.8	-317.9407	0	0.04918612	0	0.9987897
1.06	-301.1636	1.8	-317.9924	0	0.04918612	0	0.9987897
1.08	-301.149	1.8	-318.0441	0	0.05027999	0	0.9987352
1.1	-301.1344	1.8	-318.0959	0	0.05137374	0	0.9986795
1.12	-301.1197	1.8	-318.1477	0	0.05246755	0	0.9986227
1.14	-301.1054	1.8	-318.1995	0	0.05356153	0	0.9985646
1.159999	-301.0912	1.8	-318.2513	0	0.05356153	0	0.9985646
1.179999	-301.0769	1.8	-318.3032	0	0.05465622	0	0.9985053
1.199999	-301.0628	1.8	-318.3551	0	0.05575073	0	0.9984447
1.219999	-301.0489	1.8	-318.407	0	0.05684431	0	0.9983831
1.239999	-301.035	1.8	-318.4589	0	0.05684431	0	0.9983831
1.259999	-301.0211	1.8	-318.5109	0	0.05793771	0	0.9983203
1.279999	-300.9807	1.8	-318.5656	0	0.05903098	0	0.9982562
1.299999	-300.8816	1.8	-318.5592	0	0.05903098	0	0.9982562
1.319999	-300.7826	1.8	-318.5528	0	0.06012448	0	0.9981909
1.339999	-300.6135	1.8	-318.4517	0	0.06121757	0	0.9981245
1.359999	-300.3953	1.8	-318.283	0	0.06231058	0	0.9980568
1.379999	-300.1739	1.8	-318.1109	0	0.06449457	0	0.9979181
1.399999	-299.9734	1.8	-317.9388	0	0.06558513	0	0.997847
1.419999	-299.7743	1.8	-317.7658	0	0.06667409	0	0.9977748
1.439999	-299.5746	1.8	-317.5926	0	0.06776255	0	0.9977015
1.459999	-299.3746	1.8	-317.4199	0	0.0688512	0	0.997627
1.479999	-299.1743	1.8	-317.2477	0	0.07103015	0	0.9974742
1.499999	-298.973	1.8	-317.0767	0	0.07211982	0	0.997396
1.519999	-298.7714	1.8	-316.9057	0	0.0732099	0	0.9973166
1.539999	-298.5695	1.8	-316.7352	0	0.07430029	0	0.997236
1.559999	-298.3673	1.8	-316.5652	0	0.07539063	0	0.9971541
1.579999	-298.1647	1.8	-316.3955	0	0.07756978	0	0.996987
1.599999	-297.9697	1.8	-316.2275	0	0.07865956	0	0.9969016
1.619999	-297.795	1.8	-316.0564	0	0.07974957	0	0.996815
1.639999	-297.6397	1.8	-315.8827	0	0.08083932	0	0.9967272
1.659999	-297.5054	1.8	-315.707	0	0.08192873	0	0.9966382
1.679999	-297.3919	1.8	-315.529	0	0.08410744	0	0.9964567
1.699999	-297.3214	1.8	-315.3474	0	0.08519528	0	0.9963643
1.719999	-297.3304	1.8	-315.1512	0	0.08628321	0	0.9962707
1.739999	-297.4227	1.8	-314.938	0	0.08737162	0	0.9961758
1.759999	-297.5625	1.8	-314.7138	0	0.08846021	0	0.9960797
1.779999	-297.7184	1.8	-314.4852	0	0.08915457	0	0.9960178
1.799999	-297.8815	1.8	-314.2534	0	0.08776791	0	0.996141
1.819999	-298.0426	1.8	-314.0234	0	0.08533715	0	0.9963521
1.839999	-298.2041	1.8	-313.7944	0	0.0818785	0	0.9966424
1.859999	-298.3667	1.8	-313.5666	0	0.07790499	0	0.9969608
1.879999	-298.5308	1.8	-313.3401	0	0.06931159	0	0.9975951
1.899999	-298.6983	1.8	-313.1173	0	0.06488433	0	0.9978928
1.919999	-298.8683	1.8	-312.8953	0	0.06042363	0	0.9981728
1.939999	-299.0399	1.8	-312.6747	0	0.05594565	0	0.9984338
1.959999	-299.2134	1.8	-312.4557	0	0.05145849	0	0.9986752
1.979999	-299.3888	1.8	-312.2382	0	0.0424711	0	0.9990977
1.999999	-299.568	1.8	-312.0247	0	0.03797406	0	0.9992787
2.019999	-299.7496	1.8	-311.8121	0	0.03347574	0	0.9994395
2.039999	-299.9329	1.8	-311.6011	0	0.0289765	0	0.9995801
2.059999	-300.118	1.8	-311.3918	0	0.02447654	0	0.9997004
2.079999	-300.3048	1.8	-311.1841	0	0.01547507	0	0.9998803
2.099999	-300.4952	1.8	-310.9806	0	0.01101603	0	0.9999394
2.119999	-300.688	1.8	-310.7781	0	0.00674689	0	0.9999773
2.139999	-300.8825	1.8	-310.5772	0	0.002699431	0	0.9999964
2.159999	-301.0785	1.8	-310.3779	0	-0.001068169	0	0.9999994
2.179999	-301.2696	1.8	-310.1801	0	-0.007704176	0	0.9999704
2.199999	-301.4177	1.8	-309.9857	0	-0.01057187	0	0.9999442
2.219999	-301.5464	1.8	-309.7917	0	-0.01315796	0	0.9999135
2.239999	-301.6558	1.8	-309.5983	0	-0.0155187	0	0.9998796
2.259999	-301.7517	1.8	-309.4056	0	-0.0198739	0	0.9998025
2.279999	-301.8323	1.8	-309.2151	0	-0.0218261	0	0.9997618
2.299999	-301.9106	1.8	-309.0261	0	-0.02361631	0	0.9997211
2.319999	-301.985	1.8	-308.837	0	-0.02532549	0	0.9996793
2.339998	-302.0555	1.8	-308.6459	0	-0.02695189	0	0.9996368
2.359998	-302.1242	1.8	-308.4524	0	-0.02995329	0	0.9995513
2.379998	-302.1943	1.8	-308.2581	0	-0.03136988	0	0.9995078
2.399998	-302.2646	1.8	-308.0645	0	-0.03276539	0	0.9994631
2.419998	-302.3354	1.8	-307.871	0	-0.03415034	0	0.9994167
2.439998	-302.4067	1.8	-307.6778	0	-0.03548776	0	0.9993701
2.459998	-302.4785	1.8	-307.4848	0	-0.03810306	0	0.9992738
2.479998	-302.5518	1.8	-307.2924	0	-0.03939874	0	0.9992236
2.499998	-302.6252	1.8	-307.0999	0	-0.04069139	0	0.9991718
2.519998	-302.699	1.8	-306.9077	0	-0.0419825	0	0.9991184
2.539998	-302.7733	1.8	-306.7156	0	-0.04327279	0	0.9990633
2.559998	-302.8482	1.8	-306.5237	0	-0.04581002	0	0.9989502
2.579998	-302.9244	1.8	-306.3325	0	-0.04588656	0	0.9989467
2.599998	-302.9986	1.8	-306.1427	0	-0.04537768	0	0.9989699
2.619998	-303.0693	1.8	-305.9548	0	-0.04457575	0	0.999006
2.639998	-303.1389	1.8	-305.7691	0	-0.04362726	0	0.9990479
2.659998	-303.205	1.8	-305.5851	0	-0.04154551	0	0.9991366
2.679998	-303.259	1.8	-305.403	0	-0.04046677	0	0.9991809
2.699998	-303.3018	1.8	-305.2199	0	-0.03937797	0	0.9992244
2.719998	-303.3322	1.8	-305.0345	0	-0.03828428	0	0.9992669
2.739998	-303.3423	1.8	-304.8466	0	-0.03718746	0	0.9993083
2.759998	-303.3271	1.8	-304.6549	0	-0.0349886	0	0.9993877
2.779998	-303.2575	1.8	-304.4551	0	-0.03388825	0	0.9994256
2.799998	-303.1793	1.8	-304.253	0	-0.03278819	0	0.9994624
2.819998	-303.0978	1.8	-304.0499	0	-0.03168857	0	0.9994978
2.839998	-303.0153	1.8	-303.8465	0	-0.02948918	0	0.9995652
2.859998	-302.9315	1.8	-303.6437	0	-0.02839037	0	0.9995969
2.879998	-302.8475	1.8	-303.4407	0	-0.02729246	0	0.9996275
2.899998	-302.7632	1.8	-303.238	0	-0.02619483	0	0.9996569
2.919998	-302.6783	1.8	-303.0355	0	-0.02509748	0	0.999685
2.939998	-302.5931	1.8	-302.8332	0	-0.02400042	0	0.999712
2.959998	-302.5074	1.8	-302.631	0	-0.02290415	0	0.9997377
2.979998	-302.4213	1.8	-302.4291	0	-0.02071041	0	0.9997855
2.999998	-302.3339	1.8	-302.2278	0	-0.01961306	0	0.9998077
3.019998	-302.2464	1.8	-302.0264	0	-0.01851528	0	0.9998286
3.039998	-302.1585	1.8	-301.8252	0	-0.0174181	0	0.9998484
3.059998	-302.0702	1.8	-301.6242	0	-0.01632088	0	0.9998669
3.079998	-301.9814	1.8	-301.4234	0	-0.01412652	0	0.9999003
3.099998	-301.8914	1.8	-301.2232	0	-0.01302832	0	0.9999152
3.119998	-301.8012	1.8	-301.023	0	-0.01192974	0	0.9999289
3.139998	-301.7107	1.8	-300.823	0	-0.01083112	0	0.9999414
3.159998	-301.6197	1.8	-300.6231	0	-0.009732808	0	0.9999526
3.179998	-301.5283	1.8	-300.4235	0	-0.007537944	0	0.9999716
3.199998	-301.4356	1.8	-300.2246	0	-0.006441317	0	0.9999793
3.219998	-301.3429	1.8	-300.0256	0	-0.005345298	0	0.9999858
3.239998	-301.2497	1.8	-299.8268	0	-0.004249087	0	0.999991
3.259998	-301.1561	1.8	-299.6282	0	-0.003152778	0	0.9999951
3.279998	-301.062	1.8	-299.4298	0	-0.0009598709	0	0.9999996
3.299998	-300.9668	1.8	-299.2321	0	0.0001367729	0	1
3.319998	-300.8715	1.8	-299.0343	0	0.00123297	0	0.9999992
3.339998	-300.7804	1.8	-298.8381	0	0.002328943	0	0.9999973
3.359998	-300.692	1.8	-298.6437	0	0.003424637	0	0.9999942
3.379997	-300.6083	1.8	-298.4507	0	0.005616898	0	0.9999843
3.399997	-300.5447	1.8	-298.2601	0	0.006711882	0	0.9999775
3.419997	-300.482	1.8	-298.0718	0	0.007806738	0	0.9999696
3.439997	-300.4225	1.8	-297.8851	0	0.008901195	0	0.9999604
3.459997	-300.3686	1.8	-297.6989	0	0.009995777	0	0.9999501
3.479997	-300.3217	1.8	-297.5121	0	0.01218507	0	0.9999258
3.499997	-300.2902	1.8	-297.3215	0	0.01327891	0	0.9999118
3.519997	-300.2633	1.8	-297.1267	0	0.01437167	0	0.9998968
3.539997	-300.237	1.8	-296.9298	0	0.01546388	0	0.9998805
3.559997	-300.2106	1.8	-296.7329	0	0.01764644	0	0.9998444
3.579997	-300.1827	1.8	-296.5365	0	0.01873871	0	0.9998244
3.599997	-300.1548	1.8	-296.3398	0	0.01983178	0	0.9998034
3.619997	-300.1266	1.8	-296.1431	0	0.02092558	0	0.9997811
3.639997	-300.0978	1.8	-295.9467	0	0.02201955	0	0.9997576
3.659997	-300.0688	1.8	-295.7501	0	0.0242099	0	0.999707
3.679997	-300.048	1.8	-295.5554	0	0.02530698	0	0.9996798
3.699997	-300.0413	1.8	-295.3616	0	0.02640499	0	0.9996513
3.719997	-300.0547	1.8	-295.1674	0	0.02750282	0	0.9996217
3.739997	-300.0889	1.8	-294.9718	0	0.02860019	0	0.9995909
3.759997	-300.1398	1.8	-294.7744	0	0.0307949	0	0.9995257
3.779997	-300.2161	1.8	-294.573	0	0.03189284	0	0.9994913
3.799997	-300.2902	1.8	-294.3716	0	0.03299151	0	0.9994557
3.819997	-300.3672	1.8	-294.1685	0	0.03409037	0	0.9994188
3.839997	-300.4442	1.8	-293.965	0	0.03518995	0	0.9993807
3.859997	-300.5207	1.8	-293.7614	0	0.03738987	0	0.9993008
3.879997	-300.6031	1.8	-293.5576	0	0.03848987	0	0.9992591
3.899997	-300.6835	1.8	-293.3541	0	0.03958911	0	0.9992161
3.919997	-300.7628	1.8	-293.1497	0	0.04068794	0	0.9991719
3.939997	-300.8418	1.8	-292.9448	0	0.04178639	0	0.9991266
3.959997	-300.9202	1.8	-292.7397	0	0.04398106	0	0.9990324
3.979997	-301.007	1.8	-292.5345	0	0.04507823	0	0.9989834
3.999997	-301.0974	1.8	-292.3281	0	0.04617557	0	0.9989334
4.019997	-301.1916	1.8	-292.1212	0	0.04727314	0	0.9988821
4.039997	-301.2864	1.8	-291.9134	0	0.04946876	0	0.9987757
4.059997	-301.3835	1.8	-291.7052	0	0.05056573	0	0.9987208
4.079997	-301.4815	1.8	-291.4964	0	0.05166283	0	0.9986646
4.099997	-301.5785	1.8	-291.2896	0	0.05275979	0	0.9986073
4.119997	-301.6729	1.8	-291.0832	0	0.0538568	0	0.9985487
4.139997	-301.7653	1.8	-290.8753	0	0.05605065	0	0.998428
4.159997	-301.8557	1.8	-290.6652	0	0.05714684	0	0.9983658
4.179997	-301.9464	1.8	-290.4556	0	0.05824252	0	0.9983025
4.199997	-302.034	1.8	-290.2479	0	0.05933808	0	0.998238
4.219997	-302.1134	1.8	-290.0421	0	0.06043386	0	0.9981723
4.239997	-302.1877	1.8	-289.838	0	0.06262361	0	0.9980372
4.259997	-302.2374	1.8	-289.6393	0	0.06371795	0	0.997968
4.279997	-302.2827	1.8	-289.443	0	0.06481232	0	0.9978975
4.299997	-302.327	1.8	-289.249	0	0.06590699	0	0.9978258
4.319997	-302.3687	1.8	-289.0573	0	0.06700194	0	0.9977529
4.339997	-302.4052	1.8	-288.8678	0	0.06919113	0	0.9976035
4.359997	-302.425	1.8	-288.682	0	0.07028495	0	0.997527
4.379997	-302.4306	1.8	-288.4966	0	0.07137799	0	0.9974494
4.399997	-302.4211	1.8	-288.3109	0	0.07247157	0	0.9973705
4.419997	-302.3971	1.8	-288.1242	0	0.07356441	0	0.9972906
4.439997	-302.3614	1.8	-287.936	0	0.0757521	0	0.9971267
4.459997	-302.3095	1.8	-287.7448	0	0.07684696	0	0.997043
4.479997	-302.2591	1.8	-287.553	0	0.07794155	0	0.996958
4.499997	-302.2083	1.8	-287.361	0	0.07903646	0	0.9968717
4.519997	-302.1571	1.8	-287.1691	0	0.08013149	0	0.9967843
4.539997	-302.1055	1.8	-286.9773	0	0.08232256	0	0.9966058
4.559997	-302.0525	1.8	-286.786	0	0.08341841	0	0.9965146
4.579997	-301.9996	1.8	-286.5945	0	0.08451402	0	0.9964223
4.599997	-301.9464	1.8	-286.4032	0	0.08560964	0	0.9963288
4.619997	-301.8926	1.8	-286.212	0	0.08779912	0	0.9961382
4.639997	-301.8378	1.8	-286.0212	0	0.08889316	0	0.9960412
4.659997	-301.7825	1.8	-285.8304	0	0.08998662	0	0.995943
4.679996	-301.7271	1.8	-285.6396	0	0.09107958	0	0.9958436
4.699996	-301.6713	1.8	-285.449	0	0.09217239	0	0.9957431
4.719996	-301.6151	1.8	-285.2585	0	0.09435797	0	0.9955384
4.739996	-301.5577	1.8	-285.0685	0	0.09544926	0	0.9954343
4.759996	-301.4999	1.8	-284.8784	0	0.09653954	0	0.9953291
4.779996	-301.442	1.8	-284.6884	0	0.09762909	0	0.9952229
4.799996	-301.3837	1.8	-284.4985	0	0.09871724	0	0.9951155
4.819996	-301.325	1.8	-284.3088	0	0.1008908	0	0.9948975
4.839996	-301.2651	1.8	-284.1195	0	0.1019766	0	0.9947869
4.859996	-301.2051	1.8	-283.9301	0	0.1030619	0	0.994675
4.879996	-301.1447	1.8	-283.7409	0	0.1041475	0	0.9945619
4.899996	-301.0839	1.8	-283.5518	0	0.1052326	0	0.9944477
4.919996	-301.0227	1.8	-283.3629	0	0.1074037	0	0.9942155
4.939996	-300.9601	1.8	-283.1746	0	0.1084891	0	0.9940977
4.959996	-300.8976	1.8	-282.986	0	0.1095738	0	0.9939787
4.979996	-300.8348	1.8	-282.7976	0	0.110658	0	0.9938585
4.999996	-300.7809	1.8	-282.6093	0	0.1117416	0	0.9937373
5.019996	-300.7408	1.8	-282.4195	0	0.1139099	0	0.9934911
5.039996	-300.7433	1.8	-282.2212	0	0.1149942	0	0.9933662
5.059996	-300.776	1.8	-282.0143	0	0.1160782	0	0.9932401
5.079996	-300.8427	1.8	-281.7979	0	0.1171627	0	0.9931127
5.099996	-300.9349	1.8	-281.5739	0	0.1182472	0	0.9929842
5.119996	-301.0552	1.8	-281.3422	0	0.1204147	0	0.9927237
5.139996	-301.2135	1.8	-281.0989	0	0.1214979	0	0.9925917
5.159996	-301.3631	1.8	-280.8582	0	0.1225803	0	0.9924586
5.179996	-301.511	1.8	-280.6193	0	0.1236622	0	0.9923244
5.199996	-301.6564	1.8	-280.3809	0	0.1247438	0	0.992189
5.219996	-301.7998	1.8	-280.1411	0	0.1258246	0	0.9920526
5.239996	-301.9423	1.8	-279.8999	0	0.1279833	0	0.9917763
5.259996	-302.0832	1.8	-279.6576	0	0.1290618	0	0.9916366
5.279996	-302.2242	1.8	-279.4151	0	0.13014	0	0.9914957
5.299996	-302.3645	1.8	-279.1724	0	0.131218	0	0.9913536
5.319996	-302.5044	1.8	-278.9294	0	0.1322954	0	0.9912103
5.339996	-302.6437	1.8	-278.6862	0	0.13445	0	0.9909204
5.359996	-302.7815	1.8	-278.4422	0	0.135528	0	0.9907736
5.379996	-302.9193	1.8	-278.1979	0	0.1366071	0	0.9906253
5.399996	-303.0565	1.8	-277.9534	0	0.1376873	0	0.9904758
5.419996	-303.1931	1.8	-277.7086	0	0.1387684	0	0.9903249
5.439996	-303.3293	1.8	-277.4635	0	0.1409338	0	0.9900191
5.459996	-303.4638	1.8	-277.2178	0	0.142016	0	0.9898644
5.479996	-303.5871	1.8	-276.9759	0	0.1430976	0	0.9897087
5.499996	-303.6899	1.8	-276.7406	0	0.1441787	0	0.9895517
5.519996	-303.7736	1.8	-276.5109	0	0.1463392	0	0.9892345
5.539996	-303.8175	1.8	-276.2959	0	0.1463392	0	0.9892345
5.559996	-303.8615	1.8	-276.0808	0	0.1460737	0	0.9892737
5.579996	-303.8872	1.8	-275.8725	0	0.1448009	0	0.9894608
5.599996	-303.9103	1.8	-275.6864	0	0.1422712	0	0.9898278
5.619996	-303.9309	1.8	-275.5226	0	0.1384844	0	0.9903646
5.639996	-303.9487	1.8	-275.381	0	0.1334809	0	0.9910514
5.659996	-303.9639	1.8	-275.2617	0	0.1334809	0	0.9910514
5.679996	-303.9791	1.8	-275.1423	0	0.1269024	0	0.9919153
5.699996	-303.9915	1.8	-275.0452	0	0.11928	0	0.9928607
5.719995	-304.0009	1.8	-274.9703	0	0.1111309	0	0.9938058
5.739995	-304.0075	1.8	-274.917	0	0.1027142	0	0.994711
5.759995	-304.0134	1.8	-274.8685	0	0.09416006	0	0.9955571
5.779995	-304.0179	1.8	-274.8296	0	0.09416006	0	0.9955571
5.799995	-304.0224	1.8	-274.7906	0	0.08553382	0	0.9963353
5.819995	-304.0238	1.8	-274.7709	0	0.07686859	0	0.9970413
5.839995	-304.0194	1.8	-274.7846	0	0.06818124	0	0.997673
5.859995	-304.0068	1.8	-274.8368	0	0.06002882	0	0.9981966
5.879995	-303.9933	1.8	-274.8887	0	0.05471612	0	0.998502
5.899995	-303.9792	1.8	-274.9406	0	0.05260762	0	0.9986153
5.919995	-303.9649	1.8	-274.9921	0	0.05260762	0	0.9986153
5.939995	-303.9506	1.8	-275.0436	0	0.05283064	0	0.9986035
5.959995	-303.9363	1.8	-275.0954	0	0.05535845	0	0.9984666
5.979995	-303.9223	1.8	-275.1473	0	0.06076714	0	0.998152
5.999995	-303.9086	1.8	-275.1993	0	0.06782474	0	0.9976973
6.019995	-303.8958	1.8	-275.2513	0	0.0757038	0	0.9971304
6.039995	-303.8839	1.8	-275.3036	0	0.0757038	0	0.9971304
6.059995	-303.8719	1.8	-275.3559	0	0.08399028	0	0.9964666
6.079995	-303.8606	1.8	-275.4085	0	0.09247688	0	0.9957148
6.099995	-303.8502	1.8	-275.4609	0	0.1010596	0	0.9948804
6.119995	-303.8409	1.8	-275.5135	0	0.1096863	0	0.9939663
6.139995	-303.8323	1.8	-275.5666	0	0.1183303	0	0.9929743
6.159995	-303.8246	1.8	-275.6198	0	0.1183303	0	0.9929743
6.179995	-303.8169	1.8	-275.6729	0	0.1269782	0	0.9919056
6.199995	-303.8104	1.8	-275.726	0	0.1356229	0	0.9907606
6.219995	-303.8048	1.8	-275.7792	0	0.1442605	0	0.9895398
6.239995	-303.8002	1.8	-275.8326	0	0.1528887	0	0.9882435
6.259995	-303.7965	1.8	-275.8861	0	0.1528887	0	0.9882435
6.279995	-303.7928	1.8	-275.9395	0	0.161506	0	0.9868718
6.299995	-303.79	1.8	-275.993	0	0.1701114	0	0.9854249
6.319995	-303.7088	1.8	-276.0757	0	0.1787041	0	0.9839029
6.339995	-303.5457	1.8	-276.192	0	0.1872833	0	0.9823059
6.359995	-303.3812	1.8	-276.3123	0	0.1872833	0	0.9823059
6.379995	-303.2166	1.8	-276.4326	0	0.1958483	0	0.9806342
6.399995	-303.054	1.8	-276.5544	0	0.2043983	0	0.9788878
6.419995	-302.8934	1.8	-276.6783	0	0.2129328	0	0.9770668
6.439995	-302.735	1.8	-276.8045	0	0.2214511	0	0.9751715
6.459995	-302.5788	1.8	-276.9333	0	0.2214511	0	0.9751715
6.479995	-302.4225	1.8	-277.0622	0	0.2299526	0	0.9732019
6.499995	-302.2685	1.8	-277.1936	0	0.2384365	0	0.9711581
6.519995	-302.1168	1.8	-277.3276	0	0.2469023	0	0.9690404
6.539995	-301.9675	1.8	-277.4643	0	0.2553492	0	0.9668489
6.559995	-301.8206	1.8	-277.6035	0	0.2553492	0	0.9668489
6.579995	-301.6737	1.8	-277.7428	0	0.2637767	0	0.9645838
6.599995	-301.5293	1.8	-277.8846	0	0.2721841	0	0.9622452
6.619995	-301.3874	1.8	-278.0289	0	0.2805709	0	0.9598333
6.639995	-301.248	1.8	-278.1757	0	0.2805709	0	0.9598333
6.659995	-301.1086	1.8	-278.3225	0	0.2889362	0	0.9573484
6.679995	-300.9717	1.8	-278.4717	0	0.2972796	0	0.9547905
6.699995	-300.8376	1.8	-278.6233	0	0.3056003	0	0.9521599
6.719995	-300.706	1.8	-278.7771	0	0.3138977	0	0.9494569
6.739995	-300.5772	1.8	-278.9333	0	0.3138977	0	0.9494569
6.759995	-300.4484	1.8	-279.0894	0	0.3304202	0	0.9438339
6.779994	-300.3257	1.8	-279.2496	0	0.338644	0	0.9409146
6.799994	-300.2056	1.8	-279.4127	0	0.346842	0	0.9379236
6.819994	-300.0883	1.8	-279.5778	0	0.3550136	0	0.9348611
6.839994	-299.9737	1.8	-279.7448	0	0.3631582	0	0.9317275
6.859994	-299.8619	1.8	-279.9137	0	0.3793638	0	0.9252476
6.879994	-299.7567	1.8	-280.0858	0	0.3874236	0	0.9219018
6.899994	-299.6543	1.8	-280.2605	0	0.3954539	0	0.9184859
6.919994	-299.5548	1.8	-280.437	0	0.403454	0	0.915
6.939994	-299.4583	1.8	-280.6151	0	0.4193615	0	0.9078193
6.959994	-299.3685	1.8	-280.7957	0	0.4272677	0	0.9041252
6.979994	-299.2818	1.8	-280.9788	0	0.4351413	0	0.9003622
6.999994	-299.1981	1.8	-281.1633	0	0.4429817	0	0.8965307
7.019994	-299.1175	1.8	-281.3491	0	0.4507885	0	0.8926309
7.039994	-299.04	1.8	-281.5362	0	0.4662984	0	0.8846276
7.059994	-298.9695	1.8	-281.7252	0	0.4740004	0	0.8805247
7.079994	-298.9024	1.8	-281.9162	0	0.4816662	0	0.8763548
7.099994	-298.8384	1.8	-282.1085	0	0.4892954	0	0.8721181
7.119994	-298.7777	1.8	-282.3017	0	0.4968874	0	0.8678151
7.139994	-298.7202	1.8	-282.4959	0	0.5119572	0	0.8590111
7.159994	-298.67	1.8	-282.6913	0	0.5194339	0	0.8545107
7.179994	-298.6232	1.8	-282.8883	0	0.526871	0	0.8499453
7.199994	-298.5797	1.8	-283.0862	0	0.534268	0	0.8453152
7.219994	-298.5395	1.8	-283.2847	0	0.5416244	0	0.8406207
7.239994	-298.5027	1.8	-283.4839	0	0.5562127	0	0.83104
7.259994	-298.473	1.8	-283.6834	0	0.5634437	0	0.8261545
7.279994	-298.4469	1.8	-283.8843	0	0.5706317	0	0.8212062
7.299994	-298.4242	1.8	-284.0855	0	0.5777763	0	0.8161952
7.319994	-298.4049	1.8	-284.2871	0	0.5848768	0	0.8111222
7.339994	-298.389	1.8	-284.489	0	0.5989437	0	0.8007911
7.359994	-298.3805	1.8	-284.6906	0	0.605909	0	0.795534
7.379994	-298.3757	1.8	-284.893	0	0.6128283	0	0.7902161
7.399994	-298.3743	1.8	-285.0956	0	0.6197008	0	0.7848382
7.419994	-298.3763	1.8	-285.2982	0	0.6265261	0	0.7794005
7.439994	-298.3816	1.8	-285.5006	0	0.6400331	0	0.7683474
7.459994	-298.394	1.8	-285.7019	0	0.6467137	0	0.7627329
7.479994	-298.4104	1.8	-285.9038	0	0.6533451	0	0.7570602
7.499994	-298.4302	1.8	-286.1054	0	0.6599267	0	0.75133
7.519994	-298.4533	1.8	-286.3066	0	0.6729388	0	0.7396982
7.539994	-298.4834	1.8	-286.5062	0	0.6793681	0	0.7337976
7.559994	-298.5173	1.8	-286.7058	0	0.6857458	0	0.7278411
7.579994	-298.5546	1.8	-286.905	0	0.6920712	0	0.7218292
7.599994	-298.5952	1.8	-287.1035	0	0.6983439	0	0.7157624
7.619994	-298.639	1.8	-287.3011	0	0.7107293	0	0.7034656
7.639994	-298.6897	1.8	-287.4964	0	0.7168411	0	0.6972367
7.659994	-298.7443	1.8	-287.6914	0	0.7228982	0	0.6909546
7.679994	-298.8021	1.8	-287.8856	0	0.7289004	0	0.6846198
7.699994	-298.8632	1.8	-288.0787	0	0.7348469	0	0.678233
7.719994	-298.9275	1.8	-288.2707	0	0.7465718	0	0.6653049
7.739994	-298.9983	1.8	-288.4597	0	0.7523492	0	0.6587646
7.759994	-299.073	1.8	-288.6479	0	0.7580693	0	0.6521741
7.779994	-299.1508	1.8	-288.8349	0	0.7637316	0	0.645534
7.799994	-299.2317	1.8	-289.0206	0	0.7693358	0	0.6388447
7.819993	-299.3156	1.8	-289.2049	0	0.780368	0	0.6253206
7.839993	-299.4058	1.8	-289.3853	0	0.7857952	0	0.6184869
7.859993	-299.4996	1.8	-289.5648	0	0.7911626	0	0.6116061
7.879993	-299.5965	1.8	-289.7427	0	0.7964696	0	0.6046786
7.899993	-299.6963	1.8	-289.9189	0	0.801716	0	0.5977052
7.919993	-299.7991	1.8	-290.0933	0	0.8120253	0	0.5836223
7.939993	-299.9077	1.8	-290.2634	0	0.8170874	0	0.5765139
7.959993	-300.0032	1.8	-290.436	0	0.8220872	0	0.5693616
7.979993	-300.0577	1.8	-290.6228	0	0.8270245	0	0.562166
7.999993	-300.0575	1.8	-290.8317	0	0.8318987	0	0.5549275
8.019994	-299.9915	1.8	-291.0708	0	0.8414569	0	0.5403244
8.039994	-299.871	1.8	-291.3462	0	0.8461399	0	0.5329608
8.059995	-299.7683	1.8	-291.6138	0	0.8507586	0	0.5255567
8.079995	-299.6702	1.8	-291.8794	0	0.8553125	0	0.5181125
8.099996	-299.5732	1.8	-292.1429	0	0.8642246	0	0.5031063
8.119996	-299.4818	1.8	-292.4035	0	0.868582	0	0.4955454
8.139997	-299.3966	1.8	-292.6654	0	0.8728734	0	0.4879469
8.159997	-299.3183	1.8	-292.9291	0	0.8766717	0	0.4810891
8.179997	-299.2469	1.8	-293.1951	0	0.8800452	0	0.4748898
8.199998	-299.1819	1.8	-293.4633	0	0.8849918	0	0.4656065
8.219998	-299.1285	1.8	-293.7354	0	0.8866556	0	0.4624304
8.239999	-299.0784	1.8	-294.0099	0	0.8877415	0	0.4603424
8.259999	-299.017	1.8	-294.2659	0	0.8885332	0	0.4588124
8.28	-298.9443	1.8	-294.5038	0	0.8891781	0	0.4575613
8.3	-298.86	1.8	-294.7237	0	0.8902843	0	0.4554053
8.320001	-298.7532	1.8	-294.909	0	0.8908001	0	0.4543954
8.340001	-298.6446	1.8	-295.0895	0	0.8913062	0	0.4534019
8.360002	-298.5355	1.8	-295.2666	0	0.8918072	0	0.4524158
8.380002	-298.4273	1.8	-295.4413	0	0.8923048	0	0.4514336
8.400002	-298.3177	1.8	-295.6127	0	0.8932933	0	0.4494745
8.420003	-298.2014	1.8	-295.7771	0	0.8937851	0	0.4484957
8.440003	-298.0797	1.8	-295.9413	0	0.8942755	0	0.4475167
8.460004	-297.9564	1.8	-296.1061	0	0.8947654	0	0.4465366
8.480004	-297.8333	1.8	-296.2713	0	0.8952543	0	0.4455556
8.500005	-297.7106	1.8	-296.4368	0	0.896228	0	0.4435939
8.520005	-297.589	1.8	-296.6029	0	0.8967131	0	0.4426123
8.540006	-297.4673	1.8	-296.7692	0	0.8971974	0	0.4416299
8.560006	-297.346	1.8	-296.9357	0	0.8976811	0	0.4406458
8.580007	-297.2251	1.8	-297.1024	0	0.8986456	0	0.4386754
8.600007	-297.1053	1.8	-297.2699	0	0.8991266	0	0.4376887
8.620008	-296.9855	1.8	-297.4375	0	0.8996064	0	0.4367017
8.640008	-296.8661	1.8	-297.6053	0	0.9000851	0	0.4357143
8.660008	-296.747	1.8	-297.7734	0	0.9005628	0	0.434726
8.680009	-296.6283	1.8	-297.9418	0	0.9015156	0	0.4327468
8.700009	-296.5107	1.8	-298.1108	0	0.9019905	0	0.4317559
8.72001	-296.3931	1.8	-298.2799	0	0.9024642	0	0.4307649
8.74001	-296.2759	1.8	-298.4493	0	0.9029367	0	0.4297736
8.760011	-296.1591	1.8	-298.619	0	0.9034078	0	0.4287826
8.780011	-296.0403	1.8	-298.7831	0	0.9043455	0	0.4268014
8.800012	-295.9222	1.8	-298.9413	0	0.9048118	0	0.4258116
8.820012	-295.8026	1.8	-299.0956	0	0.905277	0	0.424822
8.840013	-295.6793	1.8	-299.2454	0	0.9057404	0	0.4238329
8.860013	-295.5509	1.8	-299.3912	0	0.906203	0	0.4228431
8.880013	-295.4102	1.8	-299.5208	0	0.9071247	0	0.420862
8.900014	-295.183	1.8	-299.5523	0	0.907584	0	0.4198708
8.920014	-294.9204	1.8	-299.5462	0	0.908042	0	0.4188793
8.940015	-294.6447	1.8	-299.5273	0	0.9084986	0	0.417888
8.960015	-294.3655	1.8	-299.506	0	0.9089541	0	0.4168963
8.980016	-294.0858	1.8	-299.485	0	0.9098622	0	0.4149106
9.000016	-293.8064	1.8	-299.4658	0	0.9103146	0	0.4139173
9.020017	-293.5266	1.8	-299.4467	0	0.910766	0	0.412923
9.040017	-293.2468	1.8	-299.4283	0	0.9112163	0	0.4119285
9.060018	-292.967	1.8	-299.4104	0	0.9116654	0	0.4109334
9.080018	-292.6872	1.8	-299.3931	0	0.9125602	0	0.4089425
9.100019	-292.4074	1.8	-299.3775	0	0.9130061	0	0.407946
9.120019	-292.1274	1.8	-299.3621	0	0.913451	0	0.4069488
9.140019	-291.8474	1.8	-299.3473	0	0.9138951	0	0.4059505
9.16002	-291.5674	1.8	-299.3331	0	0.9147809	0	0.4039504
9.18002	-291.2875	1.8	-299.3206	0	0.9152224	0	0.4029491
9.200021	-291.0074	1.8	-299.3082	0	0.9156626	0	0.4019477
9.220021	-290.7273	1.8	-299.2965	0	0.9161021	0	0.4009452
9.240022	-290.4471	1.8	-299.2853	0	0.9165406	0	0.3999417
9.260022	-290.1669	1.8	-299.2748	0	0.9174138	0	0.3979346
9.280023	-289.8869	1.8	-299.266	0	0.9178488	0	0.3969303
9.300023	-289.6066	1.8	-299.2573	0	0.9182827	0	0.3959254
9.320024	-289.3264	1.8	-299.2492	0	0.9187157	0	0.3949197
9.340024	-289.0461	1.8	-299.2418	0	0.9191475	0	0.3939135
9.360024	-288.7658	1.8	-299.2349	0	0.9200079	0	0.3919
9.380025	-288.512	1.8	-299.2534	0	0.9204364	0	0.3908924
9.400025	-288.272	1.8	-299.2866	0	0.9208636	0	0.3898851
9.420026	-288.044	1.8	-299.3321	0	0.9212896	0	0.3888772
9.440026	-287.823	1.8	-299.3841	0	0.9217144	0	0.3878694
9.460027	-287.6067	1.8	-299.4398	0	0.9225603	0	0.385853
9.480027	-287.3961	1.8	-299.4968	0	0.9229816	0	0.3848443
9.500028	-287.1879	1.8	-299.5568	0	0.9234017	0	0.3838351
9.520028	-286.9814	1.8	-299.6215	0	0.9238209	0	0.3828252
9.540029	-286.7752	1.8	-299.6906	0	0.9242389	0	0.381815
9.560029	-286.5686	1.8	-299.7627	0	0.9250721	0	0.3797915
9.580029	-286.3617	1.8	-299.8373	0	0.9254877	0	0.3787777
9.60003	-286.1551	1.8	-299.9116	0	0.9259024	0	0.3777629
9.62003	-285.9486	1.8	-299.9862	0	0.926316	0	0.3767476
9.640031	-285.7423	1.8	-300.0613	0	0.9267282	0	0.3757325
9.660031	-285.5362	1.8	-300.1369	0	0.9275492	0	0.3737011
9.680032	-285.3372	1.8	-300.2147	0	0.9279585	0	0.3726836
9.700032	-285.1425	1.8	-300.2948	0	0.9283668	0	0.3716653
9.720033	-284.9518	1.8	-300.3768	0	0.928774	0	0.3706467
9.740033	-284.7676	1.8	-300.4626	0	0.9295849	0	0.3686079
9.760034	-284.5905	1.8	-300.5496	0	0.9299889	0	0.3675877
9.780034	-284.4178	1.8	-300.6385	0	0.9303917	0	0.3665671
9.800035	-284.2511	1.8	-300.7317	0	0.930793	0	0.3655469
9.820035	-284.092	1.8	-300.8319	0	0.931193	0	0.3645267
9.840035	-283.942	1.8	-300.9418	0	0.9319894	0	0.3624857
9.860036	-283.8104	1.8	-301.0743	0	0.9323859	0	0.3614646
9.880036	-283.6859	1.8	-301.2183	0	0.9327815	0	0.3604425
9.900037	-283.5659	1.8	-301.3706	0	0.9331759	0	0.3594201
9.920037	-283.4481	1.8	-301.5281	0	0.9335694	0	0.3583969
9.940038	-283.331	1.8	-301.688	0	0.9343534	0	0.3563481
9.960038	-283.2151	1.8	-301.8495	0	0.9347439	0	0.355322
9.980039	-283.0992	1.8	-302.011	0	0.9351337	0	0.3542952
10.00004	-282.9835	1.8	-302.1724	0	0.9355223	0	0.3532679
10.02004	-282.8682	1.8	-302.3341	0	0.9359096	0	0.3522402
10.04004	-282.7532	1.8	-302.496	0	0.936296	0	0.3512118
10.06004	-282.6388	1.8	-302.6584	0	0.9370666	0	0.3491507
10.08004	-282.5252	1.8	-302.8213	0	0.9374506	0	0.3481182
10.10004	-282.4116	1.8	-302.9842	0	0.9378341	0	0.3470839
10.12004	-282.2984	1.8	-303.1474	0	0.9382167	0	0.3460483
10.14004	-282.1858	1.8	-303.311	0	0.9389788	0	0.3439751
10.16004	-282.0737	1.8	-303.475	0	0.9393584	0	0.3429372
10.18004	-281.9619	1.8	-303.6393	0	0.9397369	0	0.3418984
10.20004	-281.8506	1.8	-303.8037	0	0.9401144	0	0.340859
10.22004	-281.7395	1.8	-303.9684	0	0.9404908	0	0.3398191
10.24004	-281.6288	1.8	-304.1333	0	0.9412396	0	0.3377397
10.26005	-281.5195	1.8	-304.2989	0	0.9416121	0	0.3366997
10.28005	-281.4099	1.8	-304.4645	0	0.9419835	0	0.3356591
10.30005	-281.3009	1.8	-304.6306	0	0.9423537	0	0.3346187
10.32005	-281.192	1.8	-304.7967	0	0.9427224	0	0.3335786
10.34005	-281.0838	1.8	-304.9632	0	0.9434558	0	0.3314985
10.36005	-280.9764	1.8	-305.1303	0	0.9438206	0	0.3304585
10.38005	-280.869	1.8	-305.2974	0	0.944184	0	0.3294188
#Walking Trial Way Points#
#TimeStamp#	#WayPonitX#	#WayPonitY#	#WayPonitZ#	#OrientationX#	#OrientationY#	#OrientationZ#	#OrientationW#	
0	-302.3846	1.8	-315.3969	0	0	0	0
5.359996	-302.3846	1.8	-275.3969	0	0	0	0
10.40005	-278.8731	1.8	-307.7576	0	0	0	0
